NP_001011565.1	XP_006562311.2	29.231	65	39	2	343	403	907	968	0.022	27.7
NP_001011565.1	XP_006562310.2	29.231	65	39	2	343	403	907	968	0.022	27.7
NP_001011565.1	XP_006562308.2	29.231	65	39	2	343	403	1105	1166	0.022	27.7
NP_001011565.1	XP_016771028.2	29.231	65	39	2	343	403	769	830	0.022	27.7
NP_001011565.1	XP_016771029.2	29.231	65	39	2	343	403	705	766	0.023	27.7
NP_001011611.2	NP_001011611.2	100.000	50	0	0	1	50	1	50	3.68e-34	101
NP_001011611.2	NP_001011612.1	56.000	50	18	2	1	50	1	46	3.05e-14	51.2
NP_001011612.1	NP_001011612.1	100.000	46	0	0	1	46	1	46	3.11e-32	96.7
NP_001011612.1	NP_001011611.2	56.000	50	18	2	1	46	1	50	2.81e-14	51.2
NP_001071292.1	XP_016771021.1	33.333	477	270	13	78	519	23	486	2.56e-76	247
NP_001071292.1	XP_016771020.1	33.333	477	270	13	78	519	23	486	2.56e-76	247
NP_001264230.1	XP_016771021.1	37.255	51	29	1	713	763	488	535	0.028	29.6
NP_001264230.1	XP_016771020.1	37.255	51	29	1	713	763	488	535	0.028	29.6
XP_001119928.2	XP_016771028.2	50.000	24	12	0	470	493	799	822	0.045	26.6
XP_001119928.2	XP_016771029.2	50.000	24	12	0	470	493	735	758	0.046	26.6
XP_001119928.2	XP_006562308.2	50.000	24	12	0	470	493	1135	1158	0.049	26.6
XP_001119928.2	XP_006562311.2	50.000	24	12	0	470	493	937	960	0.050	26.6
XP_001119928.2	XP_006562310.2	50.000	24	12	0	470	493	937	960	0.050	26.6
XP_001120217.1	XP_016771021.1	24.638	69	50	1	8	76	278	344	0.005	28.1
XP_001120217.1	XP_016771020.1	24.638	69	50	1	8	76	278	344	0.005	28.1
XP_001120484.2	XP_016771021.1	27.273	88	50	5	134	219	400	475	0.008	28.9
XP_001120484.2	XP_016771020.1	27.273	88	50	5	134	219	400	475	0.008	28.9
XP_001120608.2	XP_006562308.2	26.415	53	38	1	74	126	753	804	0.042	24.6
XP_001120608.2	XP_016771028.2	26.415	53	38	1	74	126	417	468	0.046	24.6
XP_001121809.2	XP_016771028.2	25.000	72	54	0	63	134	1319	1390	0.014	26.9
XP_001121809.2	XP_016771029.2	25.000	72	54	0	63	134	1255	1326	0.014	26.6
XP_001121809.2	XP_006562311.2	25.000	72	54	0	63	134	1457	1528	0.015	26.6
XP_001121809.2	XP_006562310.2	25.000	72	54	0	63	134	1457	1528	0.015	26.6
XP_001121809.2	XP_006562308.2	25.000	72	54	0	63	134	1655	1726	0.017	26.6
XP_001121900.1	XP_006562308.2	29.808	104	67	2	81	181	1331	1431	0.031	27.3
XP_001121900.1	XP_006562311.2	29.808	104	67	2	81	181	1133	1233	0.042	26.9
XP_001121900.1	XP_006562310.2	29.808	104	67	2	81	181	1133	1233	0.042	26.9
XP_001121937.1	XP_006562308.2	35.417	48	26	2	273	317	1746	1791	0.019	27.3
XP_001121937.1	XP_006562311.2	35.417	48	26	2	273	317	1548	1593	0.020	27.3
XP_001121937.1	XP_006562310.2	35.417	48	26	2	273	317	1548	1593	0.020	27.3
XP_001121937.1	XP_016771029.2	35.417	48	26	2	273	317	1346	1391	0.028	26.9
XP_001121937.1	XP_016771028.2	35.417	48	26	2	273	317	1410	1455	0.030	26.9
XP_001122084.3	XP_016771021.1	25.000	104	69	2	452	550	444	543	0.032	29.3
XP_001122084.3	XP_016771020.1	25.000	104	69	2	452	550	444	543	0.032	29.3
XP_001123277.1	XP_016771029.2	42.857	21	12	0	83	103	1734	1754	0.013	25.0
XP_001123277.1	XP_016771028.2	42.857	21	12	0	83	103	1798	1818	0.013	25.0
XP_001123277.1	XP_006562311.2	42.857	21	12	0	83	103	1936	1956	0.013	25.0
XP_001123277.1	XP_006562310.2	42.857	21	12	0	83	103	1936	1956	0.013	25.0
XP_001123277.1	XP_006562308.2	42.857	21	12	0	83	103	2134	2154	0.013	25.0
XP_003249300.1	XP_006562308.2	28.846	52	33	2	24	72	1545	1595	7.95e-04	29.6
XP_003249300.1	XP_006562311.2	28.846	52	33	2	24	72	1347	1397	8.45e-04	29.6
XP_003249300.1	XP_006562310.2	28.846	52	33	2	24	72	1347	1397	8.45e-04	29.6
XP_003249300.1	XP_016771028.2	28.846	52	33	2	24	72	1209	1259	0.001	29.3
XP_003249300.1	XP_016771029.2	28.846	52	33	2	24	72	1145	1195	0.001	29.3
XP_003250344.2	XP_006562308.2	28.333	60	40	1	198	257	249	305	0.042	26.2
XP_003250344.2	XP_006562311.2	28.333	60	40	1	198	257	30	86	0.043	26.2
XP_003250344.2	XP_006562310.2	28.333	60	40	1	198	257	30	86	0.043	26.2
XP_003251314.2	XP_006562311.2	29.268	41	29	0	393	433	788	828	0.046	27.3
XP_003251314.2	XP_006562310.2	29.268	41	29	0	393	433	788	828	0.046	27.3
XP_003251314.2	XP_016771028.2	29.268	41	29	0	393	433	650	690	0.048	27.3
XP_003251314.2	XP_016771029.2	29.268	41	29	0	393	433	586	626	0.048	27.3
XP_003251314.2	XP_006562308.2	29.268	41	29	0	393	433	986	1026	0.049	27.3
XP_003251750.1	XP_006562308.2	27.350	117	80	4	273	386	331	445	8.10e-05	36.6
XP_003251750.1	XP_006562311.2	27.350	117	80	4	273	386	112	226	9.86e-05	36.2
XP_003251750.1	XP_006562310.2	27.350	117	80	4	273	386	112	226	9.86e-05	36.2
XP_006557697.1	XP_016771028.2	56.250	16	7	0	457	472	104	119	0.036	26.9
XP_006557698.1	XP_016771028.2	56.250	16	7	0	457	472	104	119	0.036	26.9
XP_006557700.1	XP_016771028.2	56.250	16	7	0	456	471	104	119	0.036	26.9
XP_006557701.1	XP_016771028.2	56.250	16	7	0	452	467	104	119	0.039	26.6
XP_006557702.1	XP_016771028.2	56.250	16	7	0	451	466	104	119	0.036	26.9
XP_006559001.1	XP_016771021.1	26.506	83	46	2	494	576	322	389	6.53e-04	32.7
XP_006559001.1	XP_016771020.1	26.506	83	46	2	494	576	322	389	6.53e-04	32.7
XP_006559231.1	XP_006562308.2	23.478	115	73	3	421	521	415	528	0.011	28.9
XP_006559231.1	XP_006562311.2	23.478	115	73	3	421	521	196	309	0.012	28.5
XP_006559231.1	XP_006562310.2	23.478	115	73	3	421	521	196	309	0.012	28.5
XP_006560031.3	XP_006562311.2	21.495	107	70	1	184	276	208	314	0.006	28.5
XP_006560031.3	XP_006562310.2	21.495	107	70	1	184	276	208	314	0.006	28.5
XP_006560078.2	XP_006562311.2	29.630	108	60	4	538	630	367	473	0.006	30.8
XP_006560078.2	XP_006562310.2	29.630	108	60	4	538	630	367	473	0.006	30.8
XP_006560078.2	XP_016771029.2	31.646	79	43	3	538	606	165	242	0.007	30.4
XP_006560078.2	XP_016771028.2	31.646	79	43	3	538	606	229	306	0.010	30.4
XP_006560084.1	XP_006562311.2	31.081	74	38	3	10	74	669	738	0.025	27.3
XP_006560084.1	XP_006562310.2	31.081	74	38	3	10	74	669	738	0.025	27.3
XP_006560084.1	XP_006562308.2	31.081	74	38	3	10	74	867	936	0.027	27.3
XP_006560084.1	XP_016771028.2	31.081	74	38	3	10	74	531	600	0.032	26.9
XP_006560084.1	XP_016771029.2	31.081	74	38	3	10	74	467	536	0.034	26.9
XP_006560086.1	XP_006562311.2	31.081	74	38	3	10	74	669	738	0.022	27.3
XP_006560086.1	XP_006562310.2	31.081	74	38	3	10	74	669	738	0.022	27.3
XP_006560086.1	XP_006562308.2	31.081	74	38	3	10	74	867	936	0.025	27.3
XP_006560086.1	XP_016771028.2	31.081	74	38	3	10	74	531	600	0.029	26.9
XP_006560086.1	XP_016771029.2	31.081	74	38	3	10	74	467	536	0.030	26.9
XP_006560244.2	XP_016771029.2	27.869	61	39	1	1098	1158	1517	1572	0.037	29.6
XP_006560244.2	XP_016771028.2	27.869	61	39	1	1098	1158	1581	1636	0.037	29.6
XP_006560522.1	XP_006562308.2	28.571	273	145	13	630	869	272	527	2.99e-18	81.3
XP_006560522.1	XP_006562311.2	28.571	273	145	13	630	869	53	308	4.27e-18	80.9
XP_006560522.1	XP_006562310.2	28.571	273	145	13	630	869	53	308	4.27e-18	80.9
XP_006560524.1	XP_006562308.2	28.571	273	145	13	630	869	272	527	2.99e-18	81.3
XP_006560524.1	XP_006562311.2	28.571	273	145	13	630	869	53	308	4.27e-18	80.9
XP_006560524.1	XP_006562310.2	28.571	273	145	13	630	869	53	308	4.27e-18	80.9
XP_006560646.1	XP_006562308.2	25.517	145	92	6	1020	1158	1010	1144	0.001	33.5
XP_006560646.1	XP_006562311.2	25.517	145	92	6	1020	1158	812	946	0.002	33.5
XP_006560646.1	XP_006562310.2	25.517	145	92	6	1020	1158	812	946	0.002	33.5
XP_006560646.1	XP_016771029.2	25.517	145	92	6	1020	1158	610	744	0.002	32.7
XP_006560646.1	XP_016771028.2	25.517	145	92	6	1020	1158	674	808	0.002	32.7
XP_006560647.1	XP_006562308.2	25.517	145	92	6	1020	1158	1010	1144	0.001	33.5
XP_006560647.1	XP_006562311.2	25.517	145	92	6	1020	1158	812	946	0.002	33.5
XP_006560647.1	XP_006562310.2	25.517	145	92	6	1020	1158	812	946	0.002	33.5
XP_006560647.1	XP_016771029.2	25.517	145	92	6	1020	1158	610	744	0.002	32.7
XP_006560647.1	XP_016771028.2	25.517	145	92	6	1020	1158	674	808	0.002	32.7
XP_006560648.1	XP_006562311.2	25.517	145	92	6	1013	1151	812	946	0.002	33.5
XP_006560648.1	XP_006562310.2	25.517	145	92	6	1013	1151	812	946	0.002	33.5
XP_006560648.1	XP_006562308.2	25.517	145	92	6	1013	1151	1010	1144	0.002	33.5
XP_006560648.1	XP_016771029.2	25.517	145	92	6	1013	1151	610	744	0.002	33.1
XP_006560648.1	XP_016771028.2	25.517	145	92	6	1013	1151	674	808	0.002	33.1
XP_006560861.1	XP_016771029.2	24.468	94	56	3	440	518	1481	1574	0.041	27.7
XP_006560861.1	XP_006562311.2	24.468	94	56	3	440	518	1683	1776	0.045	27.7
XP_006560861.1	XP_006562310.2	24.468	94	56	3	440	518	1683	1776	0.045	27.7
XP_006560861.1	XP_016771028.2	24.468	94	56	3	440	518	1545	1638	0.046	27.7
XP_006561225.1	XP_016771021.1	41.379	29	17	0	239	267	282	310	0.016	28.9
XP_006561225.1	XP_016771020.1	41.379	29	17	0	239	267	282	310	0.016	28.9
XP_006561225.1	XP_016771029.2	30.612	49	24	1	404	452	1524	1562	0.039	27.7
XP_006561225.1	XP_016771028.2	30.612	49	24	1	404	452	1588	1626	0.039	27.7
XP_006561225.1	XP_006562308.2	30.612	49	24	1	404	452	1924	1962	0.042	27.7
XP_006561225.1	XP_006562311.2	30.612	49	24	1	404	452	1726	1764	0.048	27.3
XP_006561315.1	XP_006562311.2	39.583	48	29	0	55	102	1784	1831	0.044	28.1
XP_006561315.1	XP_006562310.2	39.583	48	29	0	55	102	1784	1831	0.044	28.1
XP_006561315.1	XP_006562308.2	39.583	48	29	0	55	102	1982	2029	0.046	28.1
XP_006561447.1	XP_006562308.2	27.985	268	141	9	73	303	275	527	2.63e-18	77.4
XP_006561447.1	XP_006562311.2	27.985	268	141	9	73	303	56	308	2.77e-18	77.4
XP_006561447.1	XP_006562310.2	27.985	268	141	9	73	303	56	308	2.77e-18	77.4
XP_006561676.1	XP_006562308.2	29.808	104	67	2	81	181	1331	1431	0.031	27.3
XP_006561676.1	XP_006562311.2	29.808	104	67	2	81	181	1133	1233	0.039	26.9
XP_006561676.1	XP_006562310.2	29.808	104	67	2	81	181	1133	1233	0.039	26.9
XP_006561898.2	XP_016771029.2	25.175	143	87	6	460	591	1541	1674	0.012	30.4
XP_006561898.2	XP_016771028.2	25.175	143	87	6	460	591	1605	1738	0.013	30.0
XP_006561898.2	XP_006562311.2	25.175	143	87	6	460	591	1743	1876	0.020	29.6
XP_006561898.2	XP_006562310.2	25.175	143	87	6	460	591	1743	1876	0.020	29.6
XP_006561898.2	XP_006562308.2	25.175	143	87	6	460	591	1941	2074	0.021	29.6
XP_006561900.2	XP_016771029.2	25.175	143	87	6	389	520	1541	1674	0.014	30.0
XP_006561900.2	XP_016771028.2	25.175	143	87	6	389	520	1605	1738	0.014	30.0
XP_006561900.2	XP_006562311.2	25.175	143	87	6	389	520	1743	1876	0.019	29.6
XP_006561900.2	XP_006562310.2	25.175	143	87	6	389	520	1743	1876	0.019	29.6
XP_006561900.2	XP_006562308.2	25.180	139	84	6	389	516	1941	2070	0.025	29.3
XP_006562308.2	XP_006562308.2	100.000	2263	0	0	1	2263	1	2263	0.0	4641
XP_006562308.2	XP_006562311.2	98.969	2036	0	1	249	2263	30	2065	0.0	4105
XP_006562308.2	XP_006562310.2	98.969	2036	0	1	249	2263	30	2065	0.0	4105
XP_006562308.2	XP_016771029.2	98.652	1781	2	2	505	2263	83	1863	0.0	3530
XP_006562308.2	XP_016771028.2	98.682	1745	2	1	540	2263	183	1927	0.0	3459
XP_006562310.2	XP_006562311.2	100.000	2065	0	0	1	2065	1	2065	0.0	4232
XP_006562310.2	XP_006562310.2	100.000	2065	0	0	1	2065	1	2065	0.0	4232
XP_006562310.2	XP_006562308.2	98.969	2036	0	1	30	2065	249	2263	0.0	4105
XP_006562310.2	XP_016771029.2	99.832	1781	2	1	286	2065	83	1863	0.0	3596
XP_006562310.2	XP_016771028.2	99.885	1745	2	0	321	2065	183	1927	0.0	3526
XP_006562311.2	XP_006562311.2	100.000	2065	0	0	1	2065	1	2065	0.0	4232
XP_006562311.2	XP_006562310.2	100.000	2065	0	0	1	2065	1	2065	0.0	4232
XP_006562311.2	XP_006562308.2	98.969	2036	0	1	30	2065	249	2263	0.0	4105
XP_006562311.2	XP_016771029.2	99.832	1781	2	1	286	2065	83	1863	0.0	3596
XP_006562311.2	XP_016771028.2	99.885	1745	2	0	321	2065	183	1927	0.0	3526
XP_006562356.1	XP_016771029.2	30.159	63	44	0	1049	1111	1270	1332	0.038	28.9
XP_006562356.1	XP_016771028.2	30.159	63	44	0	1049	1111	1334	1396	0.041	28.9
XP_006562357.1	XP_016771029.2	30.159	63	44	0	1049	1111	1270	1332	0.035	28.9
XP_006562357.1	XP_016771028.2	30.159	63	44	0	1049	1111	1334	1396	0.038	28.9
XP_006562358.1	XP_016771029.2	30.159	63	44	0	1049	1111	1270	1332	0.045	28.1
XP_006562358.1	XP_016771028.2	30.159	63	44	0	1049	1111	1334	1396	0.049	28.1
XP_006563518.1	XP_006562311.2	29.167	72	48	1	279	350	432	500	2.08e-04	34.7
XP_006563518.1	XP_006562310.2	29.167	72	48	1	279	350	432	500	2.08e-04	34.7
XP_006563518.1	XP_016771028.2	29.167	72	48	1	279	350	294	362	0.007	29.6
XP_006563518.1	XP_016771029.2	29.167	72	48	1	279	350	230	298	0.008	29.6
XP_006563519.1	XP_006562311.2	28.767	73	48	2	274	346	432	500	0.005	30.4
XP_006563519.1	XP_006562310.2	28.767	73	48	2	274	346	432	500	0.005	30.4
XP_006563521.1	XP_006562311.2	28.767	73	48	2	279	351	432	500	0.004	30.4
XP_006563521.1	XP_006562310.2	28.767	73	48	2	279	351	432	500	0.004	30.4
XP_006563633.2	XP_016771028.2	26.415	53	38	1	73	125	417	468	0.045	24.6
XP_006563820.2	XP_016771021.1	25.000	104	69	2	452	550	444	543	0.030	29.3
XP_006563820.2	XP_016771020.1	25.000	104	69	2	452	550	444	543	0.030	29.3
XP_006563821.2	XP_016771021.1	25.000	104	69	2	452	550	444	543	0.031	29.3
XP_006563821.2	XP_016771020.1	25.000	104	69	2	452	550	444	543	0.031	29.3
XP_006563852.2	XP_006562308.2	28.333	60	40	1	198	257	249	305	0.036	26.2
XP_006563852.2	XP_006562311.2	28.333	60	40	1	198	257	30	86	0.039	26.2
XP_006563852.2	XP_006562310.2	28.333	60	40	1	198	257	30	86	0.039	26.2
XP_006563853.2	XP_006562308.2	28.333	60	40	1	144	203	249	305	0.017	26.9
XP_006563853.2	XP_006562311.2	28.333	60	40	1	144	203	30	86	0.018	26.9
XP_006563853.2	XP_006562310.2	28.333	60	40	1	144	203	30	86	0.018	26.9
XP_006563855.1	XP_006562308.2	27.869	61	41	1	198	258	249	306	0.011	27.7
XP_006563855.1	XP_006562311.2	27.869	61	41	1	198	258	30	87	0.012	27.3
XP_006563855.1	XP_006562310.2	27.869	61	41	1	198	258	30	87	0.012	27.3
XP_006563988.3	XP_006562308.2	24.779	226	137	7	181	378	283	503	7.79e-13	62.8
XP_006563988.3	XP_006562311.2	24.779	226	137	7	181	378	64	284	1.47e-12	62.0
XP_006563988.3	XP_006562310.2	24.779	226	137	7	181	378	64	284	1.47e-12	62.0
XP_006564812.1	XP_016771028.2	32.558	43	27	1	23	63	1461	1503	0.033	25.0
XP_006566002.1	XP_016771028.2	41.463	41	21	2	287	325	1794	1833	0.016	28.9
XP_006566002.1	XP_016771029.2	41.463	41	21	2	287	325	1730	1769	0.016	28.9
XP_006566002.1	XP_006562311.2	41.463	41	21	2	287	325	1932	1971	0.020	28.5
XP_006566002.1	XP_006562310.2	41.463	41	21	2	287	325	1932	1971	0.020	28.5
XP_006566002.1	XP_006562308.2	41.463	41	21	2	287	325	2130	2169	0.020	28.5
XP_006566372.1	XP_006562308.2	35.417	48	26	2	353	397	1746	1791	0.032	26.9
XP_006566372.1	XP_006562311.2	35.417	48	26	2	353	397	1548	1593	0.035	26.9
XP_006566372.1	XP_006562310.2	35.417	48	26	2	353	397	1548	1593	0.035	26.9
XP_006566897.1	XP_006562308.2	34.615	52	27	2	30	81	1887	1931	0.032	25.4
XP_006566897.1	XP_006562311.2	34.615	52	27	2	30	81	1689	1733	0.042	25.0
XP_006566897.1	XP_006562310.2	34.615	52	27	2	30	81	1689	1733	0.042	25.0
XP_006567533.1	NP_001011611.2	38.462	26	16	0	20	45	24	49	0.016	25.8
XP_006568264.1	XP_016771021.1	27.027	37	27	0	81	117	449	485	0.039	24.3
XP_006568264.1	XP_016771020.1	27.027	37	27	0	81	117	449	485	0.039	24.3
XP_006568414.1	XP_016771021.1	37.500	40	24	1	510	548	277	316	0.016	28.5
XP_006568414.1	XP_016771020.1	37.500	40	24	1	510	548	277	316	0.016	28.5
XP_006568415.1	XP_016771021.1	37.500	40	24	1	504	542	277	316	0.016	28.5
XP_006568415.1	XP_016771020.1	37.500	40	24	1	504	542	277	316	0.016	28.5
XP_006568802.1	XP_006562308.2	21.970	264	145	12	233	474	271	495	0.005	30.0
XP_006568802.1	XP_006562311.2	21.970	264	145	12	233	474	52	276	0.006	29.6
XP_006568802.1	XP_006562310.2	21.970	264	145	12	233	474	52	276	0.006	29.6
XP_006568872.1	NP_001011611.2	47.059	17	9	0	104	120	16	32	0.039	23.5
XP_006568986.2	XP_006562311.2	29.268	41	29	0	393	433	788	828	0.040	27.7
XP_006568986.2	XP_006562310.2	29.268	41	29	0	393	433	788	828	0.040	27.7
XP_006568986.2	XP_016771028.2	29.268	41	29	0	393	433	650	690	0.041	27.3
XP_006568986.2	XP_006562308.2	29.268	41	29	0	393	433	986	1026	0.042	27.3
XP_006568986.2	XP_016771029.2	29.268	41	29	0	393	433	586	626	0.042	27.3
XP_006568987.2	XP_006562311.2	29.268	41	29	0	393	433	788	828	0.038	27.7
XP_006568987.2	XP_006562310.2	29.268	41	29	0	393	433	788	828	0.038	27.7
XP_006568987.2	XP_016771028.2	29.268	41	29	0	393	433	650	690	0.039	27.7
XP_006568987.2	XP_016771029.2	29.268	41	29	0	393	433	586	626	0.041	27.3
XP_006568987.2	XP_006562308.2	29.268	41	29	0	393	433	986	1026	0.043	27.3
XP_006569033.1	XP_016771028.2	29.487	78	50	3	667	741	130	205	0.024	28.5
XP_006569198.1	XP_016771029.2	31.429	35	24	0	29	63	1407	1441	0.011	26.2
XP_006569198.1	XP_016771028.2	31.429	35	24	0	29	63	1471	1505	0.011	26.2
XP_006569198.1	XP_006562311.2	31.429	35	24	0	29	63	1609	1643	0.011	26.2
XP_006569198.1	XP_006562310.2	31.429	35	24	0	29	63	1609	1643	0.011	26.2
XP_006569198.1	XP_006562308.2	31.429	35	24	0	29	63	1807	1841	0.011	26.2
XP_006569593.1	XP_006562311.2	25.556	270	168	8	93	337	56	317	1.57e-19	83.6
XP_006569593.1	XP_006562310.2	25.556	270	168	8	93	337	56	317	1.57e-19	83.6
XP_006569593.1	XP_006562308.2	25.556	270	168	8	93	337	275	536	1.96e-19	83.2
XP_006569594.1	XP_006562311.2	25.940	266	154	9	93	319	56	317	7.15e-19	81.3
XP_006569594.1	XP_006562310.2	25.940	266	154	9	93	319	56	317	7.15e-19	81.3
XP_006569594.1	XP_006562308.2	25.940	266	154	9	93	319	275	536	9.91e-19	80.9
XP_006569676.1	XP_016771021.1	30.233	129	77	3	737	853	8	135	1.09e-10	55.8
XP_006569676.1	XP_016771021.1	28.205	78	50	2	581	656	68	141	7.95e-05	37.0
XP_006569676.1	XP_016771020.1	30.233	129	77	3	737	853	8	135	1.09e-10	55.8
XP_006569676.1	XP_016771020.1	28.205	78	50	2	581	656	68	141	7.95e-05	37.0
XP_006569677.1	XP_016771021.1	30.233	129	77	3	737	853	8	135	1.09e-10	55.8
XP_006569677.1	XP_016771021.1	28.205	78	50	2	581	656	68	141	7.95e-05	37.0
XP_006569677.1	XP_016771020.1	30.233	129	77	3	737	853	8	135	1.09e-10	55.8
XP_006569677.1	XP_016771020.1	28.205	78	50	2	581	656	68	141	7.95e-05	37.0
XP_006569678.1	XP_016771021.1	30.233	129	77	3	737	853	8	135	1.26e-10	55.8
XP_006569678.1	XP_016771021.1	28.205	78	50	2	581	656	68	141	1.01e-04	36.6
XP_006569678.1	XP_016771020.1	30.233	129	77	3	737	853	8	135	1.26e-10	55.8
XP_006569678.1	XP_016771020.1	28.205	78	50	2	581	656	68	141	1.01e-04	36.6
XP_006569679.1	XP_016771021.1	30.233	129	77	3	605	721	8	135	2.59e-10	54.7
XP_006569679.1	XP_016771021.1	28.205	78	50	2	449	524	68	141	1.05e-04	36.2
XP_006569679.1	XP_016771020.1	30.233	129	77	3	605	721	8	135	2.59e-10	54.7
XP_006569679.1	XP_016771020.1	28.205	78	50	2	449	524	68	141	1.05e-04	36.2
XP_006571255.1	XP_016771021.1	47.059	17	9	0	106	122	184	200	0.040	24.6
XP_006571255.1	XP_016771020.1	47.059	17	9	0	106	122	184	200	0.040	24.6
XP_006571527.1	XP_016771021.1	22.535	142	82	5	401	532	307	430	0.010	30.0
XP_006571527.1	XP_016771020.1	22.535	142	82	5	401	532	307	430	0.010	30.0
XP_006572199.1	XP_006562308.2	32.353	34	22	1	82	114	169	202	0.030	27.3
XP_016766340.1	XP_016771021.1	45.161	31	17	0	34	64	623	653	0.021	24.6
XP_016766340.1	XP_016771020.1	45.161	31	17	0	34	64	623	653	0.021	24.6
XP_016766345.1	XP_016771021.1	45.161	31	17	0	34	64	623	653	0.016	24.6
XP_016766345.1	XP_016771020.1	45.161	31	17	0	34	64	623	653	0.016	24.6
XP_016766731.1	XP_016771028.2	26.316	57	38	2	77	130	1349	1404	0.043	26.6
XP_016766731.1	XP_016771029.2	26.316	57	38	2	77	130	1285	1340	0.048	26.2
XP_016766732.1	XP_016771028.2	25.424	59	40	2	49	104	1349	1406	0.033	26.6
XP_016766732.1	XP_016771029.2	25.424	59	40	2	49	104	1285	1342	0.038	26.6
XP_016766732.1	XP_006562308.2	25.424	59	40	2	49	104	1685	1742	0.040	26.6
XP_016766732.1	XP_006562311.2	25.424	59	40	2	49	104	1487	1544	0.042	26.2
XP_016766732.1	XP_006562310.2	25.424	59	40	2	49	104	1487	1544	0.042	26.2
XP_016766733.1	XP_016771028.2	25.424	59	40	2	49	104	1349	1406	0.033	26.6
XP_016766733.1	XP_016771029.2	25.424	59	40	2	49	104	1285	1342	0.038	26.6
XP_016766733.1	XP_006562308.2	25.424	59	40	2	49	104	1685	1742	0.040	26.6
XP_016766733.1	XP_006562311.2	25.424	59	40	2	49	104	1487	1544	0.042	26.2
XP_016766733.1	XP_006562310.2	25.424	59	40	2	49	104	1487	1544	0.042	26.2
XP_016766734.1	XP_016771028.2	25.424	59	40	2	49	104	1349	1406	0.033	26.6
XP_016766734.1	XP_016771029.2	25.424	59	40	2	49	104	1285	1342	0.038	26.6
XP_016766734.1	XP_006562308.2	25.424	59	40	2	49	104	1685	1742	0.040	26.6
XP_016766734.1	XP_006562311.2	25.424	59	40	2	49	104	1487	1544	0.042	26.2
XP_016766734.1	XP_006562310.2	25.424	59	40	2	49	104	1487	1544	0.042	26.2
XP_016766910.1	XP_006562308.2	28.571	273	145	13	630	869	272	527	2.99e-18	81.3
XP_016766910.1	XP_006562311.2	28.571	273	145	13	630	869	53	308	4.27e-18	80.9
XP_016766910.1	XP_006562310.2	28.571	273	145	13	630	869	53	308	4.27e-18	80.9
XP_016766933.1	XP_016771029.2	32.967	91	49	4	344	431	1464	1545	0.040	27.3
XP_016766933.1	XP_016771028.2	32.967	91	49	4	344	431	1528	1609	0.049	26.9
XP_016767184.1	XP_006562308.2	20.175	228	143	8	298	506	282	489	6.65e-06	39.7
XP_016767184.1	XP_006562311.2	21.168	137	91	4	387	506	134	270	7.97e-06	39.3
XP_016767184.1	XP_006562310.2	21.168	137	91	4	387	506	134	270	7.97e-06	39.3
XP_016767937.1	XP_006562308.2	30.693	202	119	6	97	277	283	484	6.19e-23	90.1
XP_016767937.1	XP_006562311.2	30.693	202	119	6	97	277	64	265	1.07e-22	89.4
XP_016767937.1	XP_006562310.2	30.693	202	119	6	97	277	64	265	1.07e-22	89.4
XP_016768600.1	XP_006562308.2	23.478	115	73	3	421	521	415	528	0.011	28.9
XP_016768600.1	XP_006562311.2	23.478	115	73	3	421	521	196	309	0.012	28.5
XP_016768600.1	XP_006562310.2	23.478	115	73	3	421	521	196	309	0.012	28.5
XP_016768895.2	XP_006562308.2	28.333	60	40	1	191	250	249	305	0.029	26.6
XP_016768895.2	XP_006562311.2	28.333	60	40	1	191	250	30	86	0.030	26.6
XP_016768895.2	XP_006562310.2	28.333	60	40	1	191	250	30	86	0.030	26.6
XP_016768896.2	XP_006562308.2	28.333	60	40	1	144	203	249	305	0.017	26.9
XP_016768896.2	XP_006562311.2	28.333	60	40	1	144	203	30	86	0.018	26.9
XP_016768896.2	XP_006562310.2	28.333	60	40	1	144	203	30	86	0.018	26.9
XP_016769146.1	XP_006562308.2	34.615	52	27	2	56	107	1887	1931	0.034	25.4
XP_016769146.1	XP_006562311.2	34.615	52	27	2	56	107	1689	1733	0.042	25.0
XP_016769146.1	XP_006562310.2	34.615	52	27	2	56	107	1689	1733	0.042	25.0
XP_016769230.1	XP_016771028.2	25.301	83	50	2	104	185	238	309	1.74e-04	32.3
XP_016769230.1	XP_016771029.2	25.301	83	50	2	104	185	174	245	1.78e-04	32.3
XP_016769230.1	XP_006562311.2	25.301	83	50	2	104	185	376	447	1.94e-04	32.3
XP_016769230.1	XP_006562310.2	25.301	83	50	2	104	185	376	447	1.94e-04	32.3
XP_016769230.1	XP_006562308.2	27.692	65	35	2	104	167	595	648	0.006	27.7
XP_016769231.1	XP_006562311.2	25.301	83	50	2	79	160	376	447	2.09e-04	32.0
XP_016769231.1	XP_006562310.2	25.301	83	50	2	79	160	376	447	2.09e-04	32.0
XP_016769231.1	XP_016771029.2	25.301	83	50	2	79	160	174	245	2.16e-04	32.0
XP_016769231.1	XP_016771028.2	25.301	83	50	2	79	160	238	309	2.18e-04	32.0
XP_016769231.1	XP_006562308.2	27.692	65	35	2	79	142	595	648	0.005	27.7
XP_016769670.2	XP_016771029.2	25.175	143	87	6	460	591	1541	1674	0.012	30.4
XP_016769670.2	XP_016771028.2	25.175	143	87	6	460	591	1605	1738	0.013	30.0
XP_016769670.2	XP_006562311.2	25.175	143	87	6	460	591	1743	1876	0.020	29.6
XP_016769670.2	XP_006562310.2	25.175	143	87	6	460	591	1743	1876	0.020	29.6
XP_016769670.2	XP_006562308.2	25.175	143	87	6	460	591	1941	2074	0.021	29.6
XP_016769781.1	XP_016771021.1	29.730	37	26	0	88	124	415	451	0.011	26.2
XP_016769781.1	XP_016771020.1	29.730	37	26	0	88	124	415	451	0.011	26.2
XP_016770068.1	XP_016771029.2	32.308	65	38	3	25	85	1287	1349	0.015	27.3
XP_016770068.1	XP_016771028.2	32.308	65	38	3	25	85	1351	1413	0.015	27.3
XP_016770068.1	XP_006562308.2	32.308	65	38	3	25	85	1687	1749	0.017	26.9
XP_016770068.1	XP_006562311.2	32.308	65	38	3	25	85	1489	1551	0.018	26.9
XP_016770068.1	XP_006562310.2	32.308	65	38	3	25	85	1489	1551	0.018	26.9
XP_016770178.2	XP_006562308.2	20.225	178	119	6	203	368	347	513	4.78e-04	32.7
XP_016770178.2	XP_006562311.2	20.339	177	118	6	203	367	128	293	7.89e-04	32.0
XP_016770178.2	XP_006562310.2	20.339	177	118	6	203	367	128	293	7.89e-04	32.0
XP_016770184.2	XP_006562308.2	20.225	178	119	6	202	367	347	513	5.19e-04	32.7
XP_016770184.2	XP_006562311.2	20.339	177	118	6	202	366	128	293	7.86e-04	32.0
XP_016770184.2	XP_006562310.2	20.339	177	118	6	202	366	128	293	7.86e-04	32.0
XP_016770327.1	XP_006562308.2	35.417	48	26	2	308	352	1746	1791	0.024	27.3
XP_016770327.1	XP_006562311.2	35.417	48	26	2	308	352	1548	1593	0.025	27.3
XP_016770327.1	XP_006562310.2	35.417	48	26	2	308	352	1548	1593	0.025	27.3
XP_016770327.1	XP_016771029.2	35.417	48	26	2	308	352	1346	1391	0.036	26.6
XP_016770327.1	XP_016771028.2	35.417	48	26	2	308	352	1410	1455	0.038	26.6
XP_016770562.1	XP_006562308.2	23.913	46	35	0	60	105	2028	2073	0.039	24.3
XP_016770562.1	XP_006562311.2	23.913	46	35	0	60	105	1830	1875	0.049	23.9
XP_016770562.1	XP_006562310.2	23.913	46	35	0	60	105	1830	1875	0.049	23.9
XP_016771020.1	XP_016771021.1	100.000	660	0	0	1	660	1	660	0.0	1372
XP_016771020.1	XP_016771020.1	100.000	660	0	0	1	660	1	660	0.0	1372
XP_016771021.1	XP_016771021.1	100.000	660	0	0	1	660	1	660	0.0	1372
XP_016771021.1	XP_016771020.1	100.000	660	0	0	1	660	1	660	0.0	1372
XP_016771028.2	XP_016771028.2	100.000	1927	0	0	1	1927	1	1927	0.0	3931
XP_016771028.2	XP_016771029.2	99.885	1745	2	0	183	1927	119	1863	0.0	3526
XP_016771028.2	XP_006562311.2	99.885	1745	2	0	183	1927	321	2065	0.0	3526
XP_016771028.2	XP_006562310.2	99.885	1745	2	0	183	1927	321	2065	0.0	3526
XP_016771028.2	XP_006562308.2	98.682	1745	2	1	183	1927	540	2263	0.0	3459
XP_016771029.2	XP_016771029.2	100.000	1863	0	0	1	1863	1	1863	0.0	3793
XP_016771029.2	XP_006562311.2	99.832	1781	2	1	83	1863	286	2065	0.0	3596
XP_016771029.2	XP_006562310.2	99.832	1781	2	1	83	1863	286	2065	0.0	3596
XP_016771029.2	XP_006562308.2	98.652	1781	2	2	83	1863	505	2263	0.0	3530
XP_016771029.2	XP_016771028.2	99.885	1745	2	0	119	1863	183	1927	0.0	3526
XP_016771091.1	XP_006562308.2	27.326	172	108	3	477	631	342	513	2.69e-13	64.3
XP_016771091.1	XP_006562311.2	27.326	172	108	3	477	631	123	294	4.06e-13	63.5
XP_016771091.1	XP_006562310.2	27.326	172	108	3	477	631	123	294	4.06e-13	63.5
XP_016771093.1	XP_006562308.2	27.326	172	108	3	477	631	342	513	2.69e-13	64.3
XP_016771093.1	XP_006562311.2	27.326	172	108	3	477	631	123	294	4.06e-13	63.5
XP_016771093.1	XP_006562310.2	27.326	172	108	3	477	631	123	294	4.06e-13	63.5
XP_016771424.1	XP_016771029.2	32.558	43	27	1	132	172	357	399	0.033	25.0
XP_016771424.1	XP_016771028.2	32.558	43	27	1	132	172	421	463	0.033	25.0
XP_016771424.1	XP_006562311.2	32.558	43	27	1	132	172	559	601	0.035	25.0
XP_016771424.1	XP_006562310.2	32.558	43	27	1	132	172	559	601	0.035	25.0
XP_016771424.1	XP_006562308.2	32.558	43	27	1	132	172	757	799	0.035	25.0
XP_016772425.1	XP_006562308.2	27.985	268	141	9	73	303	275	527	2.63e-18	77.4
XP_016772425.1	XP_006562311.2	27.985	268	141	9	73	303	56	308	2.77e-18	77.4
XP_016772425.1	XP_006562310.2	27.985	268	141	9	73	303	56	308	2.77e-18	77.4
XP_016773364.2	XP_016771028.2	17.886	123	94	2	103	225	500	615	0.008	28.5
XP_016773364.2	XP_016771029.2	17.886	123	94	2	103	225	436	551	0.009	28.1
XP_016773554.1	XP_006562308.2	21.970	264	145	12	233	474	271	495	0.005	30.0
XP_016773554.1	XP_006562311.2	21.970	264	145	12	233	474	52	276	0.006	29.6
XP_016773554.1	XP_006562310.2	21.970	264	145	12	233	474	52	276	0.006	29.6
XP_016773555.1	XP_006562308.2	23.554	242	140	12	233	446	271	495	0.002	31.6
XP_016773555.1	XP_006562311.2	23.554	242	140	12	233	446	52	276	0.002	31.2
XP_016773555.1	XP_006562310.2	23.554	242	140	12	233	446	52	276	0.002	31.2
XP_026294976.1	XP_016771028.2	34.694	49	31	1	420	468	140	187	0.013	30.0
XP_026295143.1	XP_016771021.1	34.773	440	267	10	18	443	53	486	7.69e-82	260
XP_026295143.1	XP_016771020.1	34.773	440	267	10	18	443	53	486	7.69e-82	260
XP_026295144.1	XP_016771021.1	33.753	477	286	12	78	537	23	486	2.39e-81	261
XP_026295144.1	XP_016771020.1	33.753	477	286	12	78	537	23	486	2.39e-81	261
XP_026295176.1	XP_006562311.2	33.333	42	27	1	1	42	312	352	0.010	28.1
XP_026295176.1	XP_006562310.2	33.333	42	27	1	1	42	312	352	0.010	28.1
XP_026295176.1	XP_006562308.2	33.333	42	27	1	1	42	531	571	0.012	28.1
XP_026295178.1	XP_016771029.2	32.967	91	49	4	344	431	1464	1545	0.040	27.3
XP_026295178.1	XP_016771028.2	32.967	91	49	4	344	431	1528	1609	0.049	26.9
XP_026295191.1	XP_006562308.2	32.353	34	22	1	63	95	169	202	0.029	27.3
XP_026295192.1	XP_006562308.2	32.353	34	22	1	63	95	169	202	0.029	27.3
XP_026295443.1	XP_006562308.2	19.440	571	352	25	4134	4682	1689	2173	0.001	37.7
XP_026295443.1	XP_006562308.2	21.574	343	209	14	4387	4714	1813	2110	0.003	36.2
XP_026295443.1	XP_006562311.2	19.440	571	352	25	4134	4682	1491	1975	0.001	37.4
XP_026295443.1	XP_006562311.2	21.574	343	209	14	4387	4714	1615	1912	0.003	35.8
XP_026295443.1	XP_006562310.2	19.440	571	352	25	4134	4682	1491	1975	0.001	37.4
XP_026295443.1	XP_006562310.2	21.574	343	209	14	4387	4714	1615	1912	0.003	35.8
XP_026295443.1	XP_016771029.2	19.440	571	352	25	4134	4682	1289	1773	0.006	35.0
XP_026295443.1	XP_016771029.2	21.574	343	209	14	4387	4714	1413	1710	0.009	34.7
XP_026295443.1	XP_016771028.2	21.893	338	214	13	4387	4714	1477	1774	0.018	33.5
XP_026295443.1	XP_016771028.2	19.440	571	352	25	4134	4682	1353	1837	0.018	33.5
XP_026295444.1	XP_006562308.2	19.440	571	352	25	4134	4682	1689	2173	0.001	37.7
XP_026295444.1	XP_006562308.2	21.574	343	209	14	4387	4714	1813	2110	0.003	36.2
XP_026295444.1	XP_006562311.2	19.440	571	352	25	4134	4682	1491	1975	0.001	37.4
XP_026295444.1	XP_006562311.2	21.574	343	209	14	4387	4714	1615	1912	0.004	35.8
XP_026295444.1	XP_006562310.2	19.440	571	352	25	4134	4682	1491	1975	0.001	37.4
XP_026295444.1	XP_006562310.2	21.574	343	209	14	4387	4714	1615	1912	0.004	35.8
XP_026295444.1	XP_016771029.2	19.440	571	352	25	4134	4682	1289	1773	0.006	35.0
XP_026295444.1	XP_016771029.2	21.574	343	209	14	4387	4714	1413	1710	0.009	34.7
XP_026295444.1	XP_016771028.2	21.893	338	214	13	4387	4714	1477	1774	0.018	33.5
XP_026295444.1	XP_016771028.2	19.440	571	352	25	4134	4682	1353	1837	0.018	33.5
XP_026295445.1	XP_006562308.2	19.440	571	352	25	4134	4682	1689	2173	0.001	37.4
XP_026295445.1	XP_006562308.2	21.574	343	209	14	4387	4714	1813	2110	0.003	35.8
XP_026295445.1	XP_006562311.2	19.440	571	352	25	4134	4682	1491	1975	0.001	37.4
XP_026295445.1	XP_006562311.2	21.574	343	209	14	4387	4714	1615	1912	0.004	35.8
XP_026295445.1	XP_006562310.2	19.440	571	352	25	4134	4682	1491	1975	0.001	37.4
XP_026295445.1	XP_006562310.2	21.574	343	209	14	4387	4714	1615	1912	0.004	35.8
XP_026295445.1	XP_016771029.2	19.440	571	352	25	4134	4682	1289	1773	0.006	35.0
XP_026295445.1	XP_016771029.2	21.574	343	209	14	4387	4714	1413	1710	0.009	34.7
XP_026295445.1	XP_016771028.2	21.893	338	214	13	4387	4714	1477	1774	0.019	33.5
XP_026295445.1	XP_016771028.2	19.440	571	352	25	4134	4682	1353	1837	0.020	33.5
XP_026295446.1	XP_006562308.2	19.440	571	352	25	4134	4682	1689	2173	0.001	37.4
XP_026295446.1	XP_006562308.2	21.574	343	209	14	4387	4714	1813	2110	0.003	35.8
XP_026295446.1	XP_006562311.2	19.440	571	352	25	4134	4682	1491	1975	0.001	37.4
XP_026295446.1	XP_006562311.2	21.574	343	209	14	4387	4714	1615	1912	0.004	35.8
XP_026295446.1	XP_006562310.2	19.440	571	352	25	4134	4682	1491	1975	0.001	37.4
XP_026295446.1	XP_006562310.2	21.574	343	209	14	4387	4714	1615	1912	0.004	35.8
XP_026295446.1	XP_016771029.2	19.440	571	352	25	4134	4682	1289	1773	0.006	35.0
XP_026295446.1	XP_016771029.2	21.574	343	209	14	4387	4714	1413	1710	0.009	34.7
XP_026295446.1	XP_016771028.2	21.893	338	214	13	4387	4714	1477	1774	0.019	33.5
XP_026295446.1	XP_016771028.2	19.440	571	352	25	4134	4682	1353	1837	0.020	33.5
XP_026295447.1	XP_006562308.2	19.440	571	352	25	4012	4560	1689	2173	0.001	37.4
XP_026295447.1	XP_006562308.2	21.574	343	209	14	4265	4592	1813	2110	0.003	35.8
XP_026295447.1	XP_006562311.2	19.440	571	352	25	4012	4560	1491	1975	0.001	37.4
XP_026295447.1	XP_006562311.2	21.574	343	209	14	4265	4592	1615	1912	0.004	35.8
XP_026295447.1	XP_006562310.2	19.440	571	352	25	4012	4560	1491	1975	0.001	37.4
XP_026295447.1	XP_006562310.2	21.574	343	209	14	4265	4592	1615	1912	0.004	35.8
XP_026295447.1	XP_016771029.2	19.440	571	352	25	4012	4560	1289	1773	0.006	35.0
XP_026295447.1	XP_016771029.2	21.574	343	209	14	4265	4592	1413	1710	0.009	34.7
XP_026295447.1	XP_016771028.2	21.893	338	214	13	4265	4592	1477	1774	0.019	33.5
XP_026295447.1	XP_016771028.2	19.440	571	352	25	4012	4560	1353	1837	0.020	33.5
XP_026295448.1	XP_006562308.2	19.440	571	352	25	4134	4682	1689	2173	8.84e-04	37.7
XP_026295448.1	XP_006562308.2	21.574	343	209	14	4387	4714	1813	2110	0.003	36.2
XP_026295448.1	XP_006562311.2	19.440	571	352	25	4134	4682	1491	1975	0.001	37.4
XP_026295448.1	XP_006562311.2	21.574	343	209	14	4387	4714	1615	1912	0.003	35.8
XP_026295448.1	XP_006562310.2	19.440	571	352	25	4134	4682	1491	1975	0.001	37.4
XP_026295448.1	XP_006562310.2	21.574	343	209	14	4387	4714	1615	1912	0.003	35.8
XP_026295448.1	XP_016771029.2	19.440	571	352	25	4134	4682	1289	1773	0.006	35.0
XP_026295448.1	XP_016771029.2	21.574	343	209	14	4387	4714	1413	1710	0.008	34.7
XP_026295448.1	XP_016771028.2	21.893	338	214	13	4387	4714	1477	1774	0.016	33.5
XP_026295448.1	XP_016771028.2	19.440	571	352	25	4134	4682	1353	1837	0.016	33.5
XP_026295565.1	XP_006562308.2	24.779	226	137	7	181	378	283	503	7.79e-13	62.8
XP_026295565.1	XP_006562311.2	24.779	226	137	7	181	378	64	284	1.47e-12	62.0
XP_026295565.1	XP_006562310.2	24.779	226	137	7	181	378	64	284	1.47e-12	62.0
XP_026295566.1	XP_006562308.2	25.664	226	135	7	142	339	283	503	5.86e-13	63.2
XP_026295566.1	XP_006562311.2	24.779	226	137	7	142	339	64	284	1.07e-12	62.4
XP_026295566.1	XP_006562310.2	24.779	226	137	7	142	339	64	284	1.07e-12	62.4
XP_026295567.1	XP_006562308.2	24.779	226	137	7	181	378	283	503	1.00e-12	62.4
XP_026295567.1	XP_006562311.2	24.779	226	137	7	181	378	64	284	1.75e-12	61.6
XP_026295567.1	XP_006562310.2	24.779	226	137	7	181	378	64	284	1.75e-12	61.6
XP_026295569.1	XP_006562308.2	24.779	226	137	7	181	378	283	503	1.07e-12	62.4
XP_026295569.1	XP_006562311.2	24.779	226	137	7	181	378	64	284	1.82e-12	61.6
XP_026295569.1	XP_006562310.2	24.779	226	137	7	181	378	64	284	1.82e-12	61.6
XP_026295591.1	XP_006562311.2	29.524	105	60	5	1176	1276	570	664	0.013	30.0
XP_026295591.1	XP_006562310.2	29.524	105	60	5	1176	1276	570	664	0.013	30.0
XP_026295591.1	XP_006562308.2	29.524	105	60	5	1176	1276	768	862	0.013	30.0
XP_026295591.1	XP_016771028.2	29.524	105	60	5	1176	1276	432	526	0.014	30.0
XP_026295591.1	XP_016771029.2	29.524	105	60	5	1176	1276	368	462	0.018	29.6
XP_026295782.1	XP_006562308.2	34.043	94	44	5	1554	1637	1853	1938	3.04e-04	36.2
XP_026295782.1	XP_006562311.2	34.043	94	44	5	1554	1637	1655	1740	4.13e-04	35.4
XP_026295782.1	XP_006562310.2	34.043	94	44	5	1554	1637	1655	1740	4.13e-04	35.4
XP_026295782.1	XP_016771028.2	34.043	94	44	5	1554	1637	1517	1602	6.92e-04	34.7
XP_026295782.1	XP_016771029.2	34.043	94	44	5	1554	1637	1453	1538	7.26e-04	34.7
XP_026295783.1	XP_006562308.2	34.043	94	44	5	1550	1633	1853	1938	3.06e-04	36.2
XP_026295783.1	XP_006562311.2	34.043	94	44	5	1550	1633	1655	1740	4.09e-04	35.4
XP_026295783.1	XP_006562310.2	34.043	94	44	5	1550	1633	1655	1740	4.09e-04	35.4
XP_026295783.1	XP_016771028.2	34.043	94	44	5	1550	1633	1517	1602	6.79e-04	35.0
XP_026295783.1	XP_016771029.2	34.043	94	44	5	1550	1633	1453	1538	7.31e-04	34.7
XP_026295784.1	XP_006562308.2	34.043	94	44	5	1549	1632	1853	1938	3.06e-04	36.2
XP_026295784.1	XP_006562311.2	34.043	94	44	5	1549	1632	1655	1740	4.15e-04	35.4
XP_026295784.1	XP_006562310.2	34.043	94	44	5	1549	1632	1655	1740	4.15e-04	35.4
XP_026295784.1	XP_016771028.2	34.043	94	44	5	1549	1632	1517	1602	6.90e-04	34.7
XP_026295784.1	XP_016771029.2	34.043	94	44	5	1549	1632	1453	1538	7.24e-04	34.7
XP_026295785.1	XP_006562308.2	34.043	94	44	5	1544	1627	1853	1938	3.00e-04	36.2
XP_026295785.1	XP_006562311.2	34.043	94	44	5	1544	1627	1655	1740	4.07e-04	35.4
XP_026295785.1	XP_006562310.2	34.043	94	44	5	1544	1627	1655	1740	4.07e-04	35.4
XP_026295785.1	XP_016771028.2	34.043	94	44	5	1544	1627	1517	1602	6.55e-04	35.0
XP_026295785.1	XP_016771029.2	34.043	94	44	5	1544	1627	1453	1538	7.35e-04	34.7
XP_026295786.1	XP_006562308.2	34.043	94	44	5	1543	1626	1853	1938	3.03e-04	36.2
XP_026295786.1	XP_006562311.2	34.043	94	44	5	1543	1626	1655	1740	4.07e-04	35.4
XP_026295786.1	XP_006562310.2	34.043	94	44	5	1543	1626	1655	1740	4.07e-04	35.4
XP_026295786.1	XP_016771028.2	34.043	94	44	5	1543	1626	1517	1602	6.54e-04	35.0
XP_026295786.1	XP_016771029.2	34.043	94	44	5	1543	1626	1453	1538	7.28e-04	34.7
XP_026295787.1	XP_006562308.2	34.043	94	44	5	1554	1637	1853	1938	2.84e-04	36.2
XP_026295787.1	XP_006562311.2	34.043	94	44	5	1554	1637	1655	1740	4.19e-04	35.4
XP_026295787.1	XP_006562310.2	34.043	94	44	5	1554	1637	1655	1740	4.19e-04	35.4
XP_026295787.1	XP_016771028.2	34.043	94	44	5	1554	1637	1517	1602	6.68e-04	34.7
XP_026295787.1	XP_016771029.2	34.043	94	44	5	1554	1637	1453	1538	6.72e-04	34.7
XP_026295788.1	XP_006562308.2	34.043	94	44	5	1463	1546	1853	1938	2.69e-04	36.2
XP_026295788.1	XP_006562311.2	34.043	94	44	5	1463	1546	1655	1740	4.28e-04	35.4
XP_026295788.1	XP_006562310.2	34.043	94	44	5	1463	1546	1655	1740	4.28e-04	35.4
XP_026295788.1	XP_016771028.2	34.043	94	44	5	1463	1546	1517	1602	6.33e-04	35.0
XP_026295788.1	XP_016771029.2	34.043	94	44	5	1463	1546	1453	1538	6.64e-04	34.7
XP_026295790.1	XP_006562308.2	34.043	94	44	5	1554	1637	1853	1938	3.16e-04	35.8
XP_026295790.1	XP_006562311.2	34.043	94	44	5	1554	1637	1655	1740	4.40e-04	35.4
XP_026295790.1	XP_006562310.2	34.043	94	44	5	1554	1637	1655	1740	4.40e-04	35.4
XP_026295790.1	XP_016771028.2	34.043	94	44	5	1554	1637	1517	1602	7.20e-04	34.7
XP_026295790.1	XP_016771029.2	34.043	94	44	5	1554	1637	1453	1538	7.69e-04	34.7
XP_026295791.1	XP_006562308.2	34.043	94	44	5	1416	1499	1853	1938	2.31e-04	36.2
XP_026295791.1	XP_006562311.2	34.043	94	44	5	1416	1499	1655	1740	3.35e-04	35.8
XP_026295791.1	XP_006562310.2	34.043	94	44	5	1416	1499	1655	1740	3.35e-04	35.8
XP_026295791.1	XP_016771029.2	34.043	94	44	5	1416	1499	1453	1538	5.29e-04	35.0
XP_026295791.1	XP_016771028.2	34.043	94	44	5	1416	1499	1517	1602	5.57e-04	35.0
XP_026295792.1	XP_006562308.2	34.043	94	44	5	1416	1499	1853	1938	2.31e-04	36.2
XP_026295792.1	XP_006562311.2	34.043	94	44	5	1416	1499	1655	1740	3.35e-04	35.8
XP_026295792.1	XP_006562310.2	34.043	94	44	5	1416	1499	1655	1740	3.35e-04	35.8
XP_026295792.1	XP_016771029.2	34.043	94	44	5	1416	1499	1453	1538	5.29e-04	35.0
XP_026295792.1	XP_016771028.2	34.043	94	44	5	1416	1499	1517	1602	5.57e-04	35.0
XP_026296874.1	XP_006562311.2	31.646	79	43	3	538	606	367	444	0.006	30.8
XP_026296874.1	XP_006562310.2	31.646	79	43	3	538	606	367	444	0.006	30.8
XP_026296874.1	XP_016771029.2	31.646	79	43	3	538	606	165	242	0.008	30.4
XP_026296874.1	XP_016771028.2	31.646	79	43	3	538	606	229	306	0.010	30.0
XP_026296977.1	XP_016771028.2	27.273	66	40	2	866	931	1476	1533	0.028	28.5
XP_026296977.1	XP_006562308.2	27.273	66	40	2	866	931	1812	1869	0.031	28.5
XP_026296977.1	XP_016771029.2	27.273	66	40	2	866	931	1412	1469	0.032	28.1
XP_026296977.1	XP_006562311.2	27.273	66	40	2	866	931	1614	1671	0.034	28.1
XP_026296977.1	XP_006562310.2	27.273	66	40	2	866	931	1614	1671	0.034	28.1
XP_026297482.1	XP_016771028.2	24.432	176	101	6	336	501	1277	1430	0.045	26.9
XP_026298088.1	XP_006562308.2	26.667	120	78	5	242	358	2095	2207	0.010	28.5
XP_026298088.1	XP_006562311.2	26.667	120	78	5	242	358	1897	2009	0.014	28.1
XP_026298088.1	XP_006562310.2	26.667	120	78	5	242	358	1897	2009	0.014	28.1
XP_026298088.1	XP_016771029.2	30.000	50	31	1	309	358	1762	1807	0.022	27.7
XP_026298088.1	XP_016771028.2	30.000	50	31	1	309	358	1826	1871	0.023	27.3
XP_026298093.1	XP_006562308.2	25.833	120	80	4	242	359	2095	2207	0.005	30.4
XP_026298093.1	XP_006562311.2	26.050	119	79	4	243	359	1898	2009	0.007	30.0
XP_026298093.1	XP_006562310.2	26.050	119	79	4	243	359	1898	2009	0.007	30.0
XP_026298093.1	XP_016771029.2	26.050	119	79	4	243	359	1696	1807	0.011	29.3
XP_026298093.1	XP_016771028.2	25.833	120	80	4	242	359	1759	1871	0.012	28.9
XP_026298141.1	XP_006562308.2	26.984	63	43	1	198	260	249	308	0.014	27.3
XP_026298141.1	XP_006562311.2	27.869	61	41	1	198	258	30	87	0.015	27.3
XP_026298141.1	XP_006562310.2	27.869	61	41	1	198	258	30	87	0.015	27.3
XP_026298207.1	XP_006562308.2	43.333	30	14	1	480	509	40	66	0.006	30.4
XP_026298614.1	XP_016771029.2	25.175	143	87	6	460	591	1541	1674	0.012	30.4
XP_026298614.1	XP_016771028.2	25.175	143	87	6	460	591	1605	1738	0.013	30.0
XP_026298614.1	XP_006562311.2	25.175	143	87	6	460	591	1743	1876	0.017	29.6
XP_026298614.1	XP_006562310.2	25.175	143	87	6	460	591	1743	1876	0.017	29.6
XP_026298614.1	XP_006562308.2	25.175	143	87	6	460	591	1941	2074	0.019	29.6
XP_026299081.1	XP_016771028.2	24.444	135	85	5	206	340	1644	1761	0.020	28.1
XP_026299081.1	XP_006562308.2	24.444	135	85	5	206	340	1980	2097	0.037	27.3
XP_026299081.1	XP_006562311.2	24.444	135	85	5	206	340	1782	1899	0.037	27.3
XP_026299081.1	XP_006562310.2	24.444	135	85	5	206	340	1782	1899	0.037	27.3
XP_026299124.1	XP_006562308.2	29.762	84	56	2	125	208	894	974	0.034	26.9
XP_026299124.1	XP_006562311.2	29.762	84	56	2	125	208	696	776	0.042	26.6
XP_026299124.1	XP_006562310.2	29.762	84	56	2	125	208	696	776	0.042	26.6
XP_026299124.1	XP_016771028.2	29.762	84	56	2	125	208	558	638	0.046	26.6
XP_026299175.1	XP_016771021.1	26.866	67	45	2	52	117	412	475	0.049	26.2
XP_026299175.1	XP_016771020.1	26.866	67	45	2	52	117	412	475	0.049	26.2
XP_026299436.1	XP_016771021.1	26.506	83	46	2	409	491	322	389	0.001	32.0
XP_026299436.1	XP_016771020.1	26.506	83	46	2	409	491	322	389	0.001	32.0
XP_026299437.1	XP_016771021.1	26.506	83	46	2	362	444	322	389	6.86e-04	32.3
XP_026299437.1	XP_016771020.1	26.506	83	46	2	362	444	322	389	6.86e-04	32.3
XP_026299449.1	XP_006562308.2	40.000	45	25	1	237	281	963	1005	0.013	28.9
XP_026299450.1	XP_006562308.2	40.000	45	25	1	237	281	963	1005	0.013	28.9
XP_026299451.1	XP_006562308.2	40.000	45	25	1	237	281	963	1005	0.014	28.9
XP_026299496.1	XP_006562311.2	28.395	81	55	2	22	102	519	596	0.006	29.3
XP_026299496.1	XP_006562310.2	28.395	81	55	2	22	102	519	596	0.006	29.3
XP_026299496.1	XP_006562308.2	28.395	81	55	2	22	102	717	794	0.007	28.9
XP_026299496.1	XP_016771028.2	28.395	81	55	2	22	102	381	458	0.008	28.9
XP_026299496.1	XP_016771029.2	28.395	81	55	2	22	102	317	394	0.008	28.9
XP_026299710.1	XP_016771028.2	24.658	73	46	3	3	67	565	636	0.017	23.5
XP_026299710.1	XP_016771029.2	24.658	73	46	3	3	67	501	572	0.020	23.5
XP_026299710.1	XP_006562311.2	24.658	73	46	3	3	67	703	774	0.020	23.5
XP_026299710.1	XP_006562310.2	24.658	73	46	3	3	67	703	774	0.020	23.5
XP_026299710.1	XP_006562308.2	24.658	73	46	3	3	67	901	972	0.020	23.5
XP_026299862.1	XP_006562308.2	23.913	46	35	0	60	105	2028	2073	0.038	24.3
XP_026299862.1	XP_006562311.2	23.913	46	35	0	60	105	1830	1875	0.049	23.9
XP_026299862.1	XP_006562310.2	23.913	46	35	0	60	105	1830	1875	0.049	23.9
XP_026300063.1	XP_006562311.2	30.612	49	30	1	119	167	1131	1175	0.032	27.7
XP_026300063.1	XP_006562310.2	30.612	49	30	1	119	167	1131	1175	0.032	27.7
XP_026300063.1	XP_006562308.2	30.612	49	30	1	119	167	1329	1373	0.033	27.7
XP_026300063.1	XP_016771028.2	30.612	49	30	1	119	167	993	1037	0.037	27.7
XP_026300063.1	XP_016771029.2	30.612	49	30	1	119	167	929	973	0.042	27.3
XP_026300281.1	XP_006562308.2	99.081	2284	0	1	1	2284	1	2263	0.0	4630
XP_026300281.1	XP_006562311.2	100.000	2036	0	0	249	2284	30	2065	0.0	4162
XP_026300281.1	XP_006562310.2	100.000	2036	0	0	249	2284	30	2065	0.0	4162
XP_026300281.1	XP_016771029.2	99.832	1781	2	1	505	2284	83	1863	0.0	3590
XP_026300281.1	XP_016771028.2	99.885	1745	2	0	540	2284	183	1927	0.0	3515
XP_026300282.1	XP_006562308.2	99.081	2284	0	1	1	2284	1	2263	0.0	4630
XP_026300282.1	XP_006562311.2	100.000	2036	0	0	249	2284	30	2065	0.0	4162
XP_026300282.1	XP_006562310.2	100.000	2036	0	0	249	2284	30	2065	0.0	4162
XP_026300282.1	XP_016771029.2	99.832	1781	2	1	505	2284	83	1863	0.0	3590
XP_026300282.1	XP_016771028.2	99.885	1745	2	0	540	2284	183	1927	0.0	3515
XP_026300283.1	XP_006562308.2	99.081	2284	0	1	1	2284	1	2263	0.0	4630
XP_026300283.1	XP_006562311.2	100.000	2036	0	0	249	2284	30	2065	0.0	4162
XP_026300283.1	XP_006562310.2	100.000	2036	0	0	249	2284	30	2065	0.0	4162
XP_026300283.1	XP_016771029.2	99.832	1781	2	1	505	2284	83	1863	0.0	3590
XP_026300283.1	XP_016771028.2	99.885	1745	2	0	540	2284	183	1927	0.0	3515
XP_026300284.1	XP_006562311.2	100.000	2065	0	0	1	2065	1	2065	0.0	4232
XP_026300284.1	XP_006562310.2	100.000	2065	0	0	1	2065	1	2065	0.0	4232
XP_026300284.1	XP_006562308.2	98.969	2036	0	1	30	2065	249	2263	0.0	4105
XP_026300284.1	XP_016771029.2	99.832	1781	2	1	286	2065	83	1863	0.0	3596
XP_026300284.1	XP_016771028.2	99.885	1745	2	0	321	2065	183	1927	0.0	3526
XP_026300285.1	XP_006562311.2	100.000	2065	0	0	1	2065	1	2065	0.0	4232
XP_026300285.1	XP_006562310.2	100.000	2065	0	0	1	2065	1	2065	0.0	4232
XP_026300285.1	XP_006562308.2	98.969	2036	0	1	30	2065	249	2263	0.0	4105
XP_026300285.1	XP_016771029.2	99.832	1781	2	1	286	2065	83	1863	0.0	3596
XP_026300285.1	XP_016771028.2	99.885	1745	2	0	321	2065	183	1927	0.0	3526
XP_026300715.1	XP_016771021.1	37.967	482	275	10	290	757	28	499	1.82e-102	335
XP_026300715.1	XP_016771020.1	37.967	482	275	10	290	757	28	499	1.82e-102	335
XP_026300762.1	XP_006562311.2	41.463	41	21	2	767	804	52	92	0.017	29.3
XP_026300762.1	XP_006562310.2	41.463	41	21	2	767	804	52	92	0.017	29.3
XP_026300762.1	XP_006562308.2	41.463	41	21	2	767	804	271	311	0.018	28.9
XP_026300763.1	XP_006562311.2	41.463	41	21	2	751	788	52	92	0.017	29.3
XP_026300763.1	XP_006562310.2	41.463	41	21	2	751	788	52	92	0.017	29.3
XP_026300763.1	XP_006562308.2	41.463	41	21	2	751	788	271	311	0.018	28.9
XP_026300917.1	XP_016771029.2	27.869	61	39	1	1693	1753	1517	1572	0.029	30.4
XP_026300917.1	XP_016771028.2	27.869	61	39	1	1693	1753	1581	1636	0.029	30.4
XP_026300918.1	XP_016771029.2	27.869	61	39	1	1693	1753	1517	1572	0.027	30.4
XP_026300918.1	XP_016771028.2	27.869	61	39	1	1693	1753	1581	1636	0.028	30.4
XP_026300919.1	XP_016771029.2	27.869	61	39	1	1098	1158	1517	1572	0.036	29.6
XP_026300919.1	XP_016771028.2	27.869	61	39	1	1098	1158	1581	1636	0.037	29.6
XP_026301143.1	XP_016771028.2	60.000	20	8	0	415	434	1321	1340	0.029	27.3
XP_026301143.1	XP_016771029.2	60.000	20	8	0	415	434	1257	1276	0.033	27.3
XP_026301143.1	XP_006562311.2	60.000	20	8	0	415	434	1459	1478	0.034	27.3
XP_026301143.1	XP_006562310.2	60.000	20	8	0	415	434	1459	1478	0.034	27.3
XP_026301143.1	XP_006562308.2	60.000	20	8	0	415	434	1657	1676	0.034	27.3
XP_026301350.1	XP_006562308.2	26.415	53	38	1	46	98	753	804	0.045	23.9
XP_026301350.1	XP_016771028.2	26.415	53	38	1	46	98	417	468	0.048	23.9
XP_026301562.1	XP_006562308.2	27.985	268	141	9	73	303	275	527	2.63e-18	77.4
XP_026301562.1	XP_006562311.2	27.985	268	141	9	73	303	56	308	2.77e-18	77.4
XP_026301562.1	XP_006562310.2	27.985	268	141	9	73	303	56	308	2.77e-18	77.4
XP_026302069.1	XP_016771021.1	29.231	65	39	2	487	545	221	284	0.012	28.9
XP_026302069.1	XP_016771020.1	29.231	65	39	2	487	545	221	284	0.012	28.9
XP_026302070.1	XP_016771021.1	29.231	65	39	2	487	545	221	284	0.012	28.9
XP_026302070.1	XP_016771020.1	29.231	65	39	2	487	545	221	284	0.012	28.9
XP_026302071.1	XP_016771021.1	29.231	65	39	2	466	524	221	284	0.011	28.9
XP_026302071.1	XP_016771020.1	29.231	65	39	2	466	524	221	284	0.011	28.9
XP_392558.3	XP_006562311.2	39.583	48	29	0	55	102	1784	1831	0.044	28.1
XP_392558.3	XP_006562310.2	39.583	48	29	0	55	102	1784	1831	0.044	28.1
XP_392558.3	XP_006562308.2	39.583	48	29	0	55	102	1982	2029	0.048	27.7
XP_392575.3	XP_006562308.2	32.579	221	128	6	97	296	283	503	1.92e-29	111
XP_392575.3	XP_006562311.2	32.579	221	128	6	97	296	64	284	4.09e-29	110
XP_392575.3	XP_006562310.2	32.579	221	128	6	97	296	64	284	4.09e-29	110
XP_392682.3	XP_016771028.2	56.250	16	7	0	457	472	104	119	0.036	26.9
XP_392838.4	XP_006562311.2	28.767	73	48	2	279	351	432	500	0.005	30.4
XP_392838.4	XP_006562310.2	28.767	73	48	2	279	351	432	500	0.005	30.4
XP_392862.3	XP_006562308.2	28.571	273	145	13	666	905	272	527	3.01e-18	81.3
XP_392862.3	XP_006562311.2	28.571	273	145	13	666	905	53	308	3.78e-18	80.9
XP_392862.3	XP_006562310.2	28.571	273	145	13	666	905	53	308	3.78e-18	80.9
XP_393033.4	XP_006562308.2	27.326	172	108	3	477	631	342	513	2.69e-13	64.3
XP_393033.4	XP_006562311.2	27.326	172	108	3	477	631	123	294	4.06e-13	63.5
XP_393033.4	XP_006562310.2	27.326	172	108	3	477	631	123	294	4.06e-13	63.5
XP_393406.4	XP_016771029.2	24.468	94	56	3	440	518	1481	1574	0.041	27.7
XP_393406.4	XP_006562311.2	24.468	94	56	3	440	518	1683	1776	0.045	27.7
XP_393406.4	XP_006562310.2	24.468	94	56	3	440	518	1683	1776	0.045	27.7
XP_393406.4	XP_016771028.2	24.468	94	56	3	440	518	1545	1638	0.046	27.7
XP_393737.2	XP_016771029.2	26.506	83	51	3	160	232	1242	1324	0.045	26.9
XP_393737.2	XP_016771028.2	26.506	83	51	3	160	232	1306	1388	0.047	26.9
XP_394268.3	XP_006562308.2	21.970	264	145	12	233	474	271	495	0.005	30.0
XP_394268.3	XP_006562311.2	21.970	264	145	12	233	474	52	276	0.006	29.6
XP_394268.3	XP_006562310.2	21.970	264	145	12	233	474	52	276	0.006	29.6
XP_394426.4	XP_006562308.2	26.250	240	135	7	488	695	283	512	3.83e-18	80.9
XP_394426.4	XP_006562311.2	26.250	240	135	7	488	695	64	293	4.70e-18	80.5
XP_394426.4	XP_006562310.2	26.250	240	135	7	488	695	64	293	4.70e-18	80.5
XP_394446.4	XP_006562308.2	29.944	177	101	6	608	765	331	503	1.42e-15	72.0
XP_394446.4	XP_006562311.2	29.944	177	101	6	608	765	112	284	1.80e-15	71.6
XP_394446.4	XP_006562310.2	29.944	177	101	6	608	765	112	284	1.80e-15	71.6
XP_394865.3	NP_001011611.2	30.000	30	21	0	7	36	2	31	0.006	25.8
XP_395011.2	XP_006562308.2	28.859	149	90	3	227	359	355	503	2.05e-18	80.9
XP_395011.2	XP_006562311.2	28.859	149	90	3	227	359	136	284	2.47e-18	80.5
XP_395011.2	XP_006562310.2	28.859	149	90	3	227	359	136	284	2.47e-18	80.5
XP_395563.4	XP_006562308.2	28.070	114	74	3	893	1004	2070	2177	0.040	28.1
XP_395563.4	XP_006562311.2	28.070	114	74	3	893	1004	1872	1979	0.046	28.1
XP_395563.4	XP_006562310.2	28.070	114	74	3	893	1004	1872	1979	0.046	28.1
XP_395767.4	XP_006562308.2	23.466	277	185	8	362	612	283	558	2.19e-15	70.5
XP_395767.4	XP_006562311.2	23.466	277	185	8	362	612	64	339	5.08e-15	69.3
XP_395767.4	XP_006562310.2	23.466	277	185	8	362	612	64	339	5.08e-15	69.3
XP_395776.1	NP_001011611.2	47.059	17	9	0	105	121	16	32	0.039	23.5
XP_396292.3	XP_016771021.1	26.506	83	46	2	515	597	322	389	7.32e-04	32.7
XP_396292.3	XP_016771020.1	26.506	83	46	2	515	597	322	389	7.32e-04	32.7
XP_396350.2	XP_016771021.1	24.126	286	176	10	36	303	214	476	8.36e-13	59.7
XP_396350.2	XP_016771020.1	24.126	286	176	10	36	303	214	476	8.36e-13	59.7
XP_396456.4	XP_006562311.2	31.081	74	38	3	10	74	669	738	0.029	27.3
XP_396456.4	XP_006562310.2	31.081	74	38	3	10	74	669	738	0.029	27.3
XP_396456.4	XP_006562308.2	31.081	74	38	3	10	74	867	936	0.032	26.9
XP_396456.4	XP_016771029.2	32.432	74	37	4	10	74	467	536	0.036	26.9
XP_396456.4	XP_016771028.2	31.081	74	38	3	10	74	531	600	0.037	26.9
XP_396550.2	XP_006562308.2	25.234	107	63	4	513	613	840	935	0.042	28.1
XP_396716.1	XP_006562308.2	35.897	39	25	0	122	160	208	246	0.045	26.2
XP_396806.3	XP_006562308.2	23.121	173	107	7	533	686	347	512	1.24e-07	45.4
XP_396806.3	XP_006562311.2	23.121	173	107	7	533	686	128	293	1.47e-07	45.4
XP_396806.3	XP_006562310.2	23.121	173	107	7	533	686	128	293	1.47e-07	45.4
XP_396807.4	XP_016771028.2	26.316	95	51	4	130	224	1330	1405	0.042	26.9
XP_396807.4	XP_016771029.2	26.316	95	51	4	130	224	1266	1341	0.048	26.9
XP_396807.4	XP_006562311.2	26.316	95	51	3	130	224	1468	1543	0.050	26.9
XP_396807.4	XP_006562310.2	26.316	95	51	3	130	224	1468	1543	0.050	26.9
XP_623199.2	XP_016771021.1	41.379	29	17	0	239	267	282	310	0.019	28.5
XP_623199.2	XP_016771020.1	41.379	29	17	0	239	267	282	310	0.019	28.5
XP_623199.2	XP_016771029.2	30.612	49	24	1	404	452	1524	1562	0.039	27.7
XP_623199.2	XP_016771028.2	30.612	49	24	1	404	452	1588	1626	0.040	27.7
XP_623199.2	XP_006562308.2	30.612	49	24	1	404	452	1924	1962	0.044	27.7
XP_623199.2	XP_006562311.2	30.612	49	24	1	404	452	1726	1764	0.046	27.3
XP_623363.1	XP_006562308.2	25.714	70	52	0	195	264	1302	1371	0.036	26.9
XP_623363.1	XP_006562311.2	25.714	70	52	0	195	264	1104	1173	0.038	26.9
XP_623363.1	XP_006562310.2	25.714	70	52	0	195	264	1104	1173	0.038	26.9
XP_623363.1	XP_016771028.2	25.714	70	52	0	195	264	966	1035	0.042	26.9
XP_623363.1	XP_016771029.2	25.714	70	52	0	195	264	902	971	0.044	26.6
XP_623809.3	XP_016771021.1	44.000	25	14	0	12	36	470	494	0.014	26.6
XP_623809.3	XP_016771020.1	44.000	25	14	0	12	36	470	494	0.014	26.6
XP_624161.1	XP_016771029.2	32.432	37	25	0	422	458	1645	1681	0.036	26.9
XP_624393.1	XP_016771028.2	26.923	52	38	0	392	443	1024	1075	0.044	26.6
XP_624393.1	XP_016771029.2	26.923	52	38	0	392	443	960	1011	0.046	26.6
XP_624741.2	XP_006562308.2	29.310	58	40	1	185	242	463	519	0.001	32.3
XP_624741.2	XP_006562311.2	29.310	58	40	1	185	242	244	300	0.001	32.0
XP_624741.2	XP_006562310.2	29.310	58	40	1	185	242	244	300	0.001	32.0
XP_624845.3	XP_016771028.2	32.308	65	38	3	25	85	1351	1413	0.025	26.6
XP_624845.3	XP_016771029.2	32.308	65	38	3	25	85	1287	1349	0.028	26.6
XP_624845.3	XP_006562311.2	32.308	65	38	3	25	85	1489	1551	0.031	26.6
XP_624845.3	XP_006562310.2	32.308	65	38	3	25	85	1489	1551	0.031	26.6
XP_624845.3	XP_006562308.2	32.308	65	38	3	25	85	1687	1749	0.031	26.6
XP_624849.1	XP_006562311.2	25.556	270	168	8	93	337	56	317	1.57e-19	83.6
XP_624849.1	XP_006562310.2	25.556	270	168	8	93	337	56	317	1.57e-19	83.6
XP_624849.1	XP_006562308.2	25.556	270	168	8	93	337	275	536	1.96e-19	83.2
XP_624895.1	XP_016771021.1	21.569	51	37	1	86	136	168	215	0.036	26.2
XP_624895.1	XP_016771020.1	21.569	51	37	1	86	136	168	215	0.036	26.2
XP_625261.1	XP_006562311.2	22.609	115	78	2	36	139	415	529	0.029	25.4
XP_625261.1	XP_006562310.2	22.609	115	78	2	36	139	415	529	0.029	25.4
