XP_006607177.1	XP_006562308.2	27.350	117	80	4	273	386	331	445	8.37e-05	36.6
XP_006607177.1	XP_006562311.2	27.350	117	80	4	273	386	112	226	1.03e-04	36.2
XP_006607177.1	XP_006562310.2	27.350	117	80	4	273	386	112	226	1.03e-04	36.2
XP_006607545.1	XP_006562308.2	28.333	60	40	1	198	257	249	305	0.036	26.2
XP_006607545.1	XP_006562311.2	28.333	60	40	1	198	257	30	86	0.039	26.2
XP_006607545.1	XP_006562310.2	28.333	60	40	1	198	257	30	86	0.039	26.2
XP_006607546.1	XP_006562308.2	28.333	60	40	1	198	257	249	305	0.042	26.2
XP_006607546.1	XP_006562311.2	28.333	60	40	1	198	257	30	86	0.044	26.2
XP_006607546.1	XP_006562310.2	28.333	60	40	1	198	257	30	86	0.044	26.2
XP_006607547.1	XP_006562308.2	28.333	60	40	1	144	203	249	305	0.017	26.9
XP_006607547.1	XP_006562311.2	28.333	60	40	1	144	203	30	86	0.018	26.9
XP_006607547.1	XP_006562310.2	28.333	60	40	1	144	203	30	86	0.018	26.9
XP_006607548.1	XP_006562308.2	28.333	60	40	1	144	203	249	305	0.017	26.9
XP_006607548.1	XP_006562311.2	28.333	60	40	1	144	203	30	86	0.018	26.9
XP_006607548.1	XP_006562310.2	28.333	60	40	1	144	203	30	86	0.018	26.9
XP_006607549.1	XP_006562308.2	27.869	61	41	1	198	258	249	306	0.011	27.7
XP_006607549.1	XP_006562311.2	27.869	61	41	1	198	258	30	87	0.012	27.3
XP_006607549.1	XP_006562310.2	27.869	61	41	1	198	258	30	87	0.012	27.3
XP_006607551.1	NP_001011611.2	26.667	30	22	0	7	36	2	31	0.025	23.9
XP_006607591.1	XP_016771021.1	24.038	104	70	2	452	550	444	543	0.046	28.9
XP_006607591.1	XP_016771020.1	24.038	104	70	2	452	550	444	543	0.046	28.9
XP_006607593.1	XP_016771021.1	24.038	104	70	2	452	550	444	543	0.045	28.9
XP_006607593.1	XP_016771020.1	24.038	104	70	2	452	550	444	543	0.045	28.9
XP_006607717.1	XP_006562311.2	23.214	112	71	3	421	518	196	306	0.013	28.5
XP_006607717.1	XP_006562310.2	23.214	112	71	3	421	518	196	306	0.013	28.5
XP_006607717.1	XP_006562308.2	23.478	115	73	3	421	521	415	528	0.014	28.5
XP_006607718.1	XP_006562311.2	23.478	115	73	3	421	521	196	309	0.009	28.9
XP_006607718.1	XP_006562310.2	23.478	115	73	3	421	521	196	309	0.009	28.9
XP_006607718.1	XP_006562308.2	23.478	115	73	3	421	521	415	528	0.010	28.9
XP_006607719.1	XP_006562311.2	25.243	103	62	3	421	509	196	297	0.012	28.5
XP_006607719.1	XP_006562310.2	25.243	103	62	3	421	509	196	297	0.012	28.5
XP_006607719.1	XP_006562308.2	25.243	103	62	3	421	509	415	516	0.013	28.5
XP_006608194.1	XP_006562308.2	27.083	48	35	0	81	128	757	804	0.032	25.0
XP_006608194.1	XP_016771028.2	27.083	48	35	0	81	128	421	468	0.036	24.6
XP_006608194.1	XP_016771029.2	27.083	48	35	0	81	128	357	404	0.040	24.6
XP_006608195.1	XP_016771028.2	27.083	48	35	0	80	127	421	468	0.036	24.6
XP_006608195.1	XP_016771029.2	27.083	48	35	0	80	127	357	404	0.040	24.6
XP_006608463.1	XP_006562308.2	25.234	107	63	4	513	613	840	935	0.044	28.1
XP_006609039.1	XP_006562308.2	21.970	264	145	12	237	478	271	495	0.004	30.4
XP_006609039.1	XP_006562311.2	21.970	264	145	12	237	478	52	276	0.005	30.0
XP_006609039.1	XP_006562310.2	21.970	264	145	12	237	478	52	276	0.005	30.0
XP_006609040.1	XP_006562308.2	21.970	264	145	12	237	478	271	495	0.004	30.4
XP_006609040.1	XP_006562311.2	21.970	264	145	12	237	478	52	276	0.005	30.0
XP_006609040.1	XP_006562310.2	21.970	264	145	12	237	478	52	276	0.005	30.0
XP_006609241.1	XP_006562311.2	21.495	107	70	1	184	276	208	314	0.011	27.7
XP_006609241.1	XP_006562310.2	21.495	107	70	1	184	276	208	314	0.011	27.7
XP_006609241.1	XP_006562308.2	21.495	107	70	1	184	276	427	533	0.011	27.7
XP_006609273.1	XP_016771028.2	29.231	65	39	2	301	361	769	830	0.019	28.1
XP_006609273.1	XP_006562311.2	29.231	65	39	2	301	361	907	968	0.019	28.1
XP_006609273.1	XP_006562310.2	29.231	65	39	2	301	361	907	968	0.019	28.1
XP_006609273.1	XP_016771029.2	29.231	65	39	2	301	361	705	766	0.021	27.7
XP_006609429.1	XP_006562308.2	31.461	89	57	2	274	359	1302	1389	0.043	27.3
XP_006609716.1	XP_016771028.2	22.388	134	80	3	5	134	1277	1390	0.008	27.7
XP_006609716.1	XP_016771029.2	22.388	134	80	3	5	134	1213	1326	0.008	27.3
XP_006609716.1	XP_006562311.2	22.388	134	80	3	5	134	1415	1528	0.009	27.3
XP_006609716.1	XP_006562310.2	22.388	134	80	3	5	134	1415	1528	0.009	27.3
XP_006609716.1	XP_006562308.2	22.388	134	80	3	5	134	1613	1726	0.010	27.3
XP_006609769.1	XP_006562308.2	28.571	273	145	13	666	905	272	527	2.19e-18	81.6
XP_006609769.1	XP_006562311.2	28.571	273	145	13	666	905	53	308	2.79e-18	81.3
XP_006609769.1	XP_006562310.2	28.571	273	145	13	666	905	53	308	2.79e-18	81.3
XP_006609770.1	XP_006562308.2	28.571	273	145	13	630	869	272	527	2.25e-18	81.6
XP_006609770.1	XP_006562311.2	28.571	273	145	13	630	869	53	308	3.61e-18	80.9
XP_006609770.1	XP_006562310.2	28.571	273	145	13	630	869	53	308	3.61e-18	80.9
XP_006609771.1	XP_006562308.2	28.571	273	145	13	630	869	272	527	2.25e-18	81.6
XP_006609771.1	XP_006562311.2	28.571	273	145	13	630	869	53	308	3.61e-18	80.9
XP_006609771.1	XP_006562310.2	28.571	273	145	13	630	869	53	308	3.61e-18	80.9
XP_006609772.1	XP_006562308.2	28.571	273	145	13	630	869	272	527	2.25e-18	81.6
XP_006609772.1	XP_006562311.2	28.571	273	145	13	630	869	53	308	3.61e-18	80.9
XP_006609772.1	XP_006562310.2	28.571	273	145	13	630	869	53	308	3.61e-18	80.9
XP_006609892.1	XP_016771021.1	27.027	37	27	0	81	117	449	485	0.039	24.3
XP_006609892.1	XP_016771020.1	27.027	37	27	0	81	117	449	485	0.039	24.3
XP_006610315.1	XP_006562308.2	25.333	75	51	1	336	405	1727	1801	0.041	26.6
XP_006610315.1	XP_006562311.2	25.333	75	51	1	336	405	1529	1603	0.043	26.6
XP_006610315.1	XP_006562310.2	25.333	75	51	1	336	405	1529	1603	0.043	26.6
XP_006610624.1	XP_006562308.2	27.326	172	108	3	477	631	342	513	2.78e-13	64.3
XP_006610624.1	XP_006562311.2	27.326	172	108	3	477	631	123	294	4.54e-13	63.5
XP_006610624.1	XP_006562310.2	27.326	172	108	3	477	631	123	294	4.54e-13	63.5
XP_006610725.1	XP_006562308.2	20.225	178	119	6	203	368	347	513	5.16e-04	32.7
XP_006610725.1	XP_006562311.2	20.225	178	119	6	203	368	128	294	0.001	31.6
XP_006610725.1	XP_006562310.2	20.225	178	119	6	203	368	128	294	0.001	31.6
XP_006611182.1	XP_006562308.2	28.188	149	91	3	227	359	355	503	7.09e-18	79.0
XP_006611182.1	XP_006562311.2	28.188	149	91	3	227	359	136	284	8.56e-18	79.0
XP_006611182.1	XP_006562310.2	28.188	149	91	3	227	359	136	284	8.56e-18	79.0
XP_006611215.1	XP_006562308.2	23.121	173	107	7	533	686	347	512	1.37e-07	45.4
XP_006611215.1	XP_006562311.2	23.121	173	107	7	533	686	128	293	1.68e-07	45.1
XP_006611215.1	XP_006562310.2	23.121	173	107	7	533	686	128	293	1.68e-07	45.1
XP_006611217.1	XP_016771029.2	26.316	95	51	4	130	224	1266	1341	0.047	26.9
XP_006611439.1	XP_006562311.2	33.032	221	127	6	97	296	64	284	8.97e-30	112
XP_006611439.1	XP_006562310.2	33.032	221	127	6	97	296	64	284	8.97e-30	112
XP_006611439.1	XP_006562308.2	33.032	221	127	6	97	296	283	503	4.07e-29	110
XP_006611499.2	XP_016771028.2	30.189	53	35	1	15	67	1289	1339	0.007	28.9
XP_006611499.2	XP_016771029.2	30.189	53	35	1	15	67	1225	1275	0.008	28.9
XP_006611499.2	XP_006562308.2	30.189	53	35	1	15	67	1625	1675	0.008	28.9
XP_006611499.2	XP_006562311.2	30.189	53	35	1	15	67	1427	1477	0.008	28.9
XP_006611499.2	XP_006562310.2	30.189	53	35	1	15	67	1427	1477	0.008	28.9
XP_006611619.1	XP_006562308.2	29.944	177	101	6	607	764	331	503	1.49e-15	72.0
XP_006611619.1	XP_006562311.2	29.944	177	101	6	607	764	112	284	1.77e-15	72.0
XP_006611619.1	XP_006562310.2	29.944	177	101	6	607	764	112	284	1.77e-15	72.0
XP_006611620.1	XP_006562308.2	29.944	177	101	6	601	758	331	503	1.45e-15	72.0
XP_006611620.1	XP_006562311.2	29.944	177	101	6	601	758	112	284	1.64e-15	72.0
XP_006611620.1	XP_006562310.2	29.944	177	101	6	601	758	112	284	1.64e-15	72.0
XP_006611621.1	XP_006562308.2	29.944	177	101	6	601	758	331	503	1.45e-15	72.0
XP_006611621.1	XP_006562311.2	29.944	177	101	6	601	758	112	284	1.64e-15	72.0
XP_006611621.1	XP_006562310.2	29.944	177	101	6	601	758	112	284	1.64e-15	72.0
XP_006611806.1	XP_006562308.2	20.175	228	143	8	298	506	282	489	6.65e-06	39.7
XP_006611806.1	XP_006562311.2	21.168	137	91	4	387	506	134	270	8.24e-06	39.3
XP_006611806.1	XP_006562310.2	21.168	137	91	4	387	506	134	270	8.24e-06	39.3
XP_006611824.1	XP_016771021.1	23.846	260	167	8	77	318	241	487	2.52e-13	61.2
XP_006611824.1	XP_016771020.1	23.846	260	167	8	77	318	241	487	2.52e-13	61.2
XP_006612049.2	XP_006562311.2	30.000	70	39	3	163	228	740	803	0.023	26.6
XP_006612049.2	XP_006562310.2	30.000	70	39	3	163	228	740	803	0.023	26.6
XP_006612049.2	XP_006562308.2	30.000	70	39	3	163	228	938	1001	0.025	26.2
XP_006612187.1	XP_006562308.2	29.565	115	63	5	1554	1655	1853	1962	5.34e-04	35.0
XP_006612187.1	XP_006562311.2	29.565	115	63	5	1554	1655	1655	1764	7.01e-04	34.7
XP_006612187.1	XP_006562310.2	29.565	115	63	5	1554	1655	1655	1764	7.01e-04	34.7
XP_006612187.1	XP_016771028.2	29.565	115	63	5	1554	1655	1517	1626	0.001	34.3
XP_006612187.1	XP_016771029.2	29.565	115	63	5	1554	1655	1453	1562	0.001	33.9
XP_006612188.1	XP_006562308.2	29.565	115	63	5	1553	1654	1853	1962	5.34e-04	35.0
XP_006612188.1	XP_006562311.2	29.565	115	63	5	1553	1654	1655	1764	7.01e-04	34.7
XP_006612188.1	XP_006562310.2	29.565	115	63	5	1553	1654	1655	1764	7.01e-04	34.7
XP_006612188.1	XP_016771028.2	29.565	115	63	5	1553	1654	1517	1626	0.001	33.9
XP_006612188.1	XP_016771029.2	29.565	115	63	5	1553	1654	1453	1562	0.001	33.9
XP_006612189.1	XP_006562308.2	29.565	115	63	5	1550	1651	1853	1962	5.42e-04	35.0
XP_006612189.1	XP_006562311.2	29.565	115	63	5	1550	1651	1655	1764	7.68e-04	34.7
XP_006612189.1	XP_006562310.2	29.565	115	63	5	1550	1651	1655	1764	7.68e-04	34.7
XP_006612189.1	XP_016771028.2	29.565	115	63	5	1550	1651	1517	1626	0.001	33.9
XP_006612189.1	XP_016771029.2	29.565	115	63	5	1550	1651	1453	1562	0.001	33.9
XP_006612190.1	XP_006562308.2	29.565	115	63	5	1549	1650	1853	1962	5.42e-04	35.0
XP_006612190.1	XP_006562311.2	29.565	115	63	5	1549	1650	1655	1764	7.67e-04	34.7
XP_006612190.1	XP_006562310.2	29.565	115	63	5	1549	1650	1655	1764	7.67e-04	34.7
XP_006612190.1	XP_016771028.2	29.565	115	63	5	1549	1650	1517	1626	0.001	33.9
XP_006612190.1	XP_016771029.2	29.565	115	63	5	1549	1650	1453	1562	0.001	33.9
XP_006612191.1	XP_006562308.2	29.565	115	63	5	1544	1645	1853	1962	5.36e-04	35.0
XP_006612191.1	XP_006562311.2	29.565	115	63	5	1544	1645	1655	1764	7.28e-04	34.7
XP_006612191.1	XP_006562310.2	29.565	115	63	5	1544	1645	1655	1764	7.28e-04	34.7
XP_006612191.1	XP_016771028.2	29.565	115	63	5	1544	1645	1517	1626	0.001	34.3
XP_006612191.1	XP_016771029.2	29.565	115	63	5	1544	1645	1453	1562	0.001	33.9
XP_006612192.1	XP_006562308.2	29.565	115	63	5	1543	1644	1853	1962	5.45e-04	35.0
XP_006612192.1	XP_006562311.2	29.565	115	63	5	1543	1644	1655	1764	7.33e-04	34.7
XP_006612192.1	XP_006562310.2	29.565	115	63	5	1543	1644	1655	1764	7.33e-04	34.7
XP_006612192.1	XP_016771028.2	29.565	115	63	5	1543	1644	1517	1626	0.001	34.3
XP_006612192.1	XP_016771029.2	29.565	115	63	5	1543	1644	1453	1562	0.001	33.9
XP_006612193.1	XP_006562308.2	29.565	115	63	5	1554	1655	1853	1962	5.25e-04	35.0
XP_006612193.1	XP_006562311.2	29.565	115	63	5	1554	1655	1655	1764	8.28e-04	34.7
XP_006612193.1	XP_006562310.2	29.565	115	63	5	1554	1655	1655	1764	8.28e-04	34.7
XP_006612193.1	XP_016771028.2	29.565	115	63	5	1554	1655	1517	1626	0.001	33.9
XP_006612193.1	XP_016771029.2	29.565	115	63	5	1554	1655	1453	1562	0.001	33.9
XP_006612195.1	XP_006562308.2	29.565	115	63	5	1463	1564	1853	1962	4.60e-04	35.4
XP_006612195.1	XP_006562311.2	29.565	115	63	5	1463	1564	1655	1764	6.85e-04	34.7
XP_006612195.1	XP_006562310.2	29.565	115	63	5	1463	1564	1655	1764	6.85e-04	34.7
XP_006612195.1	XP_016771028.2	29.565	115	63	5	1463	1564	1517	1626	0.001	34.3
XP_006612195.1	XP_016771029.2	29.565	115	63	5	1463	1564	1453	1562	0.001	33.9
XP_006612198.1	XP_006562308.2	29.565	115	63	5	1416	1517	1853	1962	4.45e-04	35.4
XP_006612198.1	XP_006562311.2	29.565	115	63	5	1416	1517	1655	1764	6.46e-04	34.7
XP_006612198.1	XP_006562310.2	29.565	115	63	5	1416	1517	1655	1764	6.46e-04	34.7
XP_006612198.1	XP_016771029.2	29.565	115	63	5	1416	1517	1453	1562	0.001	34.3
XP_006612198.1	XP_016771028.2	29.565	115	63	5	1416	1517	1517	1626	0.001	34.3
XP_006612699.2	XP_006562311.2	39.583	48	29	0	55	102	1784	1831	0.046	28.1
XP_006612699.2	XP_006562310.2	39.583	48	29	0	55	102	1784	1831	0.046	28.1
XP_006612699.2	XP_006562308.2	39.583	48	29	0	55	102	1982	2029	0.048	27.7
XP_006612700.1	XP_006562311.2	39.583	48	29	0	55	102	1784	1831	0.046	28.1
XP_006612700.1	XP_006562310.2	39.583	48	29	0	55	102	1784	1831	0.046	28.1
XP_006612700.1	XP_006562308.2	39.583	48	29	0	55	102	1982	2029	0.048	27.7
XP_006612701.1	XP_006562311.2	39.583	48	29	0	55	102	1784	1831	0.045	28.1
XP_006612701.1	XP_006562310.2	39.583	48	29	0	55	102	1784	1831	0.045	28.1
XP_006612701.1	XP_006562308.2	39.583	48	29	0	55	102	1982	2029	0.047	28.1
XP_006612977.1	XP_016771028.2	24.444	135	85	5	206	340	1644	1761	0.014	28.5
XP_006612977.1	XP_006562308.2	24.444	135	85	5	206	340	1980	2097	0.028	27.7
XP_006612977.1	XP_006562311.2	24.444	135	85	5	206	340	1782	1899	0.029	27.7
XP_006612977.1	XP_006562310.2	24.444	135	85	5	206	340	1782	1899	0.029	27.7
XP_006612980.1	XP_016771029.2	31.429	35	24	0	29	63	1407	1441	0.011	26.2
XP_006612980.1	XP_016771028.2	31.429	35	24	0	29	63	1471	1505	0.011	26.2
XP_006612980.1	XP_006562311.2	31.429	35	24	0	29	63	1609	1643	0.011	26.2
XP_006612980.1	XP_006562310.2	31.429	35	24	0	29	63	1609	1643	0.011	26.2
XP_006612980.1	XP_006562308.2	31.429	35	24	0	29	63	1807	1841	0.011	26.2
XP_006613099.1	XP_006562308.2	29.808	104	67	2	81	181	1331	1431	0.031	27.3
XP_006613099.1	XP_006562311.2	29.808	104	67	2	81	181	1133	1233	0.042	26.9
XP_006613099.1	XP_006562310.2	29.808	104	67	2	81	181	1133	1233	0.042	26.9
XP_006613100.1	XP_006562308.2	29.808	104	67	2	81	181	1331	1431	0.031	27.3
XP_006613100.1	XP_006562311.2	29.808	104	67	2	81	181	1133	1233	0.039	26.9
XP_006613100.1	XP_006562310.2	29.808	104	67	2	81	181	1133	1233	0.039	26.9
XP_006614010.1	XP_006562311.2	31.081	74	47	2	46	117	846	917	0.006	30.0
XP_006614010.1	XP_006562310.2	31.081	74	47	2	46	117	846	917	0.006	30.0
XP_006614011.1	XP_006562311.2	31.081	74	47	2	46	117	846	917	0.006	30.0
XP_006614011.1	XP_006562310.2	31.081	74	47	2	46	117	846	917	0.006	30.0
XP_006614013.1	XP_016771028.2	31.250	64	42	1	4	67	718	779	0.024	27.7
XP_006614013.1	XP_006562311.2	31.250	64	42	1	4	67	856	917	0.025	27.7
XP_006614013.1	XP_006562310.2	31.250	64	42	1	4	67	856	917	0.025	27.7
XP_006614013.1	XP_016771029.2	31.250	64	42	1	4	67	654	715	0.025	27.7
XP_006614013.1	XP_006562308.2	31.250	64	42	1	4	67	1054	1115	0.025	27.7
XP_006614029.1	XP_006562308.2	29.167	96	56	3	351	438	1649	1740	0.022	27.3
XP_006614029.1	XP_016771028.2	29.167	96	56	3	351	438	1313	1404	0.022	27.3
XP_006614029.1	XP_006562311.2	29.167	96	56	3	351	438	1451	1542	0.022	27.3
XP_006614029.1	XP_006562310.2	29.167	96	56	3	351	438	1451	1542	0.022	27.3
XP_006614029.1	XP_016771029.2	29.167	96	56	3	351	438	1249	1340	0.023	27.3
XP_006614519.1	XP_016771029.2	27.397	73	47	2	25	97	1099	1165	0.009	25.8
XP_006614519.1	XP_016771028.2	27.397	73	47	2	25	97	1163	1229	0.009	25.8
XP_006614519.1	XP_006562311.2	27.397	73	47	2	25	97	1301	1367	0.009	25.8
XP_006614519.1	XP_006562310.2	27.397	73	47	2	25	97	1301	1367	0.009	25.8
XP_006614519.1	XP_006562308.2	27.397	73	47	2	25	97	1499	1565	0.009	25.8
XP_006614955.1	XP_006562308.2	26.506	166	98	10	125	284	932	1079	0.008	28.1
XP_006614955.1	XP_006562311.2	26.506	166	98	10	125	284	734	881	0.009	27.7
XP_006614955.1	XP_006562310.2	26.506	166	98	10	125	284	734	881	0.009	27.7
XP_006614955.1	XP_016771028.2	28.902	173	85	11	125	284	596	743	0.010	27.7
XP_006614955.1	XP_016771029.2	28.902	173	85	11	125	284	532	679	0.011	27.7
XP_006615569.1	XP_006562308.2	35.294	34	21	1	82	114	169	202	0.011	28.9
XP_006615588.1	XP_006562311.2	29.630	81	54	2	22	102	519	596	0.003	30.0
XP_006615588.1	XP_006562310.2	29.630	81	54	2	22	102	519	596	0.003	30.0
XP_006615588.1	XP_006562308.2	29.630	81	54	2	22	102	717	794	0.004	30.0
XP_006615588.1	XP_016771028.2	29.630	81	54	2	22	102	381	458	0.005	29.6
XP_006615588.1	XP_016771029.2	29.630	81	54	2	22	102	317	394	0.005	29.3
XP_006615728.1	XP_016771021.1	30.159	63	33	1	216	267	248	310	0.015	28.9
XP_006615728.1	XP_016771020.1	30.159	63	33	1	216	267	248	310	0.015	28.9
XP_006615728.1	XP_016771029.2	30.612	49	24	1	404	452	1524	1562	0.040	27.7
XP_006615728.1	XP_016771028.2	30.612	49	24	1	404	452	1588	1626	0.042	27.7
XP_006615728.1	XP_006562308.2	30.612	49	24	1	404	452	1924	1962	0.045	27.7
XP_006615728.1	XP_006562311.2	30.612	49	24	1	404	452	1726	1764	0.049	27.3
XP_006615729.1	XP_016771021.1	30.159	63	33	1	216	267	248	310	0.012	29.3
XP_006615729.1	XP_016771020.1	30.159	63	33	1	216	267	248	310	0.012	29.3
XP_006615729.1	XP_016771029.2	30.612	49	24	1	404	452	1524	1562	0.039	27.7
XP_006615729.1	XP_016771028.2	30.612	49	24	1	404	452	1588	1626	0.039	27.7
XP_006615729.1	XP_006562308.2	30.612	49	24	1	404	452	1924	1962	0.043	27.7
XP_006615729.1	XP_006562311.2	30.612	49	24	1	404	452	1726	1764	0.048	27.3
XP_006616036.1	XP_006562308.2	25.517	145	92	6	1020	1158	1010	1144	0.001	33.5
XP_006616036.1	XP_006562311.2	25.517	145	92	6	1020	1158	812	946	0.002	33.5
XP_006616036.1	XP_006562310.2	25.517	145	92	6	1020	1158	812	946	0.002	33.5
XP_006616036.1	XP_016771029.2	25.517	145	92	6	1020	1158	610	744	0.002	32.7
XP_006616036.1	XP_016771028.2	25.517	145	92	6	1020	1158	674	808	0.002	32.7
XP_006616037.1	XP_006562311.2	25.517	145	92	6	1013	1151	812	946	0.002	33.5
XP_006616037.1	XP_006562310.2	25.517	145	92	6	1013	1151	812	946	0.002	33.5
XP_006616037.1	XP_006562308.2	25.517	145	92	6	1013	1151	1010	1144	0.002	33.5
XP_006616037.1	XP_016771029.2	25.517	145	92	6	1013	1151	610	744	0.002	33.1
XP_006616037.1	XP_016771028.2	25.517	145	92	6	1013	1151	674	808	0.002	33.1
XP_006616077.1	XP_006562308.2	23.466	277	185	8	362	612	283	558	5.75e-15	68.9
XP_006616077.1	XP_006562311.2	23.466	277	185	8	362	612	64	339	1.28e-14	67.8
XP_006616077.1	XP_006562310.2	23.466	277	185	8	362	612	64	339	1.28e-14	67.8
XP_006616149.2	XP_016771021.1	24.286	140	81	6	402	532	307	430	3.75e-04	34.7
XP_006616149.2	XP_016771020.1	24.286	140	81	6	402	532	307	430	3.75e-04	34.7
XP_006616234.1	XP_016771021.1	100.000	133	0	0	1	133	1	133	4.10e-96	283
XP_006616234.1	XP_016771020.1	100.000	133	0	0	1	133	1	133	4.10e-96	283
XP_006616259.1	XP_016771021.1	33.543	477	287	12	39	498	23	486	1.14e-80	258
XP_006616259.1	XP_016771020.1	33.543	477	287	12	39	498	23	486	1.14e-80	258
XP_006616276.1	XP_006562308.2	25.664	226	135	7	141	338	283	503	6.70e-13	63.2
XP_006616276.1	XP_006562311.2	25.664	226	135	7	141	338	64	284	1.24e-12	62.0
XP_006616276.1	XP_006562310.2	25.664	226	135	7	141	338	64	284	1.24e-12	62.0
XP_006616277.1	XP_006562308.2	24.779	226	137	7	180	377	283	503	1.14e-12	62.0
XP_006616277.1	XP_006562311.2	24.779	226	137	7	180	377	64	284	2.08e-12	61.2
XP_006616277.1	XP_006562310.2	24.779	226	137	7	180	377	64	284	2.08e-12	61.2
XP_006616278.1	XP_006562308.2	24.779	226	137	7	180	377	283	503	1.20e-12	62.0
XP_006616278.1	XP_006562311.2	24.779	226	137	7	180	377	64	284	2.10e-12	61.2
XP_006616278.1	XP_006562310.2	24.779	226	137	7	180	377	64	284	2.10e-12	61.2
XP_006616394.1	XP_016771021.1	37.500	40	24	1	510	548	277	316	0.016	28.5
XP_006616394.1	XP_016771020.1	37.500	40	24	1	510	548	277	316	0.016	28.5
XP_006616395.1	XP_016771021.1	37.500	40	24	1	504	542	277	316	0.016	28.5
XP_006616395.1	XP_016771020.1	37.500	40	24	1	504	542	277	316	0.016	28.5
XP_006616446.1	XP_006562308.2	88.614	2301	165	42	1	2242	1	2263	0.0	3829
XP_006616446.1	XP_006562311.2	88.456	2053	161	41	249	2242	30	2065	0.0	3389
XP_006616446.1	XP_006562310.2	88.456	2053	161	41	249	2242	30	2065	0.0	3389
XP_006616446.1	XP_016771029.2	87.875	1798	160	42	486	2242	83	1863	0.0	2870
XP_006616446.1	XP_016771028.2	87.684	1762	160	40	521	2242	183	1927	0.0	2803
XP_006616871.1	XP_016771028.2	32.308	65	38	3	25	85	1351	1413	0.023	26.9
XP_006616871.1	XP_016771029.2	32.308	65	38	3	25	85	1287	1349	0.025	26.9
XP_006616871.1	XP_006562311.2	32.308	65	38	3	25	85	1489	1551	0.027	26.6
XP_006616871.1	XP_006562310.2	32.308	65	38	3	25	85	1489	1551	0.027	26.6
XP_006616871.1	XP_006562308.2	32.308	65	38	3	25	85	1687	1749	0.027	26.6
XP_006616872.1	XP_016771029.2	32.308	65	38	3	25	85	1287	1349	0.014	27.3
XP_006616872.1	XP_016771028.2	32.308	65	38	3	25	85	1351	1413	0.014	27.3
XP_006616872.1	XP_006562308.2	32.308	65	38	3	25	85	1687	1749	0.015	26.9
XP_006616872.1	XP_006562311.2	32.308	65	38	3	25	85	1489	1551	0.016	26.9
XP_006616872.1	XP_006562310.2	32.308	65	38	3	25	85	1489	1551	0.016	26.9
XP_006617103.1	XP_016771029.2	34.375	32	21	0	7	38	942	973	0.022	26.2
XP_006617103.1	XP_006562308.2	34.375	32	21	0	7	38	1342	1373	0.023	26.2
XP_006617103.1	XP_006562311.2	34.375	32	21	0	7	38	1144	1175	0.023	26.2
XP_006617103.1	XP_006562310.2	34.375	32	21	0	7	38	1144	1175	0.023	26.2
XP_006618193.1	XP_006562308.2	28.070	114	74	3	893	1004	2070	2177	0.039	28.1
XP_006618193.1	XP_006562311.2	28.070	114	74	3	893	1004	1872	1979	0.043	28.1
XP_006618193.1	XP_006562310.2	28.070	114	74	3	893	1004	1872	1979	0.043	28.1
XP_006618509.1	XP_016771029.2	26.506	83	51	3	160	232	1242	1324	0.043	26.9
XP_006618509.1	XP_016771028.2	26.506	83	51	3	160	232	1306	1388	0.047	26.9
XP_006618758.1	XP_006562308.2	28.846	52	33	2	24	72	1545	1595	8.88e-04	29.6
XP_006618758.1	XP_006562311.2	28.846	52	33	2	24	72	1347	1397	0.001	29.3
XP_006618758.1	XP_006562310.2	28.846	52	33	2	24	72	1347	1397	0.001	29.3
XP_006618758.1	XP_016771028.2	28.846	52	33	2	24	72	1209	1259	0.001	29.3
XP_006618758.1	XP_016771029.2	28.846	52	33	2	24	72	1145	1195	0.001	29.3
XP_006619235.1	XP_016771029.2	27.869	61	39	1	1098	1158	1517	1572	0.038	29.6
XP_006619235.1	XP_016771028.2	27.869	61	39	1	1098	1158	1581	1636	0.039	29.6
XP_006619300.1	XP_016771029.2	32.558	43	29	0	16	58	1483	1525	0.014	26.9
XP_006619300.1	XP_016771028.2	32.558	43	29	0	16	58	1547	1589	0.015	26.9
XP_006619300.1	XP_006562311.2	32.558	43	29	0	16	58	1685	1727	0.019	26.6
XP_006619300.1	XP_006562310.2	32.558	43	29	0	16	58	1685	1727	0.019	26.6
XP_006619300.1	XP_006562308.2	32.558	43	29	0	16	58	1883	1925	0.024	26.2
XP_006619460.1	XP_016771021.1	24.638	69	50	1	9	77	278	344	0.010	27.3
XP_006619460.1	XP_016771020.1	24.638	69	50	1	9	77	278	344	0.010	27.3
XP_006619979.1	XP_006562311.2	31.081	74	38	3	10	74	669	738	0.029	27.3
XP_006619979.1	XP_006562310.2	31.081	74	38	3	10	74	669	738	0.029	27.3
XP_006619979.1	XP_006562308.2	31.081	74	38	3	10	74	867	936	0.031	26.9
XP_006619979.1	XP_016771028.2	31.081	74	38	3	10	74	531	600	0.036	26.9
XP_006619979.1	XP_016771029.2	32.432	74	37	4	10	74	467	536	0.037	26.9
XP_006619981.1	XP_006562311.2	31.081	74	38	3	10	74	669	738	0.025	27.3
XP_006619981.1	XP_006562310.2	31.081	74	38	3	10	74	669	738	0.025	27.3
XP_006619981.1	XP_006562308.2	31.081	74	38	3	10	74	867	936	0.027	27.3
XP_006619981.1	XP_016771029.2	31.081	74	38	3	10	74	467	536	0.033	26.9
XP_006619981.1	XP_016771028.2	31.081	74	38	3	10	74	531	600	0.033	26.9
XP_006619983.1	XP_006562311.2	31.081	74	38	3	10	74	669	738	0.027	27.3
XP_006619983.1	XP_006562310.2	31.081	74	38	3	10	74	669	738	0.027	27.3
XP_006619983.1	XP_006562308.2	31.081	74	38	3	10	74	867	936	0.029	26.9
XP_006619983.1	XP_016771028.2	31.081	74	38	3	10	74	531	600	0.036	26.9
XP_006619983.1	XP_016771029.2	31.081	74	38	3	10	74	467	536	0.037	26.6
XP_006620231.1	XP_016771021.1	45.161	31	17	0	34	64	623	653	0.016	24.6
XP_006620231.1	XP_016771020.1	45.161	31	17	0	34	64	623	653	0.016	24.6
XP_006620283.1	XP_006562308.2	26.250	240	135	7	488	695	283	512	3.77e-18	80.9
XP_006620283.1	XP_006562311.2	26.250	240	135	7	488	695	64	293	4.70e-18	80.5
XP_006620283.1	XP_006562310.2	26.250	240	135	7	488	695	64	293	4.70e-18	80.5
XP_006620788.1	XP_016771028.2	26.415	53	35	2	18	69	1062	1111	0.032	25.4
XP_006620788.1	XP_016771029.2	26.415	53	35	2	18	69	998	1047	0.033	25.4
XP_006620788.1	XP_006562311.2	26.415	53	35	2	18	69	1200	1249	0.034	25.4
XP_006620788.1	XP_006562310.2	26.415	53	35	2	18	69	1200	1249	0.034	25.4
XP_006620788.1	XP_006562308.2	26.415	53	35	2	18	69	1398	1447	0.035	25.0
XP_006621084.1	XP_016771021.1	27.273	88	50	5	114	199	400	475	0.007	28.9
XP_006621084.1	XP_016771020.1	27.273	88	50	5	114	199	400	475	0.007	28.9
XP_006621508.1	XP_006562311.2	28.395	81	51	3	508	581	261	341	0.005	31.2
XP_006621508.1	XP_006562310.2	28.395	81	51	3	508	581	261	341	0.005	31.2
XP_006621508.1	XP_006562308.2	28.395	81	51	3	508	581	480	560	0.005	30.8
XP_006621512.1	XP_006562311.2	28.395	81	51	3	282	355	261	341	0.007	30.0
XP_006621512.1	XP_006562310.2	28.395	81	51	3	282	355	261	341	0.007	30.0
XP_006621512.1	XP_006562308.2	28.395	81	51	3	282	355	480	560	0.007	30.0
XP_006621513.1	XP_006562311.2	28.395	81	51	3	282	355	261	341	0.007	30.0
XP_006621513.1	XP_006562310.2	28.395	81	51	3	282	355	261	341	0.007	30.0
XP_006621513.1	XP_006562308.2	28.395	81	51	3	282	355	480	560	0.007	30.0
XP_006622281.1	NP_001011611.2	47.059	17	9	0	105	121	16	32	0.039	23.5
XP_006622282.1	NP_001011611.2	47.059	17	9	0	104	120	16	32	0.039	23.5
XP_006622315.1	XP_016771028.2	29.487	78	50	3	667	741	130	205	0.024	28.5
XP_006622513.1	XP_016771021.1	30.769	65	38	2	115	173	221	284	8.32e-04	30.8
XP_006622513.1	XP_016771020.1	30.769	65	38	2	115	173	221	284	8.32e-04	30.8
XP_006622634.1	NP_001011611.2	86.364	44	6	0	1	44	1	44	3.44e-24	79.0
XP_006622634.1	NP_001011612.1	81.818	33	4	1	1	33	1	31	1.47e-13	52.0
XP_006622636.1	XP_016771021.1	100.000	524	0	0	1	524	137	660	0.0	1088
XP_006622636.1	XP_016771020.1	100.000	524	0	0	1	524	137	660	0.0	1088
XP_006622681.1	XP_016771021.1	47.059	17	9	0	106	122	184	200	0.026	25.0
XP_006622681.1	XP_016771020.1	47.059	17	9	0	106	122	184	200	0.026	25.0
XP_006622912.1	XP_016771028.2	34.694	49	31	1	419	467	140	187	0.014	30.0
XP_006623239.1	XP_006562308.2	23.457	81	51	2	19	99	1886	1955	0.041	25.0
XP_006623517.1	XP_016771028.2	46.429	28	15	0	659	686	1246	1273	0.012	30.8
XP_006623517.1	XP_016771029.2	46.429	28	15	0	659	686	1182	1209	0.012	30.8
XP_006623517.1	XP_006562311.2	46.429	28	15	0	659	686	1384	1411	0.015	30.4
XP_006623517.1	XP_006562310.2	46.429	28	15	0	659	686	1384	1411	0.015	30.4
XP_006623517.1	XP_006562308.2	46.429	28	15	0	659	686	1582	1609	0.016	30.4
XP_006623518.1	XP_016771029.2	46.429	28	15	0	659	686	1182	1209	0.012	30.8
XP_006623518.1	XP_016771028.2	46.429	28	15	0	659	686	1246	1273	0.012	30.8
XP_006623518.1	XP_006562311.2	46.429	28	15	0	659	686	1384	1411	0.015	30.4
XP_006623518.1	XP_006562310.2	46.429	28	15	0	659	686	1384	1411	0.015	30.4
XP_006623518.1	XP_006562308.2	46.429	28	15	0	659	686	1582	1609	0.015	30.4
XP_006624569.1	XP_016771021.1	30.233	129	77	3	738	854	8	135	1.22e-10	55.8
XP_006624569.1	XP_016771021.1	28.205	78	50	2	582	657	68	141	6.54e-05	37.4
XP_006624569.1	XP_016771020.1	30.233	129	77	3	738	854	8	135	1.22e-10	55.8
XP_006624569.1	XP_016771020.1	28.205	78	50	2	582	657	68	141	6.54e-05	37.4
XP_006624571.1	XP_016771021.1	30.233	129	77	3	738	854	8	135	1.55e-10	55.5
XP_006624571.1	XP_016771021.1	28.205	78	50	2	582	657	68	141	8.75e-05	36.6
XP_006624571.1	XP_016771020.1	30.233	129	77	3	738	854	8	135	1.55e-10	55.5
XP_006624571.1	XP_016771020.1	28.205	78	50	2	582	657	68	141	8.75e-05	36.6
XP_006624657.1	XP_006562311.2	25.556	270	168	8	93	337	56	317	1.57e-19	83.6
XP_006624657.1	XP_006562310.2	25.556	270	168	8	93	337	56	317	1.57e-19	83.6
XP_006624657.1	XP_006562308.2	25.556	270	168	8	93	337	275	536	1.96e-19	83.2
XP_006624658.1	XP_006562311.2	25.556	270	168	8	93	337	56	317	1.57e-19	83.6
XP_006624658.1	XP_006562310.2	25.556	270	168	8	93	337	56	317	1.57e-19	83.6
XP_006624658.1	XP_006562308.2	25.556	270	168	8	93	337	275	536	1.96e-19	83.2
XP_006624659.1	XP_006562311.2	25.940	266	154	9	93	319	56	317	7.15e-19	81.3
XP_006624659.1	XP_006562310.2	25.940	266	154	9	93	319	56	317	7.15e-19	81.3
XP_006624659.1	XP_006562308.2	25.940	266	154	9	93	319	275	536	9.91e-19	80.9
XP_006624723.1	XP_016771021.1	21.875	96	64	3	53	137	431	526	0.029	27.3
XP_006624723.1	XP_016771020.1	21.875	96	64	3	53	137	431	526	0.029	27.3
XP_006624861.1	XP_006562311.2	34.375	32	21	0	14	45	519	550	0.044	24.6
XP_006624861.1	XP_006562310.2	34.375	32	21	0	14	45	519	550	0.044	24.6
XP_006624861.1	XP_016771029.2	34.375	32	21	0	14	45	317	348	0.047	24.6
XP_006624861.1	XP_006562308.2	34.375	32	21	0	14	45	717	748	0.047	24.3
XP_006625073.1	XP_016771028.2	23.214	112	73	2	958	1069	613	711	7.21e-04	34.3
XP_006625073.1	XP_016771029.2	23.214	112	73	2	958	1069	549	647	7.83e-04	34.3
XP_006625073.1	XP_006562311.2	23.214	112	73	2	958	1069	751	849	8.94e-04	33.9
XP_006625073.1	XP_006562310.2	23.214	112	73	2	958	1069	751	849	8.94e-04	33.9
XP_006625073.1	XP_006562308.2	23.214	112	73	2	958	1069	949	1047	0.001	33.9
XP_006625074.1	XP_016771028.2	23.214	112	73	2	958	1069	613	711	6.84e-04	34.3
XP_006625074.1	XP_016771029.2	23.214	112	73	2	958	1069	549	647	7.06e-04	34.3
XP_006625074.1	XP_006562311.2	23.214	112	73	2	958	1069	751	849	8.48e-04	33.9
XP_006625074.1	XP_006562310.2	23.214	112	73	2	958	1069	751	849	8.48e-04	33.9
XP_006625074.1	XP_006562308.2	23.214	112	73	2	958	1069	949	1047	0.001	33.9
XP_006625076.1	XP_016771029.2	23.214	112	73	2	854	965	549	647	6.47e-04	34.3
XP_006625076.1	XP_016771028.2	23.214	112	73	2	854	965	613	711	6.60e-04	34.3
XP_006625076.1	XP_006562311.2	23.214	112	73	2	854	965	751	849	7.98e-04	33.9
XP_006625076.1	XP_006562310.2	23.214	112	73	2	854	965	751	849	7.98e-04	33.9
XP_006625076.1	XP_006562308.2	23.214	112	73	2	854	965	949	1047	0.001	33.9
XP_006625077.1	XP_006562311.2	23.214	112	73	2	958	1069	751	849	7.01e-04	34.3
XP_006625077.1	XP_006562310.2	23.214	112	73	2	958	1069	751	849	7.01e-04	34.3
XP_006625077.1	XP_016771028.2	23.214	112	73	2	958	1069	613	711	7.03e-04	33.9
XP_006625077.1	XP_016771029.2	23.214	112	73	2	958	1069	549	647	7.08e-04	33.9
XP_006625077.1	XP_006562308.2	23.214	112	73	2	958	1069	949	1047	7.92e-04	33.9
XP_006625078.1	XP_016771029.2	23.214	112	73	2	958	1069	549	647	6.94e-04	34.3
XP_006625078.1	XP_016771028.2	23.214	112	73	2	958	1069	613	711	6.96e-04	34.3
XP_006625078.1	XP_006562311.2	23.214	112	73	2	958	1069	751	849	7.17e-04	33.9
XP_006625078.1	XP_006562310.2	23.214	112	73	2	958	1069	751	849	7.17e-04	33.9
XP_006625078.1	XP_006562308.2	23.214	112	73	2	958	1069	949	1047	7.51e-04	33.9
XP_006625086.1	XP_016771029.2	24.468	94	56	3	440	518	1481	1574	0.041	27.7
XP_006625086.1	XP_006562311.2	24.468	94	56	3	440	518	1683	1776	0.045	27.7
XP_006625086.1	XP_006562310.2	24.468	94	56	3	440	518	1683	1776	0.045	27.7
XP_006625086.1	XP_016771028.2	24.468	94	56	3	440	518	1545	1638	0.046	27.7
XP_006625087.1	XP_016771029.2	24.468	94	56	3	440	518	1481	1574	0.041	27.7
XP_006625087.1	XP_006562311.2	24.468	94	56	3	440	518	1683	1776	0.045	27.7
XP_006625087.1	XP_006562310.2	24.468	94	56	3	440	518	1683	1776	0.045	27.7
XP_006625087.1	XP_016771028.2	24.468	94	56	3	440	518	1545	1638	0.046	27.7
XP_031363933.1	XP_016771028.2	23.171	82	52	2	10	91	1389	1459	0.040	23.5
XP_031363933.1	XP_006562311.2	23.171	82	52	2	10	91	1527	1597	0.040	23.5
XP_031363933.1	XP_006562310.2	23.171	82	52	2	10	91	1527	1597	0.040	23.5
XP_031363933.1	XP_016771029.2	23.171	82	52	2	10	91	1325	1395	0.043	23.5
XP_031363933.1	XP_006562308.2	23.171	82	52	2	10	91	1725	1795	0.044	23.5
XP_031364127.1	XP_006562308.2	28.333	60	40	1	198	257	249	305	0.036	26.2
XP_031364127.1	XP_006562311.2	28.333	60	40	1	198	257	30	86	0.039	26.2
XP_031364127.1	XP_006562310.2	28.333	60	40	1	198	257	30	86	0.039	26.2
XP_031364137.1	XP_006562308.2	28.333	60	40	1	191	250	249	305	0.029	26.6
XP_031364137.1	XP_006562311.2	28.333	60	40	1	191	250	30	86	0.030	26.6
XP_031364137.1	XP_006562310.2	28.333	60	40	1	191	250	30	86	0.030	26.6
XP_031364339.1	XP_006562308.2	31.188	202	118	6	97	277	283	484	9.95e-23	89.7
XP_031364339.1	XP_006562311.2	31.188	202	118	6	97	277	64	265	2.04e-22	88.6
XP_031364339.1	XP_006562310.2	31.188	202	118	6	97	277	64	265	2.04e-22	88.6
XP_031364393.1	XP_006562311.2	41.463	41	21	2	770	807	52	92	0.018	29.3
XP_031364393.1	XP_006562310.2	41.463	41	21	2	770	807	52	92	0.018	29.3
XP_031364393.1	XP_006562308.2	41.463	41	21	2	770	807	271	311	0.019	28.9
XP_031364405.1	XP_006562308.2	29.944	177	101	6	607	764	331	503	1.49e-15	72.0
XP_031364405.1	XP_006562311.2	29.944	177	101	6	607	764	112	284	1.77e-15	72.0
XP_031364405.1	XP_006562310.2	29.944	177	101	6	607	764	112	284	1.77e-15	72.0
XP_031364656.1	XP_006562308.2	29.565	115	63	5	1453	1554	1853	1962	4.50e-04	35.4
XP_031364656.1	XP_006562311.2	29.565	115	63	5	1453	1554	1655	1764	7.17e-04	34.7
XP_031364656.1	XP_006562310.2	29.565	115	63	5	1453	1554	1655	1764	7.17e-04	34.7
XP_031364656.1	XP_016771028.2	29.565	115	63	5	1453	1554	1517	1626	0.001	34.3
XP_031364656.1	XP_016771029.2	29.565	115	63	5	1453	1554	1453	1562	0.001	34.3
XP_031364657.1	XP_006562308.2	29.565	115	63	5	1416	1517	1853	1962	4.45e-04	35.4
XP_031364657.1	XP_006562311.2	29.565	115	63	5	1416	1517	1655	1764	6.46e-04	34.7
XP_031364657.1	XP_006562310.2	29.565	115	63	5	1416	1517	1655	1764	6.46e-04	34.7
XP_031364657.1	XP_016771029.2	29.565	115	63	5	1416	1517	1453	1562	0.001	34.3
XP_031364657.1	XP_016771028.2	29.565	115	63	5	1416	1517	1517	1626	0.001	34.3
XP_031364774.1	XP_006562311.2	23.214	112	71	3	421	518	196	306	0.013	28.5
XP_031364774.1	XP_006562310.2	23.214	112	71	3	421	518	196	306	0.013	28.5
XP_031364774.1	XP_006562308.2	23.478	115	73	3	421	521	415	528	0.014	28.5
XP_031365030.1	XP_016771021.1	29.730	37	26	0	88	124	415	451	0.012	25.8
XP_031365030.1	XP_016771020.1	29.730	37	26	0	88	124	415	451	0.012	25.8
XP_031365036.1	XP_016771029.2	30.159	63	44	0	1049	1111	1270	1332	0.038	28.9
XP_031365036.1	XP_016771028.2	30.159	63	44	0	1049	1111	1334	1396	0.041	28.9
XP_031365074.1	XP_006562308.2	29.808	104	67	2	50	150	1331	1431	0.028	27.3
XP_031365074.1	XP_006562311.2	29.808	104	67	2	50	150	1133	1233	0.040	26.6
XP_031365074.1	XP_006562310.2	29.808	104	67	2	50	150	1133	1233	0.040	26.6
XP_031365208.1	XP_006562308.2	28.846	52	37	0	117	168	1321	1372	0.047	27.3
XP_031365208.1	XP_006562311.2	28.846	52	37	0	117	168	1123	1174	0.047	27.3
XP_031365208.1	XP_006562310.2	28.846	52	37	0	117	168	1123	1174	0.047	27.3
XP_031365410.1	XP_016771028.2	27.273	66	40	2	866	931	1476	1533	0.015	29.3
XP_031365410.1	XP_016771029.2	27.273	66	40	2	866	931	1412	1469	0.017	29.3
XP_031365410.1	XP_006562308.2	27.273	66	40	2	866	931	1812	1869	0.018	29.3
XP_031365410.1	XP_006562311.2	27.273	66	40	2	866	931	1614	1671	0.019	28.9
XP_031365410.1	XP_006562310.2	27.273	66	40	2	866	931	1614	1671	0.019	28.9
XP_031365458.1	XP_006562311.2	31.081	74	47	2	53	124	846	917	0.006	30.0
XP_031365458.1	XP_006562310.2	31.081	74	47	2	53	124	846	917	0.006	30.0
XP_031365458.1	XP_006562308.2	31.081	74	47	2	53	124	1044	1115	0.006	30.0
XP_031365459.1	XP_006562311.2	31.081	74	47	2	53	124	846	917	0.006	30.0
XP_031365459.1	XP_006562310.2	31.081	74	47	2	53	124	846	917	0.006	30.0
XP_031365459.1	XP_006562308.2	31.081	74	47	2	53	124	1044	1115	0.006	30.0
XP_031365460.1	XP_016771028.2	31.081	74	47	2	53	124	708	779	0.005	30.0
XP_031365460.1	XP_006562311.2	31.081	74	47	2	53	124	846	917	0.005	30.0
XP_031365460.1	XP_006562310.2	31.081	74	47	2	53	124	846	917	0.005	30.0
XP_031365460.1	XP_006562308.2	31.081	74	47	2	53	124	1044	1115	0.005	30.0
XP_031365466.1	XP_006562308.2	29.167	96	56	3	265	352	1649	1740	0.018	27.3
XP_031365466.1	XP_016771028.2	29.167	96	56	3	265	352	1313	1404	0.019	27.3
XP_031365466.1	XP_006562311.2	29.167	96	56	3	265	352	1451	1542	0.019	27.3
XP_031365466.1	XP_006562310.2	29.167	96	56	3	265	352	1451	1542	0.019	27.3
XP_031365466.1	XP_016771029.2	29.167	96	56	3	265	352	1249	1340	0.021	27.3
XP_031365514.1	XP_006562308.2	19.481	154	117	3	63	209	625	778	0.001	32.3
XP_031365514.1	XP_006562311.2	21.849	119	86	3	98	209	462	580	0.014	28.5
XP_031365514.1	XP_006562310.2	21.849	119	86	3	98	209	462	580	0.014	28.5
XP_031365514.1	XP_016771029.2	21.849	119	86	3	98	209	260	378	0.024	27.7
XP_031365514.1	XP_016771028.2	21.849	119	86	3	98	209	324	442	0.024	27.7
XP_031365515.1	XP_006562308.2	19.481	154	117	3	63	209	625	778	0.001	32.3
XP_031365515.1	XP_006562311.2	21.849	119	86	3	98	209	462	580	0.020	28.1
XP_031365515.1	XP_006562310.2	21.849	119	86	3	98	209	462	580	0.020	28.1
XP_031365515.1	XP_016771029.2	21.849	119	86	3	98	209	260	378	0.030	27.3
XP_031365516.1	XP_006562308.2	19.481	154	117	3	63	209	625	778	0.001	32.0
XP_031365516.1	XP_006562311.2	21.849	119	86	3	98	209	462	580	0.020	28.1
XP_031365516.1	XP_006562310.2	21.849	119	86	3	98	209	462	580	0.020	28.1
XP_031365516.1	XP_016771029.2	21.849	119	86	3	98	209	260	378	0.039	26.9
XP_031365874.1	XP_006562308.2	29.310	58	40	1	173	230	463	519	0.001	32.3
XP_031365874.1	XP_006562311.2	29.310	58	40	1	173	230	244	300	0.001	32.0
XP_031365874.1	XP_006562310.2	29.310	58	40	1	173	230	244	300	0.001	32.0
XP_031366260.1	XP_006562308.2	35.294	34	21	1	82	114	169	202	0.011	28.9
XP_031366261.1	XP_006562308.2	35.294	34	21	1	63	95	169	202	0.010	28.9
XP_031366601.1	XP_006562308.2	24.779	226	137	7	180	377	283	503	8.83e-13	62.8
XP_031366601.1	XP_006562311.2	24.779	226	137	7	180	377	64	284	1.53e-12	62.0
XP_031366601.1	XP_006562310.2	24.779	226	137	7	180	377	64	284	1.53e-12	62.0
XP_031366605.1	XP_006562308.2	18.093	514	345	23	3422	3928	1729	2173	4.58e-04	38.5
XP_031366605.1	XP_006562311.2	18.093	514	345	23	3422	3928	1531	1975	5.16e-04	38.5
XP_031366605.1	XP_006562310.2	18.093	514	345	23	3422	3928	1531	1975	5.16e-04	38.5
XP_031366605.1	XP_016771029.2	17.899	514	346	22	3422	3928	1329	1773	0.002	36.2
XP_031366605.1	XP_016771028.2	17.544	513	349	18	3422	3928	1393	1837	0.004	35.8
XP_031366994.1	XP_006562308.2	32.000	75	43	3	364	433	1829	1900	0.032	28.5
XP_031366994.1	XP_006562311.2	32.000	75	43	3	364	433	1631	1702	0.040	28.5
XP_031366994.1	XP_006562310.2	32.000	75	43	3	364	433	1631	1702	0.040	28.5
XP_031366994.1	XP_016771028.2	32.000	75	43	3	364	433	1493	1564	0.049	28.1
XP_031367441.1	XP_016771029.2	32.558	43	27	1	132	172	357	399	0.033	25.0
XP_031367441.1	XP_016771028.2	32.558	43	27	1	132	172	421	463	0.033	25.0
XP_031367441.1	XP_006562311.2	32.558	43	27	1	132	172	559	601	0.035	25.0
XP_031367441.1	XP_006562310.2	32.558	43	27	1	132	172	559	601	0.035	25.0
XP_031367441.1	XP_006562308.2	32.558	43	27	1	132	172	757	799	0.035	25.0
XP_031367543.1	XP_016771028.2	23.529	68	46	2	179	240	1194	1261	0.033	26.2
XP_031367543.1	XP_016771029.2	23.529	68	46	2	179	240	1130	1197	0.038	26.2
XP_031367544.1	XP_016771028.2	23.529	68	46	2	179	240	1194	1261	0.033	26.2
XP_031367544.1	XP_016771029.2	23.529	68	46	2	179	240	1130	1197	0.038	26.2
XP_031367552.1	XP_016771028.2	22.917	96	62	3	2	85	1577	1672	0.002	26.9
XP_031367552.1	XP_016771029.2	22.917	96	62	3	2	85	1513	1608	0.002	26.6
XP_031367552.1	XP_006562308.2	22.917	96	62	3	2	85	1913	2008	0.002	26.2
XP_031367552.1	XP_006562311.2	22.917	96	62	3	2	85	1715	1810	0.003	26.2
XP_031367552.1	XP_006562310.2	22.917	96	62	3	2	85	1715	1810	0.003	26.2
XP_031367729.1	XP_006562308.2	26.050	119	79	4	188	304	2096	2207	0.003	30.0
XP_031367729.1	XP_006562311.2	26.531	98	67	3	188	283	1898	1992	0.004	29.6
XP_031367729.1	XP_006562310.2	26.531	98	67	3	188	283	1898	1992	0.004	29.6
XP_031367729.1	XP_016771028.2	26.263	99	68	3	187	283	1759	1854	0.007	28.9
XP_031367729.1	XP_016771029.2	26.531	98	67	3	188	283	1696	1790	0.007	28.9
XP_031367731.1	XP_006562308.2	26.050	119	79	4	188	304	2096	2207	0.009	29.3
XP_031367731.1	XP_006562311.2	26.531	98	67	3	188	283	1898	1992	0.010	29.3
XP_031367731.1	XP_006562310.2	26.531	98	67	3	188	283	1898	1992	0.010	29.3
XP_031367731.1	XP_016771029.2	26.531	98	67	3	188	283	1696	1790	0.016	28.5
XP_031367731.1	XP_016771028.2	26.531	98	67	3	188	283	1760	1854	0.016	28.5
XP_031368052.1	XP_016771029.2	27.869	61	39	1	1249	1309	1517	1572	0.033	30.0
XP_031368052.1	XP_016771028.2	27.869	61	39	1	1249	1309	1581	1636	0.034	30.0
XP_031368053.1	XP_016771028.2	27.869	61	39	1	1249	1309	1581	1636	0.032	30.0
XP_031368053.1	XP_016771029.2	27.869	61	39	1	1249	1309	1517	1572	0.033	30.0
XP_031368054.1	XP_016771029.2	27.869	61	39	1	1065	1125	1517	1572	0.037	29.6
XP_031368054.1	XP_016771028.2	27.869	61	39	1	1065	1125	1581	1636	0.038	29.6
XP_031368296.1	XP_006562311.2	35.211	71	35	3	51	116	154	218	0.015	25.0
XP_031368296.1	XP_006562310.2	35.211	71	35	3	51	116	154	218	0.015	25.0
XP_031368296.1	XP_006562308.2	35.211	71	35	3	51	116	373	437	0.017	25.0
XP_031368390.1	XP_006562311.2	31.081	74	38	3	10	74	669	738	0.025	27.3
XP_031368390.1	XP_006562310.2	31.081	74	38	3	10	74	669	738	0.025	27.3
XP_031368390.1	XP_006562308.2	31.081	74	38	3	10	74	867	936	0.027	27.3
XP_031368390.1	XP_016771029.2	31.081	74	38	3	10	74	467	536	0.033	26.9
XP_031368390.1	XP_016771028.2	31.081	74	38	3	10	74	531	600	0.033	26.9
XP_031368694.1	XP_006562308.2	28.358	268	140	9	73	303	275	527	4.14e-18	76.6
XP_031368694.1	XP_006562311.2	28.358	268	140	9	73	303	56	308	5.28e-18	76.3
XP_031368694.1	XP_006562310.2	28.358	268	140	9	73	303	56	308	5.28e-18	76.3
XP_031369193.1	XP_006562311.2	28.395	81	51	3	508	581	261	341	0.005	31.2
XP_031369193.1	XP_006562310.2	28.395	81	51	3	508	581	261	341	0.005	31.2
XP_031369193.1	XP_006562308.2	28.395	81	51	3	508	581	480	560	0.005	30.8
XP_031369194.1	XP_006562311.2	28.395	81	51	3	508	581	261	341	0.005	31.2
XP_031369194.1	XP_006562310.2	28.395	81	51	3	508	581	261	341	0.005	31.2
XP_031369194.1	XP_006562308.2	28.395	81	51	3	508	581	480	560	0.005	30.8
XP_031369195.1	XP_006562311.2	28.395	81	51	3	508	581	261	341	0.005	30.8
XP_031369195.1	XP_006562310.2	28.395	81	51	3	508	581	261	341	0.005	30.8
XP_031369195.1	XP_006562308.2	28.395	81	51	3	508	581	480	560	0.005	30.8
XP_031369196.1	XP_006562311.2	28.395	81	51	3	508	581	261	341	0.004	31.2
XP_031369196.1	XP_006562310.2	28.395	81	51	3	508	581	261	341	0.004	31.2
XP_031369196.1	XP_006562308.2	28.395	81	51	3	508	581	480	560	0.004	30.8
XP_031369272.1	XP_016771021.1	40.203	296	173	3	376	669	206	499	1.63e-71	244
XP_031369272.1	XP_016771021.1	41.176	102	57	3	267	368	35	133	1.04e-18	82.4
XP_031369272.1	XP_016771020.1	40.203	296	173	3	376	669	206	499	1.63e-71	244
XP_031369272.1	XP_016771020.1	41.176	102	57	3	267	368	35	133	1.04e-18	82.4
XP_031369525.1	XP_006562308.2	43.478	23	13	0	10	32	635	657	0.045	22.7
XP_031369526.1	XP_006562308.2	43.478	23	13	0	10	32	635	657	0.045	22.7
XP_031369792.1	XP_016771028.2	26.957	115	69	3	470	575	1017	1125	0.013	29.3
XP_031369792.1	XP_016771029.2	26.957	115	69	3	470	575	953	1061	0.016	28.9
XP_031369792.1	XP_006562311.2	26.957	115	69	3	470	575	1155	1263	0.035	27.7
XP_031369792.1	XP_006562310.2	26.957	115	69	3	470	575	1155	1263	0.035	27.7
XP_031369792.1	XP_006562308.2	26.957	115	69	3	470	575	1353	1461	0.037	27.7
XP_031369859.1	XP_006562308.2	23.457	81	51	2	47	127	1886	1955	0.045	25.0
XP_031369932.1	XP_006562308.2	27.632	76	46	1	66	132	2169	2244	0.014	28.9
XP_031369973.1	XP_016771028.2	46.429	28	15	0	659	686	1246	1273	0.012	30.8
XP_031369973.1	XP_016771029.2	46.429	28	15	0	659	686	1182	1209	0.012	30.8
XP_031369973.1	XP_006562311.2	46.429	28	15	0	659	686	1384	1411	0.015	30.4
XP_031369973.1	XP_006562310.2	46.429	28	15	0	659	686	1384	1411	0.015	30.4
XP_031369973.1	XP_006562308.2	46.429	28	15	0	659	686	1582	1609	0.016	30.4
XP_031370067.1	XP_016771029.2	25.301	83	50	2	104	185	174	245	1.66e-04	32.7
XP_031370067.1	XP_006562311.2	25.301	83	50	2	104	185	376	447	1.68e-04	32.3
XP_031370067.1	XP_006562310.2	25.301	83	50	2	104	185	376	447	1.68e-04	32.3
XP_031370067.1	XP_016771028.2	25.301	83	50	2	104	185	238	309	1.69e-04	32.3
XP_031370067.1	XP_006562308.2	27.692	65	35	2	104	167	595	648	0.006	27.7
XP_031370068.1	XP_006562311.2	25.301	83	50	2	79	160	376	447	1.80e-04	32.0
XP_031370068.1	XP_006562310.2	25.301	83	50	2	79	160	376	447	1.80e-04	32.0
XP_031370068.1	XP_016771029.2	25.301	83	50	2	79	160	174	245	1.93e-04	32.0
XP_031370068.1	XP_016771028.2	25.301	83	50	2	79	160	238	309	1.94e-04	32.0
XP_031370068.1	XP_006562308.2	27.692	65	35	2	79	142	595	648	0.005	27.7
XP_031370148.1	XP_016771028.2	23.288	73	47	3	3	67	565	636	0.031	23.1
XP_031370148.1	XP_006562311.2	23.288	73	47	3	3	67	703	774	0.034	22.7
XP_031370148.1	XP_006562310.2	23.288	73	47	3	3	67	703	774	0.034	22.7
XP_031370148.1	XP_016771029.2	23.288	73	47	3	3	67	501	572	0.035	22.7
XP_031370148.1	XP_006562308.2	23.288	73	47	3	3	67	901	972	0.036	22.7
XP_031370227.1	NP_001011612.1	36.842	19	12	0	301	319	6	24	0.047	23.5
XP_031370467.1	XP_016771028.2	40.909	22	13	0	69	90	161	182	0.015	25.0
XP_031370481.1	XP_016771021.1	30.233	129	77	3	738	854	8	135	1.41e-10	55.8
XP_031370481.1	XP_016771021.1	28.205	78	50	2	582	657	68	141	7.29e-05	37.0
XP_031370481.1	XP_016771020.1	30.233	129	77	3	738	854	8	135	1.41e-10	55.8
XP_031370481.1	XP_016771020.1	28.205	78	50	2	582	657	68	141	7.29e-05	37.0
XP_031370482.1	XP_016771021.1	30.233	129	77	3	738	854	8	135	1.41e-10	55.8
XP_031370482.1	XP_016771021.1	28.205	78	50	2	582	657	68	141	7.29e-05	37.0
XP_031370482.1	XP_016771020.1	30.233	129	77	3	738	854	8	135	1.41e-10	55.8
XP_031370482.1	XP_016771020.1	28.205	78	50	2	582	657	68	141	7.29e-05	37.0
XP_031370483.1	XP_016771021.1	30.233	129	77	3	738	854	8	135	1.19e-10	55.8
XP_031370483.1	XP_016771021.1	28.205	78	50	2	582	657	68	141	6.49e-05	37.4
XP_031370483.1	XP_016771020.1	30.233	129	77	3	738	854	8	135	1.19e-10	55.8
XP_031370483.1	XP_016771020.1	28.205	78	50	2	582	657	68	141	6.49e-05	37.4
XP_031370484.1	XP_016771021.1	30.233	129	77	3	738	854	8	135	1.48e-10	55.5
XP_031370484.1	XP_016771021.1	28.205	78	50	2	582	657	68	141	8.41e-05	36.6
XP_031370484.1	XP_016771020.1	30.233	129	77	3	738	854	8	135	1.48e-10	55.5
XP_031370484.1	XP_016771020.1	28.205	78	50	2	582	657	68	141	8.41e-05	36.6
XP_031370486.1	XP_016771021.1	30.233	129	77	3	601	717	8	135	3.01e-10	54.3
XP_031370486.1	XP_016771021.1	28.205	78	50	2	445	520	68	141	8.56e-05	36.6
XP_031370486.1	XP_016771020.1	30.233	129	77	3	601	717	8	135	3.01e-10	54.3
XP_031370486.1	XP_016771020.1	28.205	78	50	2	445	520	68	141	8.56e-05	36.6
XP_031370790.1	XP_006562308.2	21.970	264	145	12	237	478	271	495	0.004	30.4
XP_031370790.1	XP_006562311.2	21.970	264	145	12	237	478	52	276	0.005	30.0
XP_031370790.1	XP_006562310.2	21.970	264	145	12	237	478	52	276	0.005	30.0
XP_031370791.1	XP_006562308.2	21.970	264	145	12	237	478	271	495	0.004	30.4
XP_031370791.1	XP_006562311.2	21.970	264	145	12	237	478	52	276	0.005	30.0
XP_031370791.1	XP_006562310.2	21.970	264	145	12	237	478	52	276	0.005	30.0
XP_031370792.1	XP_006562308.2	23.554	242	140	12	237	450	271	495	0.001	31.6
XP_031370792.1	XP_006562311.2	23.554	242	140	12	237	450	52	276	0.001	31.6
XP_031370792.1	XP_006562310.2	23.554	242	140	12	237	450	52	276	0.001	31.6
XP_031370924.1	XP_006562311.2	29.231	65	39	2	255	315	907	968	0.021	27.7
XP_031370924.1	XP_006562310.2	29.231	65	39	2	255	315	907	968	0.021	27.7
XP_031370924.1	XP_016771028.2	29.231	65	39	2	255	315	769	830	0.024	27.7
XP_031370924.1	XP_016771029.2	29.231	65	39	2	255	315	705	766	0.025	27.3
XP_031371239.1	XP_016771029.2	25.175	143	87	6	459	590	1541	1674	0.011	30.4
XP_031371239.1	XP_016771028.2	25.175	143	87	6	459	590	1605	1738	0.012	30.4
XP_031371239.1	XP_006562308.2	25.175	143	87	6	459	590	1941	2074	0.017	29.6
XP_031371239.1	XP_006562311.2	25.175	143	87	6	459	590	1743	1876	0.017	29.6
XP_031371239.1	XP_006562310.2	25.175	143	87	6	459	590	1743	1876	0.017	29.6
