XP_003689942.1	XP_006562308.2	20.175	228	143	8	298	506	282	489	7.95e-06	39.3
XP_003689942.1	XP_006562311.2	21.168	137	91	4	387	506	134	270	1.01e-05	38.9
XP_003689942.1	XP_006562310.2	21.168	137	91	4	387	506	134	270	1.01e-05	38.9
XP_003689961.1	XP_016771021.1	24.126	286	176	10	36	303	214	476	9.56e-13	59.7
XP_003689961.1	XP_016771020.1	24.126	286	176	10	36	303	214	476	9.56e-13	59.7
XP_003690112.1	XP_016771029.2	39.394	33	20	0	8	40	101	133	0.032	24.6
XP_003690112.1	XP_006562311.2	39.394	33	20	0	8	40	303	335	0.032	24.6
XP_003690112.1	XP_006562310.2	39.394	33	20	0	8	40	303	335	0.032	24.6
XP_003690112.1	XP_006562308.2	39.394	33	20	0	8	40	522	554	0.032	24.6
XP_003690179.1	XP_016771028.2	56.250	16	7	0	457	472	104	119	0.036	26.9
XP_003690743.1	XP_006562308.2	27.326	172	108	3	477	631	342	513	4.18e-13	63.5
XP_003690743.1	XP_006562311.2	27.326	172	108	3	477	631	123	294	5.85e-13	63.2
XP_003690743.1	XP_006562310.2	27.326	172	108	3	477	631	123	294	5.85e-13	63.2
XP_003691374.1	XP_016771021.1	28.571	63	34	1	216	267	248	310	0.022	28.5
XP_003691374.1	XP_016771020.1	28.571	63	34	1	216	267	248	310	0.022	28.5
XP_003691374.1	XP_016771029.2	30.612	49	24	1	404	452	1524	1562	0.039	27.7
XP_003691374.1	XP_016771028.2	30.612	49	24	1	404	452	1588	1626	0.041	27.7
XP_003691374.1	XP_006562308.2	30.612	49	24	1	404	452	1924	1962	0.042	27.7
XP_003691374.1	XP_006562311.2	30.612	49	24	1	404	452	1726	1764	0.048	27.3
XP_003691601.1	XP_016771021.1	42.105	19	11	0	19	37	57	75	0.026	25.8
XP_003691601.1	XP_016771020.1	42.105	19	11	0	19	37	57	75	0.026	25.8
XP_003691643.1	XP_006562308.2	24.775	222	145	6	360	560	283	503	4.66e-15	69.3
XP_003691643.1	XP_006562311.2	24.775	222	145	6	360	560	64	284	9.51e-15	68.2
XP_003691643.1	XP_006562310.2	24.775	222	145	6	360	560	64	284	9.51e-15	68.2
XP_003691667.1	XP_016771028.2	20.745	188	126	4	38	216	1379	1552	0.016	28.5
XP_003691667.1	XP_006562308.2	20.745	188	126	4	38	216	1715	1888	0.023	28.1
XP_003691667.1	XP_006562311.2	20.745	188	126	4	38	216	1517	1690	0.023	28.1
XP_003691667.1	XP_006562310.2	20.745	188	126	4	38	216	1517	1690	0.023	28.1
XP_003691667.1	XP_016771029.2	20.745	188	126	4	38	216	1315	1488	0.024	28.1
XP_003691790.1	XP_016771029.2	26.506	83	51	3	160	232	1242	1324	0.040	26.9
XP_003691790.1	XP_016771028.2	26.506	83	51	3	160	232	1306	1388	0.042	26.9
XP_003691790.1	XP_006562311.2	26.506	83	51	3	160	232	1444	1526	0.049	26.9
XP_003691790.1	XP_006562310.2	26.506	83	51	3	160	232	1444	1526	0.049	26.9
XP_003692893.1	XP_016771028.2	24.444	135	85	5	206	340	1644	1761	0.015	28.5
XP_003692893.1	XP_006562311.2	24.444	135	85	5	206	340	1782	1899	0.026	27.7
XP_003692893.1	XP_006562310.2	24.444	135	85	5	206	340	1782	1899	0.026	27.7
XP_003692893.1	XP_006562308.2	24.444	135	85	5	206	340	1980	2097	0.030	27.7
XP_003693008.1	XP_006562308.2	23.121	173	107	7	531	684	347	512	1.25e-07	45.4
XP_003693008.1	XP_006562311.2	23.121	173	107	7	531	684	128	293	1.48e-07	45.4
XP_003693008.1	XP_006562310.2	23.121	173	107	7	531	684	128	293	1.48e-07	45.4
XP_003693009.2	XP_016771028.2	26.316	95	51	4	130	224	1330	1405	0.046	26.9
XP_003693009.2	XP_016771029.2	26.316	95	51	4	130	224	1266	1341	0.048	26.9
XP_003693548.1	XP_006562311.2	25.556	270	168	8	93	337	56	317	1.31e-19	83.6
XP_003693548.1	XP_006562310.2	25.556	270	168	8	93	337	56	317	1.31e-19	83.6
XP_003693548.1	XP_006562308.2	25.556	270	168	8	93	337	275	536	1.93e-19	83.2
XP_003693573.1	XP_016771028.2	22.917	96	71	2	73	168	1421	1513	0.039	26.2
XP_003693573.1	XP_016771029.2	22.917	96	71	2	73	168	1357	1449	0.044	25.8
XP_003693573.1	XP_006562308.2	22.917	96	71	2	73	168	1757	1849	0.045	25.8
XP_003693573.1	XP_006562311.2	22.917	96	71	2	73	168	1559	1651	0.047	25.8
XP_003693573.1	XP_006562310.2	22.917	96	71	2	73	168	1559	1651	0.047	25.8
XP_003693834.1	XP_006562308.2	29.310	58	40	1	185	242	463	519	0.001	32.3
XP_003693834.1	XP_006562311.2	29.310	58	40	1	185	242	244	300	0.001	32.0
XP_003693834.1	XP_006562310.2	29.310	58	40	1	185	242	244	300	0.001	32.0
XP_003693902.1	XP_016771028.2	27.273	66	40	2	866	931	1476	1533	0.016	29.3
XP_003693902.1	XP_016771029.2	27.273	66	40	2	866	931	1412	1469	0.018	28.9
XP_003693902.1	XP_006562308.2	27.273	66	40	2	866	931	1812	1869	0.020	28.9
XP_003693902.1	XP_006562311.2	27.273	66	40	2	866	931	1614	1671	0.020	28.9
XP_003693902.1	XP_006562310.2	27.273	66	40	2	866	931	1614	1671	0.020	28.9
XP_003694194.1	NP_001011611.2	26.667	30	22	0	7	36	2	31	0.023	23.9
XP_003694347.1	XP_016771029.2	34.146	41	21	1	200	240	1541	1575	0.028	26.6
XP_003694347.1	XP_016771028.2	34.146	41	21	1	200	240	1605	1639	0.029	26.6
XP_003694347.1	XP_006562311.2	34.146	41	21	1	200	240	1743	1777	0.035	26.2
XP_003694347.1	XP_006562310.2	34.146	41	21	1	200	240	1743	1777	0.035	26.2
XP_003694347.1	XP_006562308.2	34.146	41	21	1	200	240	1941	1975	0.038	26.2
XP_003694461.1	XP_016771029.2	30.986	71	38	2	316	386	61	120	0.022	28.1
XP_003694708.1	XP_016771028.2	42.857	28	16	0	50	77	1370	1397	0.006	25.8
XP_003694708.1	XP_016771029.2	42.857	28	16	0	50	77	1306	1333	0.007	25.8
XP_003694708.1	XP_006562311.2	42.857	28	16	0	50	77	1508	1535	0.007	25.8
XP_003694708.1	XP_006562310.2	42.857	28	16	0	50	77	1508	1535	0.007	25.8
XP_003694708.1	XP_006562308.2	42.857	28	16	0	50	77	1706	1733	0.007	25.8
XP_003695522.2	XP_016771028.2	34.043	47	29	1	82	126	149	195	0.007	30.4
XP_003695526.3	XP_006562308.2	27.350	117	80	4	273	386	331	445	7.50e-05	36.6
XP_003695526.3	XP_006562311.2	27.350	117	80	4	273	386	112	226	9.29e-05	36.2
XP_003695526.3	XP_006562310.2	27.350	117	80	4	273	386	112	226	9.29e-05	36.2
XP_003695753.1	XP_016771029.2	42.857	21	12	0	83	103	1734	1754	0.013	25.0
XP_003695753.1	XP_016771028.2	42.857	21	12	0	83	103	1798	1818	0.013	25.0
XP_003695753.1	XP_006562311.2	42.857	21	12	0	83	103	1936	1956	0.013	25.0
XP_003695753.1	XP_006562310.2	42.857	21	12	0	83	103	1936	1956	0.013	25.0
XP_003695753.1	XP_006562308.2	42.857	21	12	0	83	103	2134	2154	0.013	25.0
XP_003695993.1	XP_016771029.2	24.648	142	79	7	347	474	1358	1485	0.050	26.6
XP_003696109.1	XP_006562311.2	28.767	73	48	2	279	351	432	500	0.005	30.4
XP_003696109.1	XP_006562310.2	28.767	73	48	2	279	351	432	500	0.005	30.4
XP_003696260.3	XP_006562311.2	32.579	221	128	6	101	300	64	284	6.38e-30	112
XP_003696260.3	XP_006562310.2	32.579	221	128	6	101	300	64	284	6.38e-30	112
XP_003696260.3	XP_006562308.2	32.579	221	128	6	101	300	283	503	2.66e-29	110
XP_003696565.1	XP_006562308.2	28.070	114	74	3	893	1004	2070	2177	0.039	28.1
XP_003696565.1	XP_006562311.2	28.070	114	74	3	893	1004	1872	1979	0.048	28.1
XP_003696565.1	XP_006562310.2	28.070	114	74	3	893	1004	1872	1979	0.048	28.1
XP_003696610.1	XP_006562308.2	25.714	70	52	0	195	264	1302	1371	0.036	26.9
XP_003696610.1	XP_006562311.2	25.714	70	52	0	195	264	1104	1173	0.038	26.9
XP_003696610.1	XP_006562310.2	25.714	70	52	0	195	264	1104	1173	0.038	26.9
XP_003696610.1	XP_016771028.2	25.714	70	52	0	195	264	966	1035	0.041	26.9
XP_003696610.1	XP_016771029.2	25.714	70	52	0	195	264	902	971	0.043	26.6
XP_003696812.1	XP_016771021.1	27.027	37	27	0	81	117	449	485	0.039	24.3
XP_003696812.1	XP_016771020.1	27.027	37	27	0	81	117	449	485	0.039	24.3
XP_003696892.1	NP_001011611.2	47.059	17	9	0	105	121	16	32	0.039	23.5
XP_003697259.1	XP_016771021.1	47.059	17	9	0	106	122	184	200	0.040	24.6
XP_003697259.1	XP_016771020.1	47.059	17	9	0	106	122	184	200	0.040	24.6
XP_003697297.3	XP_006562308.2	25.234	107	63	4	513	613	840	935	0.045	27.7
XP_003697446.2	XP_016771028.2	25.862	116	74	3	32	137	1226	1339	0.005	30.0
XP_003697446.2	XP_006562308.2	31.250	64	40	1	65	128	1605	1664	0.012	28.5
XP_003697446.2	XP_006562311.2	31.250	64	40	1	65	128	1407	1466	0.013	28.5
XP_003697446.2	XP_006562310.2	31.250	64	40	1	65	128	1407	1466	0.013	28.5
XP_003697446.2	XP_016771029.2	31.250	64	40	1	65	128	1205	1264	0.013	28.5
XP_003697565.1	XP_006562308.2	20.339	177	118	6	202	366	347	512	5.02e-04	32.7
XP_003697565.1	XP_006562311.2	20.339	177	118	6	202	366	128	293	7.47e-04	32.0
XP_003697565.1	XP_006562310.2	20.339	177	118	6	202	366	128	293	7.47e-04	32.0
XP_003697744.1	XP_006562308.2	29.808	104	67	2	81	181	1331	1431	0.029	27.3
XP_003697744.1	XP_006562311.2	29.808	104	67	2	81	181	1133	1233	0.041	26.9
XP_003697744.1	XP_006562310.2	29.808	104	67	2	81	181	1133	1233	0.041	26.9
XP_003697812.1	XP_016771029.2	30.159	63	44	0	1043	1105	1270	1332	0.039	28.9
XP_003697812.1	XP_016771028.2	30.159	63	44	0	1043	1105	1334	1396	0.043	28.5
XP_003697858.1	XP_006562311.2	23.567	157	103	5	138	277	386	542	0.031	27.3
XP_003697858.1	XP_006562310.2	23.567	157	103	5	138	277	386	542	0.031	27.3
XP_003697968.1	XP_016771021.1	26.744	86	53	4	114	199	400	475	0.005	29.3
XP_003697968.1	XP_016771020.1	26.744	86	53	4	114	199	400	475	0.005	29.3
XP_003698157.1	XP_006562308.2	52.381	21	10	0	162	182	536	556	0.049	26.2
XP_003698657.1	XP_006562308.2	29.944	177	101	6	608	765	331	503	1.37e-15	72.4
XP_003698657.1	XP_006562311.2	29.944	177	101	6	608	765	112	284	1.71e-15	72.0
XP_003698657.1	XP_006562310.2	29.944	177	101	6	608	765	112	284	1.71e-15	72.0
XP_003698686.1	XP_006562308.2	35.294	34	21	1	82	114	169	202	0.011	28.9
XP_003698752.1	XP_006562308.2	28.571	273	145	13	664	903	272	527	2.86e-18	81.3
XP_003698752.1	XP_006562311.2	28.571	273	145	13	664	903	53	308	3.65e-18	80.9
XP_003698752.1	XP_006562310.2	28.571	273	145	13	664	903	53	308	3.65e-18	80.9
XP_003698782.2	XP_016771029.2	22.131	122	72	2	17	134	1224	1326	0.015	26.6
XP_003698782.2	XP_016771028.2	22.131	122	72	2	17	134	1288	1390	0.015	26.6
XP_003698782.2	XP_006562311.2	25.000	72	54	0	63	134	1457	1528	0.016	26.6
XP_003698782.2	XP_006562310.2	25.000	72	54	0	63	134	1457	1528	0.016	26.6
XP_003698782.2	XP_006562308.2	25.000	72	54	0	63	134	1655	1726	0.017	26.6
XP_003698790.1	XP_006562308.2	26.250	240	135	7	488	695	283	512	4.00e-18	80.9
XP_003698790.1	XP_006562311.2	26.250	240	135	7	488	695	64	293	5.24e-18	80.1
XP_003698790.1	XP_006562310.2	26.250	240	135	7	488	695	64	293	5.24e-18	80.1
XP_003699085.1	XP_016771021.1	25.641	39	28	1	42	80	20	57	0.029	25.0
XP_003699085.1	XP_016771020.1	25.641	39	28	1	42	80	20	57	0.029	25.0
XP_012338990.1	XP_006562308.2	35.897	39	25	0	124	162	208	246	0.045	26.2
XP_012339008.1	XP_016771021.1	42.105	19	11	0	19	37	57	75	0.022	25.8
XP_012339008.1	XP_016771020.1	42.105	19	11	0	19	37	57	75	0.022	25.8
XP_012339849.2	XP_016771028.2	30.612	98	54	3	64	158	351	437	0.045	26.6
XP_012340042.1	XP_006562311.2	39.583	48	29	0	55	102	1784	1831	0.045	28.1
XP_012340042.1	XP_006562310.2	39.583	48	29	0	55	102	1784	1831	0.045	28.1
XP_012340042.1	XP_006562308.2	39.583	48	29	0	55	102	1982	2029	0.045	28.1
XP_012340043.1	XP_006562311.2	39.583	48	29	0	55	102	1784	1831	0.046	28.1
XP_012340043.1	XP_006562310.2	39.583	48	29	0	55	102	1784	1831	0.046	28.1
XP_012340043.1	XP_006562308.2	39.583	48	29	0	55	102	1982	2029	0.047	28.1
XP_012340671.1	XP_016771029.2	31.429	35	24	0	29	63	1407	1441	0.011	26.2
XP_012340671.1	XP_016771028.2	31.429	35	24	0	29	63	1471	1505	0.011	26.2
XP_012340671.1	XP_006562311.2	31.429	35	24	0	29	63	1609	1643	0.011	26.2
XP_012340671.1	XP_006562310.2	31.429	35	24	0	29	63	1609	1643	0.011	26.2
XP_012340671.1	XP_006562308.2	31.429	35	24	0	29	63	1807	1841	0.011	26.2
XP_012340672.1	XP_016771021.1	27.027	37	27	0	88	124	415	451	0.041	24.3
XP_012340672.1	XP_016771020.1	27.027	37	27	0	88	124	415	451	0.041	24.3
XP_012341016.1	XP_006562308.2	28.859	149	90	3	227	359	355	503	1.88e-18	80.9
XP_012341016.1	XP_006562311.2	28.859	149	90	3	227	359	136	284	2.23e-18	80.9
XP_012341016.1	XP_006562310.2	28.859	149	90	3	227	359	136	284	2.23e-18	80.9
XP_012341024.1	XP_016771029.2	29.167	72	30	2	1001	1051	885	956	0.008	31.6
XP_012341024.1	XP_016771028.2	29.167	72	30	2	1001	1051	949	1020	0.010	31.2
XP_012341126.1	XP_016771021.1	37.500	40	24	1	510	548	277	316	0.017	28.1
XP_012341126.1	XP_016771020.1	37.500	40	24	1	510	548	277	316	0.017	28.1
XP_012341136.1	NP_001011611.2	50.000	22	10	1	114	135	13	33	0.045	22.3
XP_012341239.1	XP_006562311.2	35.294	34	18	1	88	117	1905	1938	0.024	25.4
XP_012341239.1	XP_006562310.2	35.294	34	18	1	88	117	1905	1938	0.024	25.4
XP_012341239.1	XP_006562308.2	35.294	34	18	1	88	117	2103	2136	0.025	25.0
XP_012341239.1	XP_016771029.2	35.294	34	18	1	88	117	1703	1736	0.029	25.0
XP_012341239.1	XP_016771028.2	35.294	34	18	1	88	117	1767	1800	0.033	24.6
XP_012341717.1	XP_006562311.2	25.556	270	168	8	93	337	56	317	1.31e-19	83.6
XP_012341717.1	XP_006562310.2	25.556	270	168	8	93	337	56	317	1.31e-19	83.6
XP_012341717.1	XP_006562308.2	25.556	270	168	8	93	337	275	536	1.93e-19	83.2
XP_012341718.1	XP_006562311.2	25.940	266	154	9	93	319	56	317	5.66e-19	81.6
XP_012341718.1	XP_006562310.2	25.940	266	154	9	93	319	56	317	5.66e-19	81.6
XP_012341718.1	XP_006562308.2	25.940	266	154	9	93	319	275	536	8.93e-19	80.9
XP_012342151.1	XP_016771021.1	100.000	38	0	0	1	38	96	133	4.98e-24	84.0
XP_012342151.1	XP_016771020.1	100.000	38	0	0	1	38	96	133	4.98e-24	84.0
XP_012342205.1	XP_006562308.2	26.250	160	98	7	5	163	1534	1674	0.002	28.9
XP_012342205.1	XP_006562311.2	26.250	160	98	7	5	163	1336	1476	0.002	28.5
XP_012342205.1	XP_006562310.2	26.250	160	98	7	5	163	1336	1476	0.002	28.5
XP_012342205.1	XP_016771029.2	26.250	160	98	7	5	163	1134	1274	0.003	28.1
XP_012342205.1	XP_016771028.2	26.250	160	98	7	5	163	1198	1338	0.003	28.1
XP_012342606.2	XP_006562308.2	37.143	35	22	0	75	109	1897	1931	0.005	28.1
XP_012342606.2	XP_006562311.2	37.143	35	22	0	75	109	1699	1733	0.007	27.7
XP_012342606.2	XP_006562310.2	37.143	35	22	0	75	109	1699	1733	0.007	27.7
XP_012342606.2	XP_016771029.2	37.143	35	22	0	75	109	1497	1531	0.009	27.3
XP_012342606.2	XP_016771028.2	37.143	35	22	0	75	109	1561	1595	0.009	27.3
XP_012342741.1	XP_016771021.1	25.000	104	69	2	452	550	444	543	0.031	29.3
XP_012342741.1	XP_016771020.1	25.000	104	69	2	452	550	444	543	0.031	29.3
XP_012343404.1	XP_016771028.2	45.455	22	12	0	75	96	1049	1070	0.027	25.8
XP_012343404.1	XP_016771029.2	45.455	22	12	0	75	96	985	1006	0.027	25.8
XP_012343404.1	XP_006562308.2	45.455	22	12	0	75	96	1385	1406	0.028	25.8
XP_012343404.1	XP_006562311.2	45.455	22	12	0	75	96	1187	1208	0.028	25.8
XP_012343404.1	XP_006562310.2	45.455	22	12	0	75	96	1187	1208	0.028	25.8
XP_012343426.1	XP_016771028.2	44.737	38	14	2	326	357	1363	1399	0.042	26.9
XP_012343481.2	XP_016771021.1	37.917	480	278	10	297	764	28	499	1.36e-104	338
XP_012343481.2	XP_016771020.1	37.917	480	278	10	297	764	28	499	1.36e-104	338
XP_012344559.1	XP_016771028.2	22.222	90	53	3	2	79	1502	1586	0.031	25.8
XP_012344559.1	XP_016771029.2	22.222	90	53	3	2	79	1438	1522	0.033	25.8
XP_012344559.1	XP_006562308.2	22.222	90	53	3	2	79	1838	1922	0.034	25.8
XP_012344559.1	XP_006562311.2	22.222	90	53	3	2	79	1640	1724	0.034	25.8
XP_012344559.1	XP_006562310.2	22.222	90	53	3	2	79	1640	1724	0.034	25.8
XP_012344563.2	XP_006562308.2	26.531	98	67	3	188	283	2096	2190	0.008	29.3
XP_012344563.2	XP_006562311.2	26.531	98	67	3	188	283	1898	1992	0.010	29.3
XP_012344563.2	XP_006562310.2	26.531	98	67	3	188	283	1898	1992	0.010	29.3
XP_012344563.2	XP_016771028.2	26.531	98	67	3	188	283	1760	1854	0.017	28.5
XP_012344563.2	XP_016771029.2	26.531	98	67	3	188	283	1696	1790	0.018	28.5
XP_012344577.1	XP_016771028.2	24.658	73	46	3	3	67	565	636	0.040	22.7
XP_012344577.1	XP_016771029.2	24.658	73	46	3	3	67	501	572	0.041	22.7
XP_012344577.1	XP_006562308.2	24.658	73	46	3	3	67	901	972	0.042	22.7
XP_012344577.1	XP_006562311.2	24.658	73	46	3	3	67	703	774	0.043	22.7
XP_012344577.1	XP_006562310.2	24.658	73	46	3	3	67	703	774	0.043	22.7
XP_012344595.1	XP_016771029.2	38.298	47	23	1	138	184	1449	1489	0.025	25.8
XP_012344595.1	XP_016771028.2	38.298	47	23	1	138	184	1513	1553	0.025	25.8
XP_012344595.1	XP_006562311.2	38.298	47	23	1	138	184	1651	1691	0.029	25.8
XP_012344595.1	XP_006562310.2	38.298	47	23	1	138	184	1651	1691	0.029	25.8
XP_012344595.1	XP_006562308.2	38.298	47	23	1	138	184	1849	1889	0.033	25.4
XP_012344722.1	XP_016771028.2	56.250	16	7	0	457	472	104	119	0.036	26.9
XP_012344731.1	XP_016771028.2	56.250	16	7	0	457	472	104	119	0.036	26.9
XP_012344737.1	XP_016771028.2	56.250	16	7	0	456	471	104	119	0.036	26.9
XP_012344742.1	XP_016771028.2	56.250	16	7	0	452	467	104	119	0.039	26.6
XP_012344746.1	XP_016771028.2	56.250	16	7	0	451	466	104	119	0.036	26.9
XP_012345013.1	XP_006562311.2	21.495	107	70	1	184	276	208	314	0.013	27.3
XP_012345013.1	XP_006562310.2	21.495	107	70	1	184	276	208	314	0.013	27.3
XP_012345276.1	XP_006562311.2	29.231	65	39	2	301	361	907	968	0.019	28.1
XP_012345276.1	XP_006562310.2	29.231	65	39	2	301	361	907	968	0.019	28.1
XP_012345276.1	XP_016771028.2	29.231	65	39	2	301	361	769	830	0.019	28.1
XP_012345276.1	XP_016771029.2	29.231	65	39	2	301	361	705	766	0.020	27.7
XP_012345313.1	XP_006562311.2	29.167	72	48	1	279	350	432	500	2.08e-04	34.7
XP_012345313.1	XP_006562310.2	29.167	72	48	1	279	350	432	500	2.08e-04	34.7
XP_012345313.1	XP_016771028.2	29.167	72	48	1	279	350	294	362	0.007	29.6
XP_012345313.1	XP_016771029.2	29.167	72	48	1	279	350	230	298	0.008	29.6
XP_012345314.1	XP_006562311.2	28.767	73	48	2	274	346	432	500	0.005	30.4
XP_012345314.1	XP_006562310.2	28.767	73	48	2	274	346	432	500	0.005	30.4
XP_012345316.1	XP_006562311.2	28.767	73	48	2	279	351	432	500	0.004	30.4
XP_012345316.1	XP_006562310.2	28.767	73	48	2	279	351	432	500	0.004	30.4
XP_012345407.1	XP_016771029.2	24.648	142	79	7	347	474	1358	1485	0.050	26.6
XP_012345408.1	XP_016771029.2	24.648	142	79	7	347	474	1358	1485	0.050	26.6
XP_012345634.1	XP_016771028.2	27.451	51	37	0	399	449	1578	1628	0.043	26.9
XP_012345634.1	XP_006562311.2	26.786	56	41	0	394	449	1711	1766	0.045	26.9
XP_012345634.1	XP_006562310.2	26.786	56	41	0	394	449	1711	1766	0.045	26.9
XP_012345754.1	XP_006562311.2	31.081	74	47	2	53	124	846	917	0.006	30.0
XP_012345754.1	XP_006562310.2	31.081	74	47	2	53	124	846	917	0.006	30.0
XP_012345754.1	XP_006562308.2	31.081	74	47	2	53	124	1044	1115	0.006	30.0
XP_012345759.1	XP_016771028.2	31.250	64	42	1	4	67	718	779	0.024	27.7
XP_012345759.1	XP_016771029.2	31.250	64	42	1	4	67	654	715	0.025	27.7
XP_012345759.1	XP_006562311.2	31.250	64	42	1	4	67	856	917	0.025	27.7
XP_012345759.1	XP_006562310.2	31.250	64	42	1	4	67	856	917	0.025	27.7
XP_012345759.1	XP_006562308.2	31.250	64	42	1	4	67	1054	1115	0.027	27.7
XP_012346183.1	XP_006562308.2	36.957	46	25	1	547	588	1998	2043	0.041	27.7
XP_012346183.1	XP_006562311.2	36.957	46	25	1	547	588	1800	1845	0.049	27.7
XP_012346183.1	XP_006562310.2	36.957	46	25	1	547	588	1800	1845	0.049	27.7
XP_012346184.1	XP_006562308.2	36.957	46	25	1	547	588	1998	2043	0.042	27.7
XP_012346184.1	XP_006562311.2	36.957	46	25	1	547	588	1800	1845	0.048	27.7
XP_012346184.1	XP_006562310.2	36.957	46	25	1	547	588	1800	1845	0.048	27.7
XP_012346422.1	XP_006562311.2	25.620	121	73	5	234	349	52	160	0.019	27.7
XP_012346422.1	XP_006562310.2	25.620	121	73	5	234	349	52	160	0.019	27.7
XP_012346422.1	XP_006562308.2	25.000	128	79	5	234	356	271	386	0.019	27.7
XP_012346452.2	XP_016771028.2	29.487	78	50	3	667	741	130	205	0.024	28.5
XP_012346563.1	NP_001011611.2	47.059	17	9	0	104	120	16	32	0.039	23.5
XP_012347264.1	XP_006562311.2	41.463	41	21	2	767	804	52	92	0.017	29.3
XP_012347264.1	XP_006562310.2	41.463	41	21	2	767	804	52	92	0.017	29.3
XP_012347264.1	XP_006562308.2	41.463	41	21	2	767	804	271	311	0.018	28.9
XP_012347265.1	XP_006562311.2	41.463	41	21	2	751	788	52	92	0.017	29.3
XP_012347265.1	XP_006562310.2	41.463	41	21	2	751	788	52	92	0.017	29.3
XP_012347265.1	XP_006562308.2	41.463	41	21	2	751	788	271	311	0.018	28.9
XP_012347389.1	XP_006562308.2	20.339	177	118	6	203	367	347	512	4.43e-04	32.7
XP_012347389.1	XP_006562311.2	20.339	177	118	6	203	367	128	293	7.06e-04	32.0
XP_012347389.1	XP_006562310.2	20.339	177	118	6	203	367	128	293	7.06e-04	32.0
XP_012347390.1	XP_006562308.2	20.339	177	118	6	203	367	347	512	4.43e-04	32.7
XP_012347390.1	XP_006562311.2	20.339	177	118	6	203	367	128	293	7.06e-04	32.0
XP_012347390.1	XP_006562310.2	20.339	177	118	6	203	367	128	293	7.06e-04	32.0
XP_012347851.1	XP_016771029.2	30.159	63	44	0	1049	1111	1270	1332	0.039	28.9
XP_012347851.1	XP_016771028.2	30.159	63	44	0	1049	1111	1334	1396	0.045	28.5
XP_012347853.1	XP_016771029.2	30.159	63	44	0	1049	1111	1270	1332	0.038	28.9
XP_012347853.1	XP_016771028.2	30.159	63	44	0	1049	1111	1334	1396	0.041	28.9
XP_012347932.1	XP_006562308.2	28.358	268	140	9	73	303	275	527	6.00e-19	79.3
XP_012347932.1	XP_006562311.2	28.358	268	140	9	73	303	56	308	7.86e-19	79.0
XP_012347932.1	XP_006562310.2	28.358	268	140	9	73	303	56	308	7.86e-19	79.0
XP_012347933.1	XP_006562308.2	28.358	268	140	9	73	303	275	527	6.00e-19	79.3
XP_012347933.1	XP_006562311.2	28.358	268	140	9	73	303	56	308	7.86e-19	79.0
XP_012347933.1	XP_006562310.2	28.358	268	140	9	73	303	56	308	7.86e-19	79.0
XP_012348266.2	XP_016771028.2	22.340	94	60	1	184	277	376	456	0.044	25.8
XP_012348440.1	XP_006562308.2	52.381	21	10	0	162	182	536	556	0.050	26.2
XP_012348535.1	XP_016771028.2	25.301	83	50	2	104	185	238	309	1.74e-04	32.3
XP_012348535.1	XP_016771029.2	25.301	83	50	2	104	185	174	245	1.78e-04	32.3
XP_012348535.1	XP_006562311.2	25.301	83	50	2	104	185	376	447	1.94e-04	32.3
XP_012348535.1	XP_006562310.2	25.301	83	50	2	104	185	376	447	1.94e-04	32.3
XP_012348535.1	XP_006562308.2	27.692	65	35	2	104	167	595	648	0.006	27.7
XP_012348536.1	XP_006562311.2	25.301	83	50	2	79	160	376	447	2.09e-04	32.0
XP_012348536.1	XP_006562310.2	25.301	83	50	2	79	160	376	447	2.09e-04	32.0
XP_012348536.1	XP_016771029.2	25.301	83	50	2	79	160	174	245	2.16e-04	32.0
XP_012348536.1	XP_016771028.2	25.301	83	50	2	79	160	238	309	2.18e-04	32.0
XP_012348536.1	XP_006562308.2	27.692	65	35	2	79	142	595	648	0.005	27.7
XP_012348680.1	XP_016771028.2	23.214	112	73	2	960	1071	613	711	6.81e-04	34.3
XP_012348680.1	XP_006562311.2	23.214	112	73	2	960	1071	751	849	7.20e-04	33.9
XP_012348680.1	XP_006562310.2	23.214	112	73	2	960	1071	751	849	7.20e-04	33.9
XP_012348680.1	XP_016771029.2	23.214	112	73	2	960	1071	549	647	7.52e-04	33.9
XP_012348680.1	XP_006562308.2	23.214	112	73	2	960	1071	949	1047	8.35e-04	33.9
XP_012348681.1	XP_016771028.2	23.214	112	73	2	960	1071	613	711	6.91e-04	34.3
XP_012348681.1	XP_006562311.2	23.214	112	73	2	960	1071	751	849	7.49e-04	33.9
XP_012348681.1	XP_006562310.2	23.214	112	73	2	960	1071	751	849	7.49e-04	33.9
XP_012348681.1	XP_016771029.2	23.214	112	73	2	960	1071	549	647	7.50e-04	33.9
XP_012348681.1	XP_006562308.2	23.214	112	73	2	960	1071	949	1047	7.65e-04	33.9
XP_012348682.1	XP_016771028.2	23.214	112	73	2	856	967	613	711	6.00e-04	34.3
XP_012348682.1	XP_016771029.2	23.214	112	73	2	856	967	549	647	6.04e-04	34.3
XP_012348682.1	XP_006562311.2	23.214	112	73	2	856	967	751	849	6.44e-04	33.9
XP_012348682.1	XP_006562310.2	23.214	112	73	2	856	967	751	849	6.44e-04	33.9
XP_012348682.1	XP_006562308.2	23.214	112	73	2	856	967	949	1047	6.76e-04	33.9
XP_012348758.1	XP_006562308.2	25.517	145	92	6	1020	1158	1010	1144	0.001	33.5
XP_012348758.1	XP_006562311.2	25.517	145	92	6	1020	1158	812	946	0.002	33.5
XP_012348758.1	XP_006562310.2	25.517	145	92	6	1020	1158	812	946	0.002	33.5
XP_012348758.1	XP_016771029.2	25.517	145	92	6	1020	1158	610	744	0.002	32.7
XP_012348758.1	XP_016771028.2	25.517	145	92	6	1020	1158	674	808	0.002	32.7
XP_012348809.1	XP_006562308.2	25.517	145	92	6	1020	1158	1010	1144	0.001	33.5
XP_012348809.1	XP_006562311.2	25.517	145	92	6	1020	1158	812	946	0.002	33.5
XP_012348809.1	XP_006562310.2	25.517	145	92	6	1020	1158	812	946	0.002	33.5
XP_012348809.1	XP_016771029.2	25.517	145	92	6	1020	1158	610	744	0.002	32.7
XP_012348809.1	XP_016771028.2	25.517	145	92	6	1020	1158	674	808	0.002	32.7
XP_012348863.1	XP_006562311.2	25.517	145	92	6	1013	1151	812	946	0.002	33.5
XP_012348863.1	XP_006562310.2	25.517	145	92	6	1013	1151	812	946	0.002	33.5
XP_012348863.1	XP_006562308.2	25.517	145	92	6	1013	1151	1010	1144	0.002	33.5
XP_012348863.1	XP_016771029.2	25.517	145	92	6	1013	1151	610	744	0.002	33.1
XP_012348863.1	XP_016771028.2	25.517	145	92	6	1013	1151	674	808	0.002	33.1
XP_012349088.1	XP_006562308.2	28.571	273	145	13	628	867	272	527	2.82e-18	81.3
XP_012349088.1	XP_006562311.2	28.571	273	145	13	628	867	53	308	4.26e-18	80.9
XP_012349088.1	XP_006562310.2	28.571	273	145	13	628	867	53	308	4.26e-18	80.9
XP_012349089.1	XP_006562308.2	28.571	273	145	13	628	867	272	527	2.82e-18	81.3
XP_012349089.1	XP_006562311.2	28.571	273	145	13	628	867	53	308	4.26e-18	80.9
XP_012349089.1	XP_006562310.2	28.571	273	145	13	628	867	53	308	4.26e-18	80.9
XP_012349102.1	XP_006562308.2	25.664	226	135	7	141	338	283	503	6.43e-13	63.2
XP_012349102.1	XP_006562311.2	25.664	226	135	7	141	338	64	284	1.26e-12	62.0
XP_012349102.1	XP_006562310.2	25.664	226	135	7	141	338	64	284	1.26e-12	62.0
XP_012349103.1	XP_006562308.2	24.779	226	137	7	180	377	283	503	1.13e-12	62.4
XP_012349103.1	XP_006562311.2	24.779	226	137	7	180	377	64	284	1.71e-12	61.6
XP_012349103.1	XP_006562310.2	24.779	226	137	7	180	377	64	284	1.71e-12	61.6
XP_012349104.1	XP_006562308.2	24.779	226	137	7	180	377	283	503	1.23e-12	62.0
XP_012349104.1	XP_006562311.2	24.779	226	137	7	180	377	64	284	1.83e-12	61.6
XP_012349104.1	XP_006562310.2	24.779	226	137	7	180	377	64	284	1.83e-12	61.6
XP_012349121.1	XP_006562308.2	29.944	177	101	6	602	759	331	503	1.29e-15	72.4
XP_012349121.1	XP_006562311.2	29.944	177	101	6	602	759	112	284	1.67e-15	72.0
XP_012349121.1	XP_006562310.2	29.944	177	101	6	602	759	112	284	1.67e-15	72.0
XP_012349122.1	XP_006562308.2	29.944	177	101	6	602	759	331	503	1.29e-15	72.4
XP_012349122.1	XP_006562311.2	29.944	177	101	6	602	759	112	284	1.67e-15	72.0
XP_012349122.1	XP_006562310.2	29.944	177	101	6	602	759	112	284	1.67e-15	72.0
XP_012349267.1	XP_016771021.1	33.753	477	286	12	39	498	23	486	1.20e-81	261
XP_012349267.1	XP_016771020.1	33.753	477	286	12	39	498	23	486	1.20e-81	261
XP_012349334.1	XP_006562308.2	32.075	53	30	3	24	72	1545	1595	0.001	29.3
XP_012349334.1	XP_006562311.2	32.075	53	30	3	24	72	1347	1397	0.001	29.3
XP_012349334.1	XP_006562310.2	32.075	53	30	3	24	72	1347	1397	0.001	29.3
XP_012349334.1	XP_016771028.2	32.075	53	30	3	24	72	1209	1259	0.001	28.9
XP_012349334.1	XP_016771029.2	32.075	53	30	3	24	72	1145	1195	0.001	28.9
XP_012349521.1	XP_006562311.2	23.478	115	73	3	421	521	196	309	0.011	28.9
XP_012349521.1	XP_006562310.2	23.478	115	73	3	421	521	196	309	0.011	28.9
XP_012349521.1	XP_006562308.2	23.478	115	73	3	421	521	415	528	0.011	28.9
XP_012349703.1	XP_016771021.1	25.641	39	28	1	42	80	20	57	0.027	25.0
XP_012349703.1	XP_016771020.1	25.641	39	28	1	42	80	20	57	0.027	25.0
XP_012349704.1	XP_016771021.1	25.641	39	28	1	42	80	20	57	0.029	25.0
XP_012349704.1	XP_016771020.1	25.641	39	28	1	42	80	20	57	0.029	25.0
XP_012349724.1	XP_016771029.2	42.857	21	12	0	24	44	1505	1525	0.044	25.4
XP_012349724.1	XP_016771028.2	42.857	21	12	0	24	44	1569	1589	0.044	25.4
XP_012349914.1	XP_016771029.2	60.000	20	8	0	23	42	508	527	4.61e-04	30.4
XP_012349914.1	XP_016771028.2	60.000	20	8	0	23	42	572	591	4.83e-04	30.0
XP_012349914.1	XP_006562311.2	60.000	20	8	0	23	42	710	729	6.34e-04	29.6
XP_012349914.1	XP_006562310.2	60.000	20	8	0	23	42	710	729	6.34e-04	29.6
XP_012349914.1	XP_006562308.2	60.000	20	8	0	23	42	908	927	7.44e-04	29.6
XP_012350280.1	XP_006562308.2	27.326	172	108	3	477	631	342	513	4.18e-13	63.5
XP_012350280.1	XP_006562311.2	27.326	172	108	3	477	631	123	294	5.85e-13	63.2
XP_012350280.1	XP_006562310.2	27.326	172	108	3	477	631	123	294	5.85e-13	63.2
XP_012350850.2	XP_016771029.2	32.432	37	25	0	422	458	1645	1681	0.035	26.9
XP_012350850.2	XP_016771028.2	32.432	37	25	0	422	458	1709	1745	0.036	26.9
XP_012350850.2	XP_006562311.2	32.432	37	25	0	422	458	1847	1883	0.045	26.6
XP_012350850.2	XP_006562310.2	32.432	37	25	0	422	458	1847	1883	0.045	26.6
XP_012351070.2	XP_016771028.2	34.694	49	31	1	419	467	140	187	0.014	30.0
XP_012351153.1	XP_016771021.1	28.571	63	34	1	216	267	248	310	0.018	28.5
XP_012351153.1	XP_016771020.1	28.571	63	34	1	216	267	248	310	0.018	28.5
XP_012351153.1	XP_016771029.2	30.612	49	24	1	404	452	1524	1562	0.038	27.7
XP_012351153.1	XP_016771028.2	30.612	49	24	1	404	452	1588	1626	0.039	27.7
XP_012351153.1	XP_006562308.2	30.612	49	24	1	404	452	1924	1962	0.041	27.7
XP_012351153.1	XP_006562311.2	30.612	49	24	1	404	452	1726	1764	0.047	27.3
XP_031771038.1	XP_006562308.2	31.858	113	63	5	1554	1655	1853	1962	2.49e-04	36.2
XP_031771038.1	XP_006562311.2	31.858	113	63	5	1554	1655	1655	1764	3.59e-04	35.8
XP_031771038.1	XP_006562310.2	31.858	113	63	5	1554	1655	1655	1764	3.59e-04	35.8
XP_031771038.1	XP_016771028.2	31.858	113	63	5	1554	1655	1517	1626	4.67e-04	35.4
XP_031771038.1	XP_016771029.2	31.858	113	63	5	1554	1655	1453	1562	5.15e-04	35.4
XP_031771039.1	XP_006562308.2	31.858	113	63	5	1543	1644	1853	1962	2.36e-04	36.2
XP_031771039.1	XP_006562311.2	31.858	113	63	5	1543	1644	1655	1764	3.25e-04	35.8
XP_031771039.1	XP_006562310.2	31.858	113	63	5	1543	1644	1655	1764	3.25e-04	35.8
XP_031771039.1	XP_016771028.2	31.858	113	63	5	1543	1644	1517	1626	4.64e-04	35.4
XP_031771039.1	XP_016771029.2	31.858	113	63	5	1543	1644	1453	1562	5.12e-04	35.4
XP_031771040.1	XP_006562308.2	31.858	113	63	5	1416	1517	1853	1962	2.37e-04	36.2
XP_031771040.1	XP_006562311.2	31.858	113	63	5	1416	1517	1655	1764	2.96e-04	35.8
XP_031771040.1	XP_006562310.2	31.858	113	63	5	1416	1517	1655	1764	2.96e-04	35.8
XP_031771040.1	XP_016771028.2	31.858	113	63	5	1416	1517	1517	1626	4.02e-04	35.4
XP_031771040.1	XP_016771029.2	31.858	113	63	5	1416	1517	1453	1562	4.18e-04	35.4
XP_031771041.1	XP_006562308.2	31.858	113	63	5	1416	1517	1853	1962	2.37e-04	36.2
XP_031771041.1	XP_006562311.2	31.858	113	63	5	1416	1517	1655	1764	2.96e-04	35.8
XP_031771041.1	XP_006562310.2	31.858	113	63	5	1416	1517	1655	1764	2.96e-04	35.8
XP_031771041.1	XP_016771028.2	31.858	113	63	5	1416	1517	1517	1626	4.02e-04	35.4
XP_031771041.1	XP_016771029.2	31.858	113	63	5	1416	1517	1453	1562	4.18e-04	35.4
XP_031771316.1	XP_016771028.2	22.807	114	64	3	44	145	528	629	0.049	26.2
XP_031771752.1	XP_006562311.2	31.507	73	45	1	105	177	1837	1904	0.010	28.1
XP_031771752.1	XP_006562310.2	31.507	73	45	1	105	177	1837	1904	0.010	28.1
XP_031771881.1	XP_006562311.2	41.379	29	17	0	474	502	1413	1441	0.048	27.7
XP_031771881.1	XP_006562310.2	41.379	29	17	0	474	502	1413	1441	0.048	27.7
XP_031772267.1	XP_016771021.1	32.110	109	69	3	803	910	31	135	3.11e-10	54.7
XP_031772267.1	XP_016771021.1	28.205	78	50	2	638	713	68	141	7.23e-05	37.0
XP_031772267.1	XP_016771020.1	32.110	109	69	3	803	910	31	135	3.11e-10	54.7
XP_031772267.1	XP_016771020.1	28.205	78	50	2	638	713	68	141	7.23e-05	37.0
XP_031772385.1	XP_006562311.2	28.395	81	55	2	22	102	519	596	0.011	28.1
XP_031772385.1	XP_006562310.2	28.395	81	55	2	22	102	519	596	0.011	28.1
XP_031772385.1	XP_006562308.2	28.395	81	55	2	22	102	717	794	0.012	28.1
XP_031772385.1	XP_016771028.2	28.395	81	55	2	22	102	381	458	0.017	27.7
XP_031772385.1	XP_016771029.2	28.395	81	55	2	22	102	317	394	0.018	27.7
XP_031772657.1	XP_006562308.2	28.333	60	40	1	199	258	249	305	0.024	26.9
XP_031772657.1	XP_006562311.2	28.333	60	40	1	199	258	30	86	0.025	26.9
XP_031772657.1	XP_006562310.2	28.333	60	40	1	199	258	30	86	0.025	26.9
XP_031772863.1	XP_016771028.2	25.758	66	37	1	536	601	1510	1563	0.028	28.5
XP_031772863.1	XP_016771029.2	25.758	66	37	1	536	601	1446	1499	0.031	28.1
XP_031772863.1	XP_006562311.2	25.758	66	37	1	536	601	1648	1701	0.042	27.7
XP_031772863.1	XP_006562310.2	25.758	66	37	1	536	601	1648	1701	0.042	27.7
XP_031772863.1	XP_006562308.2	25.758	66	37	1	536	601	1846	1899	0.049	27.7
XP_031773241.1	XP_016771028.2	27.869	61	39	1	1533	1593	1581	1636	0.011	30.8
XP_031773241.1	XP_016771029.2	27.869	61	39	1	1533	1593	1517	1572	0.011	30.8
XP_031773241.1	XP_006562311.2	27.869	61	39	1	1533	1593	1719	1774	0.025	29.6
XP_031773241.1	XP_006562310.2	27.869	61	39	1	1533	1593	1719	1774	0.025	29.6
XP_031773241.1	XP_006562308.2	27.869	61	39	1	1533	1593	1917	1972	0.032	29.3
XP_031773556.1	XP_016771028.2	34.043	47	29	1	82	126	149	195	0.007	30.4
XP_031773646.1	XP_016771021.1	23.239	142	81	5	399	530	307	430	0.001	33.1
XP_031773646.1	XP_016771020.1	23.239	142	81	5	399	530	307	430	0.001	33.1
XP_031773711.1	XP_016771029.2	32.558	43	27	1	132	172	357	399	0.033	25.0
XP_031773711.1	XP_016771028.2	32.558	43	27	1	132	172	421	463	0.033	25.0
XP_031773711.1	XP_006562311.2	32.558	43	27	1	132	172	559	601	0.035	25.0
XP_031773711.1	XP_006562310.2	32.558	43	27	1	132	172	559	601	0.035	25.0
XP_031773711.1	XP_006562308.2	32.558	43	27	1	132	172	757	799	0.035	25.0
XP_031773818.1	XP_016771029.2	24.648	142	79	7	347	474	1358	1485	0.050	26.6
XP_031773823.1	XP_016771028.2	56.250	16	7	0	457	472	104	119	0.036	26.9
XP_031774197.1	XP_016771028.2	31.081	74	47	2	53	124	708	779	0.005	30.0
XP_031774197.1	XP_006562311.2	31.081	74	47	2	53	124	846	917	0.005	30.0
XP_031774197.1	XP_006562310.2	31.081	74	47	2	53	124	846	917	0.005	30.0
XP_031774197.1	XP_006562308.2	31.081	74	47	2	53	124	1044	1115	0.005	30.0
XP_031774397.1	XP_006562308.2	36.957	46	25	1	547	588	1998	2043	0.039	27.7
XP_031774397.1	XP_006562311.2	36.957	46	25	1	547	588	1800	1845	0.046	27.3
XP_031774397.1	XP_006562310.2	36.957	46	25	1	547	588	1800	1845	0.046	27.3
XP_031774515.1	XP_006562308.2	32.500	40	24	1	26	65	62	98	0.022	22.7
XP_031775087.1	XP_016771028.2	32.051	78	36	3	56	121	1327	1399	0.001	28.9
XP_031775087.1	XP_016771029.2	32.051	78	36	3	56	121	1263	1335	0.001	28.1
XP_031775087.1	XP_006562311.2	32.051	78	36	3	56	121	1465	1537	0.001	28.1
XP_031775087.1	XP_006562310.2	32.051	78	36	3	56	121	1465	1537	0.001	28.1
XP_031775087.1	XP_006562308.2	32.051	78	36	3	56	121	1663	1735	0.002	28.1
XP_031775184.1	XP_006562311.2	30.435	69	42	2	105	167	1506	1574	0.012	26.9
XP_031775184.1	XP_006562310.2	30.435	69	42	2	105	167	1506	1574	0.012	26.9
XP_031775184.1	XP_006562308.2	30.435	69	42	2	105	167	1704	1772	0.012	26.9
XP_031775184.1	XP_016771028.2	30.435	69	42	2	105	167	1368	1436	0.016	26.6
XP_031775184.1	XP_016771029.2	30.435	69	42	2	105	167	1304	1372	0.019	26.2
XP_031775198.1	XP_016771029.2	30.159	63	44	0	1049	1111	1270	1332	0.039	28.9
XP_031775198.1	XP_016771028.2	30.159	63	44	0	1049	1111	1334	1396	0.045	28.5
XP_031775200.1	XP_016771029.2	30.159	63	44	0	1049	1111	1270	1332	0.050	28.1
XP_031775410.1	XP_016771029.2	25.175	143	87	6	178	309	1541	1674	0.037	28.5
XP_031775410.1	XP_016771028.2	25.175	143	87	6	178	309	1605	1738	0.038	28.5
XP_031775416.1	XP_016771029.2	25.175	143	87	6	178	309	1541	1674	0.033	28.5
XP_031775416.1	XP_016771028.2	25.175	143	87	6	178	309	1605	1738	0.039	28.1
XP_031775512.1	XP_006562308.2	81.896	2342	289	66	1	2286	1	2263	0.0	3492
XP_031775512.1	XP_006562311.2	81.453	2092	277	62	250	2286	30	2065	0.0	3074
XP_031775512.1	XP_006562310.2	81.453	2092	277	62	250	2286	30	2065	0.0	3074
XP_031775512.1	XP_016771029.2	78.770	1837	278	63	506	2286	83	1863	0.0	2504
XP_031775512.1	XP_016771028.2	78.401	1801	278	62	541	2286	183	1927	0.0	2433
XP_031775522.1	XP_016771021.1	99.046	524	5	0	1	524	137	660	0.0	1080
XP_031775522.1	XP_016771020.1	99.046	524	5	0	1	524	137	660	0.0	1080
XP_031775564.1	XP_006562311.2	31.081	74	38	3	10	74	669	738	0.025	27.3
XP_031775564.1	XP_006562310.2	31.081	74	38	3	10	74	669	738	0.025	27.3
XP_031775564.1	XP_006562308.2	31.081	74	38	3	10	74	867	936	0.027	26.9
XP_031775564.1	XP_016771028.2	31.081	74	38	3	10	74	531	600	0.030	26.9
XP_031775564.1	XP_016771029.2	32.432	74	37	4	10	74	467	536	0.031	26.9
XP_031775565.1	XP_006562311.2	31.081	74	38	3	10	74	669	738	0.025	27.3
XP_031775565.1	XP_006562310.2	31.081	74	38	3	10	74	669	738	0.025	27.3
XP_031775565.1	XP_006562308.2	31.081	74	38	3	10	74	867	936	0.027	26.9
XP_031775565.1	XP_016771028.2	31.081	74	38	3	10	74	531	600	0.030	26.9
XP_031775565.1	XP_016771029.2	32.432	74	37	4	10	74	467	536	0.031	26.9
XP_031775571.1	XP_016771029.2	30.303	33	23	0	34	66	1513	1545	0.037	23.9
XP_031775571.1	XP_016771028.2	30.303	33	23	0	34	66	1577	1609	0.037	23.9
XP_031775571.1	XP_006562311.2	30.303	33	23	0	34	66	1715	1747	0.037	23.9
XP_031775571.1	XP_006562310.2	30.303	33	23	0	34	66	1715	1747	0.037	23.9
XP_031775571.1	XP_006562308.2	30.303	33	23	0	34	66	1913	1945	0.037	23.9
XP_031775611.1	XP_016771029.2	24.468	94	56	3	440	518	1481	1574	0.041	27.7
XP_031775611.1	XP_006562311.2	24.468	94	56	3	440	518	1683	1776	0.045	27.7
XP_031775611.1	XP_006562310.2	24.468	94	56	3	440	518	1683	1776	0.045	27.7
XP_031775611.1	XP_016771028.2	24.468	94	56	3	440	518	1545	1638	0.046	27.7
XP_031775619.1	XP_016771028.2	23.214	112	73	2	960	1071	613	711	6.81e-04	34.3
XP_031775619.1	XP_006562311.2	23.214	112	73	2	960	1071	751	849	7.20e-04	33.9
XP_031775619.1	XP_006562310.2	23.214	112	73	2	960	1071	751	849	7.20e-04	33.9
XP_031775619.1	XP_016771029.2	23.214	112	73	2	960	1071	549	647	7.52e-04	33.9
XP_031775619.1	XP_006562308.2	23.214	112	73	2	960	1071	949	1047	8.35e-04	33.9
XP_031775749.1	XP_006562308.2	35.294	34	21	1	63	95	169	202	0.010	28.9
XP_031775781.1	XP_006562308.2	24.779	226	137	7	180	377	283	503	8.47e-13	62.8
XP_031775781.1	XP_006562311.2	24.779	226	137	7	180	377	64	284	1.78e-12	61.6
XP_031775781.1	XP_006562310.2	24.779	226	137	7	180	377	64	284	1.78e-12	61.6
XP_031775782.1	XP_006562308.2	24.779	226	137	7	180	377	283	503	8.47e-13	62.8
XP_031775782.1	XP_006562311.2	24.779	226	137	7	180	377	64	284	1.78e-12	61.6
XP_031775782.1	XP_006562310.2	24.779	226	137	7	180	377	64	284	1.78e-12	61.6
XP_031775783.1	XP_006562308.2	24.779	226	137	7	180	377	283	503	1.14e-12	62.4
XP_031775783.1	XP_006562311.2	24.779	226	137	7	180	377	64	284	1.89e-12	61.6
XP_031775783.1	XP_006562310.2	24.779	226	137	7	180	377	64	284	1.89e-12	61.6
XP_031775784.1	XP_006562308.2	24.779	226	137	7	180	377	283	503	1.14e-12	62.4
XP_031775784.1	XP_006562311.2	24.779	226	137	7	180	377	64	284	1.89e-12	61.6
XP_031775784.1	XP_006562310.2	24.779	226	137	7	180	377	64	284	1.89e-12	61.6
XP_031775785.1	XP_006562308.2	24.779	226	137	7	180	377	283	503	8.87e-13	62.4
XP_031775785.1	XP_006562311.2	24.779	226	137	7	180	377	64	284	1.53e-12	61.6
XP_031775785.1	XP_006562310.2	24.779	226	137	7	180	377	64	284	1.53e-12	61.6
XP_031775786.1	XP_006562308.2	24.779	226	137	7	180	377	283	503	8.87e-13	62.4
XP_031775786.1	XP_006562311.2	24.779	226	137	7	180	377	64	284	1.53e-12	61.6
XP_031775786.1	XP_006562310.2	24.779	226	137	7	180	377	64	284	1.53e-12	61.6
XP_031775787.1	XP_006562308.2	24.779	226	137	7	180	377	283	503	1.23e-12	62.0
XP_031775787.1	XP_006562311.2	24.779	226	137	7	180	377	64	284	1.83e-12	61.6
XP_031775787.1	XP_006562310.2	24.779	226	137	7	180	377	64	284	1.83e-12	61.6
XP_031775858.1	XP_006562308.2	29.944	177	101	6	608	765	331	503	1.37e-15	72.4
XP_031775858.1	XP_006562311.2	29.944	177	101	6	608	765	112	284	1.71e-15	72.0
XP_031775858.1	XP_006562310.2	29.944	177	101	6	608	765	112	284	1.71e-15	72.0
XP_031775948.1	XP_006562308.2	28.571	273	145	13	628	867	272	527	2.82e-18	81.3
XP_031775948.1	XP_006562311.2	28.571	273	145	13	628	867	53	308	4.26e-18	80.9
XP_031775948.1	XP_006562310.2	28.571	273	145	13	628	867	53	308	4.26e-18	80.9
XP_031776011.1	XP_006562311.2	23.478	115	73	3	421	521	196	309	0.011	28.9
XP_031776011.1	XP_006562310.2	23.478	115	73	3	421	521	196	309	0.011	28.9
XP_031776011.1	XP_006562308.2	23.478	115	73	3	421	521	415	528	0.011	28.9
XP_031776022.1	XP_016771021.1	32.203	59	36	3	821	877	39	95	0.045	27.3
XP_031776022.1	XP_016771020.1	32.203	59	36	3	821	877	39	95	0.045	27.3
XP_031776065.1	XP_016771021.1	25.641	39	28	1	42	80	20	57	0.032	25.0
XP_031776065.1	XP_016771020.1	25.641	39	28	1	42	80	20	57	0.032	25.0
XP_031776072.1	XP_006562308.2	37.179	78	27	7	104	165	408	479	0.012	26.9
XP_031776072.1	XP_006562311.2	37.179	78	27	7	104	165	189	260	0.014	26.6
XP_031776072.1	XP_006562310.2	37.179	78	27	7	104	165	189	260	0.014	26.6
XP_031776074.1	XP_016771028.2	42.857	21	12	0	33	53	1569	1589	0.041	25.4
XP_031776074.1	XP_016771029.2	42.857	21	12	0	33	53	1505	1525	0.042	25.4
XP_031776094.1	XP_006562311.2	38.462	26	16	0	97	122	1782	1807	0.038	25.0
XP_031776094.1	XP_006562310.2	38.462	26	16	0	97	122	1782	1807	0.038	25.0
XP_031776094.1	XP_016771029.2	38.462	26	16	0	97	122	1580	1605	0.039	25.0
XP_031776094.1	XP_006562308.2	38.462	26	16	0	97	122	1980	2005	0.040	25.0
XP_031776094.1	XP_016771028.2	38.462	26	16	0	97	122	1644	1669	0.042	25.0
XP_031776239.1	XP_006562308.2	25.517	145	92	6	1020	1158	1010	1144	0.001	33.5
XP_031776239.1	XP_006562311.2	25.517	145	92	6	1020	1158	812	946	0.002	33.5
XP_031776239.1	XP_006562310.2	25.517	145	92	6	1020	1158	812	946	0.002	33.5
XP_031776239.1	XP_016771029.2	25.517	145	92	6	1020	1158	610	744	0.002	32.7
XP_031776239.1	XP_016771028.2	25.517	145	92	6	1020	1158	674	808	0.002	32.7
XP_031776242.1	XP_006562308.2	25.517	145	92	6	1020	1158	1010	1144	0.001	33.5
XP_031776242.1	XP_006562311.2	25.517	145	92	6	1020	1158	812	946	0.002	33.5
XP_031776242.1	XP_006562310.2	25.517	145	92	6	1020	1158	812	946	0.002	33.5
XP_031776242.1	XP_016771029.2	25.517	145	92	6	1020	1158	610	744	0.002	32.7
XP_031776242.1	XP_016771028.2	25.517	145	92	6	1020	1158	674	808	0.002	32.7
XP_031776243.1	XP_006562308.2	25.517	145	92	6	1020	1158	1010	1144	0.001	33.5
XP_031776243.1	XP_006562311.2	25.517	145	92	6	1020	1158	812	946	0.002	33.5
XP_031776243.1	XP_006562310.2	25.517	145	92	6	1020	1158	812	946	0.002	33.5
XP_031776243.1	XP_016771029.2	25.517	145	92	6	1020	1158	610	744	0.002	32.7
XP_031776243.1	XP_016771028.2	25.517	145	92	6	1020	1158	674	808	0.002	32.7
XP_031776340.1	XP_006562308.2	29.596	223	127	12	1528	1741	699	900	0.007	32.3
XP_031776340.1	XP_006562311.2	29.596	223	127	12	1528	1741	501	702	0.010	31.6
XP_031776340.1	XP_006562310.2	29.596	223	127	12	1528	1741	501	702	0.010	31.6
XP_031776340.1	XP_016771028.2	29.596	223	127	12	1528	1741	363	564	0.012	31.6
XP_031776340.1	XP_016771029.2	29.596	223	127	12	1528	1741	299	500	0.016	31.2
