XP_016904028.1	NP_001011611.2	30.000	30	21	0	7	36	2	31	0.006	25.8
XP_016904075.1	XP_006562308.2	28.333	60	40	1	144	203	249	305	0.017	26.9
XP_016904075.1	XP_006562311.2	28.333	60	40	1	144	203	30	86	0.018	26.9
XP_016904075.1	XP_006562310.2	28.333	60	40	1	144	203	30	86	0.018	26.9
XP_016904076.1	XP_006562308.2	28.333	60	40	1	144	203	249	305	0.020	26.9
XP_016904076.1	XP_006562311.2	28.333	60	40	1	144	203	30	86	0.023	26.6
XP_016904076.1	XP_006562310.2	28.333	60	40	1	144	203	30	86	0.023	26.6
XP_016904301.1	XP_016771021.1	45.161	31	17	0	34	64	623	653	0.017	24.6
XP_016904301.1	XP_016771020.1	45.161	31	17	0	34	64	623	653	0.017	24.6
XP_016904606.1	XP_016771021.1	27.027	37	27	0	81	117	449	485	0.039	24.3
XP_016904606.1	XP_016771020.1	27.027	37	27	0	81	117	449	485	0.039	24.3
XP_016904722.1	XP_006562311.2	26.984	63	38	2	34	96	97	151	0.028	24.6
XP_016904722.1	XP_006562310.2	26.984	63	38	2	34	96	97	151	0.028	24.6
XP_016904722.1	XP_006562308.2	26.984	63	38	2	34	96	316	370	0.032	24.6
XP_016905173.1	XP_016771028.2	25.874	143	86	6	460	591	1605	1738	0.011	30.4
XP_016905173.1	XP_016771029.2	25.874	143	86	6	460	591	1541	1674	0.011	30.4
XP_016905173.1	XP_006562311.2	25.874	143	86	6	460	591	1743	1876	0.016	30.0
XP_016905173.1	XP_006562310.2	25.874	143	86	6	460	591	1743	1876	0.016	30.0
XP_016905173.1	XP_006562308.2	25.874	143	86	6	460	591	1941	2074	0.016	30.0
XP_016905188.1	XP_016771028.2	25.874	143	86	6	460	591	1605	1738	0.011	30.4
XP_016905188.1	XP_016771029.2	25.874	143	86	6	460	591	1541	1674	0.011	30.4
XP_016905188.1	XP_006562311.2	25.874	143	86	6	460	591	1743	1876	0.016	30.0
XP_016905188.1	XP_006562310.2	25.874	143	86	6	460	591	1743	1876	0.016	30.0
XP_016905188.1	XP_006562308.2	25.874	143	86	6	460	591	1941	2074	0.016	30.0
XP_016905203.1	XP_016771028.2	25.874	143	86	6	460	591	1605	1738	0.011	30.4
XP_016905203.1	XP_016771029.2	25.874	143	86	6	460	591	1541	1674	0.011	30.4
XP_016905203.1	XP_006562311.2	25.874	143	86	6	460	591	1743	1876	0.016	30.0
XP_016905203.1	XP_006562310.2	25.874	143	86	6	460	591	1743	1876	0.016	30.0
XP_016905203.1	XP_006562308.2	25.874	143	86	6	460	591	1941	2074	0.016	30.0
XP_016905209.1	XP_016771028.2	25.874	143	86	6	460	591	1605	1738	0.011	30.4
XP_016905209.1	XP_016771029.2	25.874	143	86	6	460	591	1541	1674	0.011	30.4
XP_016905209.1	XP_006562311.2	25.874	143	86	6	460	591	1743	1876	0.016	30.0
XP_016905209.1	XP_006562310.2	25.874	143	86	6	460	591	1743	1876	0.016	30.0
XP_016905209.1	XP_006562308.2	25.874	143	86	6	460	591	1941	2074	0.016	30.0
XP_016905265.1	XP_006562311.2	39.024	41	15	1	118	158	1220	1250	0.043	24.6
XP_016905265.1	XP_006562310.2	39.024	41	15	1	118	158	1220	1250	0.043	24.6
XP_016905265.1	XP_006562308.2	39.024	41	15	1	118	158	1418	1448	0.043	24.6
XP_016905265.1	XP_016771028.2	39.024	41	15	1	118	158	1082	1112	0.044	24.6
XP_016905265.1	XP_016771029.2	39.024	41	15	1	118	158	1018	1048	0.044	24.6
XP_016905266.1	XP_006562311.2	39.024	41	15	1	118	158	1220	1250	0.043	24.6
XP_016905266.1	XP_006562310.2	39.024	41	15	1	118	158	1220	1250	0.043	24.6
XP_016905266.1	XP_006562308.2	39.024	41	15	1	118	158	1418	1448	0.043	24.6
XP_016905266.1	XP_016771028.2	39.024	41	15	1	118	158	1082	1112	0.044	24.6
XP_016905266.1	XP_016771029.2	39.024	41	15	1	118	158	1018	1048	0.044	24.6
XP_016905319.1	XP_006562311.2	31.081	74	38	3	10	74	669	738	0.025	27.3
XP_016905319.1	XP_006562310.2	31.081	74	38	3	10	74	669	738	0.025	27.3
XP_016905319.1	XP_006562308.2	31.081	74	38	3	10	74	867	936	0.027	27.3
XP_016905319.1	XP_016771028.2	31.081	74	38	3	10	74	531	600	0.032	26.9
XP_016905319.1	XP_016771029.2	31.081	74	38	3	10	74	467	536	0.034	26.9
XP_016905557.1	XP_006562308.2	21.970	264	145	12	233	474	271	495	0.005	30.0
XP_016905557.1	XP_006562311.2	21.970	264	145	12	233	474	52	276	0.005	29.6
XP_016905557.1	XP_006562310.2	21.970	264	145	12	233	474	52	276	0.005	29.6
XP_016905558.1	XP_006562308.2	21.970	264	145	12	233	474	271	495	0.005	30.0
XP_016905558.1	XP_006562311.2	21.970	264	145	12	233	474	52	276	0.005	29.6
XP_016905558.1	XP_006562310.2	21.970	264	145	12	233	474	52	276	0.005	29.6
XP_016905559.1	XP_006562308.2	21.970	264	145	12	233	474	271	495	0.005	30.0
XP_016905559.1	XP_006562311.2	21.970	264	145	12	233	474	52	276	0.005	29.6
XP_016905559.1	XP_006562310.2	21.970	264	145	12	233	474	52	276	0.005	29.6
XP_016905560.1	XP_006562308.2	21.970	264	145	12	233	474	271	495	0.005	30.0
XP_016905560.1	XP_006562311.2	21.970	264	145	12	233	474	52	276	0.005	29.6
XP_016905560.1	XP_006562310.2	21.970	264	145	12	233	474	52	276	0.005	29.6
XP_016905577.1	XP_006562308.2	29.808	104	67	2	81	181	1331	1431	0.029	27.3
XP_016905577.1	XP_006562311.2	29.808	104	67	2	81	181	1133	1233	0.038	26.9
XP_016905577.1	XP_006562310.2	29.808	104	67	2	81	181	1133	1233	0.038	26.9
XP_016905589.1	XP_006562308.2	29.808	104	67	2	81	181	1331	1431	0.025	27.3
XP_016905589.1	XP_006562311.2	29.808	104	67	2	81	181	1133	1233	0.034	26.9
XP_016905589.1	XP_006562310.2	29.808	104	67	2	81	181	1133	1233	0.034	26.9
XP_016905899.1	XP_016771028.2	27.273	66	40	2	866	931	1476	1533	0.026	28.5
XP_016905899.1	XP_016771029.2	27.273	66	40	2	866	931	1412	1469	0.030	28.5
XP_016905899.1	XP_006562308.2	27.273	66	40	2	866	931	1812	1869	0.031	28.5
XP_016905899.1	XP_006562311.2	27.273	66	40	2	866	931	1614	1671	0.034	28.1
XP_016905899.1	XP_006562310.2	27.273	66	40	2	866	931	1614	1671	0.034	28.1
XP_016905949.1	XP_016771021.1	100.000	133	0	0	1	133	1	133	6.12e-96	282
XP_016905949.1	XP_016771020.1	100.000	133	0	0	1	133	1	133	6.12e-96	282
XP_016905951.1	XP_016771021.1	100.000	133	0	0	1	133	1	133	4.25e-96	282
XP_016905951.1	XP_016771020.1	100.000	133	0	0	1	133	1	133	4.25e-96	282
XP_016905952.1	XP_016771021.1	100.000	133	0	0	1	133	1	133	5.64e-96	281
XP_016905952.1	XP_016771020.1	100.000	133	0	0	1	133	1	133	5.64e-96	281
XP_016906067.1	NP_001011612.1	93.478	46	3	0	1	46	1	46	1.58e-29	89.7
XP_016906067.1	NP_001011611.2	56.000	50	18	2	1	46	1	50	1.41e-13	49.7
XP_016906214.1	XP_006562308.2	25.234	107	63	4	511	611	840	935	0.043	28.1
XP_016906386.1	XP_006562308.2	29.310	58	40	1	185	242	463	519	0.001	32.3
XP_016906386.1	XP_006562311.2	29.310	58	40	1	185	242	244	300	0.001	32.0
XP_016906386.1	XP_006562310.2	29.310	58	40	1	185	242	244	300	0.001	32.0
XP_016906459.1	XP_016771029.2	36.364	44	24	2	718	761	1504	1543	0.044	27.7
XP_016906459.1	XP_016771028.2	36.364	44	24	2	718	761	1568	1607	0.045	27.7
XP_016906459.1	XP_006562308.2	36.364	44	24	2	718	761	1904	1943	0.049	27.7
XP_016907123.1	XP_016771028.2	27.143	70	49	1	39	106	1361	1430	0.005	27.3
XP_016907123.1	XP_006562311.2	27.143	70	49	1	39	106	1499	1568	0.005	27.3
XP_016907123.1	XP_006562310.2	27.143	70	49	1	39	106	1499	1568	0.005	27.3
XP_016907123.1	XP_016771029.2	27.143	70	49	1	39	106	1297	1366	0.006	26.9
XP_016907123.1	XP_006562308.2	27.143	70	49	1	39	106	1697	1766	0.006	26.9
XP_016907184.1	XP_006562308.2	27.326	172	108	3	477	631	342	513	2.78e-13	64.3
XP_016907184.1	XP_006562311.2	27.326	172	108	3	477	631	123	294	4.17e-13	63.5
XP_016907184.1	XP_006562310.2	27.326	172	108	3	477	631	123	294	4.17e-13	63.5
XP_016907185.1	XP_006562308.2	27.326	172	108	3	477	631	342	513	2.78e-13	64.3
XP_016907185.1	XP_006562311.2	27.326	172	108	3	477	631	123	294	4.17e-13	63.5
XP_016907185.1	XP_006562310.2	27.326	172	108	3	477	631	123	294	4.17e-13	63.5
XP_016907186.1	XP_006562308.2	27.326	172	108	3	474	628	342	513	2.86e-13	63.9
XP_016907186.1	XP_006562311.2	27.326	172	108	3	474	628	123	294	4.47e-13	63.5
XP_016907186.1	XP_006562310.2	27.326	172	108	3	474	628	123	294	4.47e-13	63.5
XP_016907190.1	XP_006562308.2	20.225	178	119	6	202	367	347	513	6.21e-04	32.3
XP_016907190.1	XP_006562311.2	20.225	178	119	6	202	367	128	294	0.001	31.6
XP_016907190.1	XP_006562310.2	20.225	178	119	6	202	367	128	294	0.001	31.6
XP_016907331.1	XP_016771029.2	28.767	73	49	3	21	91	531	602	0.001	27.7
XP_016907331.1	XP_016771028.2	28.767	73	49	3	21	91	595	666	0.001	27.7
XP_016907331.1	XP_006562311.2	28.767	73	49	3	21	91	733	804	0.001	27.7
XP_016907331.1	XP_006562310.2	28.767	73	49	3	21	91	733	804	0.001	27.7
XP_016907331.1	XP_006562308.2	28.767	73	49	3	21	91	931	1002	0.001	27.7
XP_016907495.1	XP_006562308.2	31.429	35	24	0	2	36	4	38	0.049	24.6
XP_016907938.1	XP_016771021.1	24.286	140	90	4	514	642	435	569	0.004	31.2
XP_016907938.1	XP_016771020.1	24.286	140	90	4	514	642	435	569	0.004	31.2
XP_016907941.1	XP_016771021.1	24.286	140	90	4	514	642	435	569	0.004	31.2
XP_016907941.1	XP_016771020.1	24.286	140	90	4	514	642	435	569	0.004	31.2
XP_016907942.1	XP_016771021.1	24.286	140	90	4	500	628	435	569	0.004	31.2
XP_016907942.1	XP_016771020.1	24.286	140	90	4	500	628	435	569	0.004	31.2
XP_016907992.1	XP_016771021.1	45.161	31	17	0	304	334	595	625	0.028	27.3
XP_016907992.1	XP_016771020.1	45.161	31	17	0	304	334	595	625	0.028	27.3
XP_016909117.1	XP_016771021.1	37.255	51	29	1	716	766	488	535	0.027	29.6
XP_016909117.1	XP_016771020.1	37.255	51	29	1	716	766	488	535	0.027	29.6
XP_016909323.1	XP_016771029.2	26.506	83	51	3	160	232	1242	1324	0.044	26.9
XP_016909323.1	XP_016771028.2	26.506	83	51	3	160	232	1306	1388	0.047	26.9
XP_016909904.1	XP_006562308.2	33.962	53	27	2	30	82	1887	1931	0.007	27.3
XP_016910122.1	XP_006562311.2	29.730	74	48	2	53	124	846	917	0.008	29.6
XP_016910122.1	XP_006562310.2	29.730	74	48	2	53	124	846	917	0.008	29.6
XP_016910122.1	XP_006562308.2	29.730	74	48	2	53	124	1044	1115	0.008	29.6
XP_016910124.1	XP_006562311.2	29.730	74	48	2	53	124	846	917	0.008	29.6
XP_016910124.1	XP_006562310.2	29.730	74	48	2	53	124	846	917	0.008	29.6
XP_016910124.1	XP_006562308.2	29.730	74	48	2	53	124	1044	1115	0.008	29.6
XP_016910130.1	XP_016771028.2	29.730	74	48	2	53	124	708	779	0.007	29.6
XP_016910130.1	XP_006562311.2	29.730	74	48	2	53	124	846	917	0.007	29.6
XP_016910130.1	XP_006562310.2	29.730	74	48	2	53	124	846	917	0.007	29.6
XP_016910130.1	XP_006562308.2	29.730	74	48	2	53	124	1044	1115	0.007	29.6
XP_016910131.1	XP_016771028.2	29.730	74	48	2	53	124	708	779	0.006	29.6
XP_016910131.1	XP_006562311.2	29.730	74	48	2	53	124	846	917	0.007	29.6
XP_016910131.1	XP_006562310.2	29.730	74	48	2	53	124	846	917	0.007	29.6
XP_016910131.1	XP_006562308.2	29.730	74	48	2	53	124	1044	1115	0.007	29.6
XP_016910487.1	XP_016771021.1	41.379	29	17	0	117	145	282	310	0.014	28.9
XP_016910487.1	XP_016771020.1	41.379	29	17	0	117	145	282	310	0.014	28.9
XP_016910487.1	XP_016771028.2	30.612	49	24	1	282	330	1588	1626	0.032	27.7
XP_016910487.1	XP_016771029.2	30.612	49	24	1	282	330	1524	1562	0.033	27.7
XP_016910487.1	XP_006562308.2	30.612	49	24	1	282	330	1924	1962	0.038	27.7
XP_016910487.1	XP_006562311.2	30.612	49	24	1	282	330	1726	1764	0.040	27.3
XP_016910488.1	XP_016771021.1	41.379	29	17	0	117	145	282	310	0.011	28.9
XP_016910488.1	XP_016771020.1	41.379	29	17	0	117	145	282	310	0.011	28.9
XP_016910488.1	XP_016771029.2	30.612	49	24	1	282	330	1524	1562	0.031	27.7
XP_016910488.1	XP_016771028.2	30.612	49	24	1	282	330	1588	1626	0.032	27.7
XP_016910488.1	XP_006562308.2	30.612	49	24	1	282	330	1924	1962	0.035	27.7
XP_016910488.1	XP_006562311.2	30.612	49	24	1	282	330	1726	1764	0.039	27.3
XP_016910542.1	XP_006562308.2	33.784	74	40	2	1537	1601	1062	1135	0.030	30.0
XP_016910542.1	XP_006562311.2	33.784	74	40	2	1537	1601	864	937	0.033	30.0
XP_016910542.1	XP_006562310.2	33.784	74	40	2	1537	1601	864	937	0.033	30.0
XP_016910542.1	XP_016771028.2	33.784	74	40	2	1537	1601	726	799	0.041	29.6
XP_016910542.1	XP_016771029.2	33.784	74	40	2	1537	1601	662	735	0.045	29.6
XP_016910543.1	XP_006562308.2	33.784	74	40	2	1536	1600	1062	1135	0.030	30.0
XP_016910543.1	XP_006562311.2	33.784	74	40	2	1536	1600	864	937	0.033	30.0
XP_016910543.1	XP_006562310.2	33.784	74	40	2	1536	1600	864	937	0.033	30.0
XP_016910543.1	XP_016771028.2	33.784	74	40	2	1536	1600	726	799	0.041	29.6
XP_016910543.1	XP_016771029.2	33.784	74	40	2	1536	1600	662	735	0.044	29.6
XP_016910544.1	XP_006562308.2	33.784	74	40	2	1485	1549	1062	1135	0.029	30.0
XP_016910544.1	XP_006562311.2	33.784	74	40	2	1485	1549	864	937	0.033	30.0
XP_016910544.1	XP_006562310.2	33.784	74	40	2	1485	1549	864	937	0.033	30.0
XP_016910544.1	XP_016771028.2	33.784	74	40	2	1485	1549	726	799	0.042	29.6
XP_016910544.1	XP_016771029.2	33.784	74	40	2	1485	1549	662	735	0.044	29.6
XP_016910546.1	XP_006562308.2	33.784	74	40	2	1484	1548	1062	1135	0.029	30.0
XP_016910546.1	XP_006562311.2	33.784	74	40	2	1484	1548	864	937	0.033	30.0
XP_016910546.1	XP_006562310.2	33.784	74	40	2	1484	1548	864	937	0.033	30.0
XP_016910546.1	XP_016771028.2	33.784	74	40	2	1484	1548	726	799	0.042	29.6
XP_016910546.1	XP_016771029.2	33.784	74	40	2	1484	1548	662	735	0.045	29.6
XP_016910547.1	XP_006562308.2	33.784	74	40	2	1537	1601	1062	1135	0.029	30.0
XP_016910547.1	XP_006562311.2	33.784	74	40	2	1537	1601	864	937	0.033	30.0
XP_016910547.1	XP_006562310.2	33.784	74	40	2	1537	1601	864	937	0.033	30.0
XP_016910547.1	XP_016771028.2	33.784	74	40	2	1537	1601	726	799	0.041	29.6
XP_016910547.1	XP_016771029.2	33.784	74	40	2	1537	1601	662	735	0.044	29.6
XP_016910846.1	XP_016771029.2	28.846	52	33	2	24	72	1145	1195	9.65e-05	30.4
XP_016910846.1	XP_016771028.2	28.846	52	33	2	24	72	1209	1259	9.66e-05	30.4
XP_016910846.1	XP_006562311.2	28.846	52	33	2	24	72	1347	1397	9.67e-05	30.4
XP_016910846.1	XP_006562310.2	28.846	52	33	2	24	72	1347	1397	9.67e-05	30.4
XP_016910846.1	XP_006562308.2	28.846	52	33	2	24	72	1545	1595	9.68e-05	30.4
XP_016910997.1	XP_006562308.2	29.944	177	101	6	608	765	331	503	1.40e-15	72.0
XP_016910997.1	XP_006562311.2	29.944	177	101	6	608	765	112	284	1.72e-15	72.0
XP_016910997.1	XP_006562310.2	29.944	177	101	6	608	765	112	284	1.72e-15	72.0
XP_016910998.1	XP_006562308.2	29.944	177	101	6	608	765	331	503	1.40e-15	72.0
XP_016910998.1	XP_006562311.2	29.944	177	101	6	608	765	112	284	1.72e-15	72.0
XP_016910998.1	XP_006562310.2	29.944	177	101	6	608	765	112	284	1.72e-15	72.0
XP_016910999.1	XP_006562308.2	29.944	177	101	6	602	759	331	503	1.41e-15	72.0
XP_016910999.1	XP_006562311.2	29.944	177	101	6	602	759	112	284	1.70e-15	72.0
XP_016910999.1	XP_006562310.2	29.944	177	101	6	602	759	112	284	1.70e-15	72.0
XP_016911000.1	XP_006562308.2	29.944	177	101	6	602	759	331	503	1.41e-15	72.0
XP_016911000.1	XP_006562311.2	29.944	177	101	6	602	759	112	284	1.70e-15	72.0
XP_016911000.1	XP_006562310.2	29.944	177	101	6	602	759	112	284	1.70e-15	72.0
XP_016911093.1	XP_006562311.2	24.000	100	56	4	325	405	1407	1505	0.003	30.4
XP_016911093.1	XP_006562310.2	24.000	100	56	4	325	405	1407	1505	0.003	30.4
XP_016911093.1	XP_006562308.2	24.000	100	56	4	325	405	1605	1703	0.003	30.4
XP_016911093.1	XP_016771029.2	24.000	100	56	4	325	405	1205	1303	0.003	30.0
XP_016911093.1	XP_016771028.2	24.000	100	56	4	325	405	1269	1367	0.004	30.0
XP_016911210.1	XP_016771028.2	22.131	122	72	2	17	134	1288	1390	0.010	27.3
XP_016911210.1	XP_016771029.2	22.131	122	72	2	17	134	1224	1326	0.011	26.9
XP_016911210.1	XP_006562311.2	25.000	72	54	0	63	134	1457	1528	0.012	26.9
XP_016911210.1	XP_006562310.2	25.000	72	54	0	63	134	1457	1528	0.012	26.9
XP_016911210.1	XP_006562308.2	25.000	72	54	0	63	134	1655	1726	0.013	26.9
XP_016911320.1	XP_006562308.2	28.571	273	145	13	630	869	272	527	3.93e-18	80.9
XP_016911320.1	XP_006562311.2	28.571	273	145	13	630	869	53	308	6.46e-18	80.1
XP_016911320.1	XP_006562310.2	28.571	273	145	13	630	869	53	308	6.46e-18	80.1
XP_016911321.1	XP_006562308.2	28.571	273	145	13	630	869	272	527	3.93e-18	80.9
XP_016911321.1	XP_006562311.2	28.571	273	145	13	630	869	53	308	6.46e-18	80.1
XP_016911321.1	XP_006562310.2	28.571	273	145	13	630	869	53	308	6.46e-18	80.1
XP_016911322.1	XP_006562308.2	28.571	273	145	13	630	869	272	527	3.93e-18	80.9
XP_016911322.1	XP_006562311.2	28.571	273	145	13	630	869	53	308	6.46e-18	80.1
XP_016911322.1	XP_006562310.2	28.571	273	145	13	630	869	53	308	6.46e-18	80.1
XP_016911324.1	XP_016771028.2	25.301	83	50	2	104	185	238	309	1.74e-04	32.3
XP_016911324.1	XP_016771029.2	25.301	83	50	2	104	185	174	245	1.78e-04	32.3
XP_016911324.1	XP_006562311.2	25.301	83	50	2	104	185	376	447	1.94e-04	32.3
XP_016911324.1	XP_006562310.2	25.301	83	50	2	104	185	376	447	1.94e-04	32.3
XP_016911324.1	XP_006562308.2	27.692	65	35	2	104	167	595	648	0.006	27.7
XP_016911334.1	XP_006562311.2	25.301	83	50	2	79	160	376	447	2.09e-04	32.0
XP_016911334.1	XP_006562310.2	25.301	83	50	2	79	160	376	447	2.09e-04	32.0
XP_016911334.1	XP_016771029.2	25.301	83	50	2	79	160	174	245	2.16e-04	32.0
XP_016911334.1	XP_016771028.2	25.301	83	50	2	79	160	238	309	2.18e-04	32.0
XP_016911334.1	XP_006562308.2	27.692	65	35	2	79	142	595	648	0.005	27.7
XP_016911342.1	XP_006562308.2	26.250	240	135	7	488	695	283	512	3.83e-18	80.9
XP_016911342.1	XP_006562311.2	26.250	240	135	7	488	695	64	293	4.43e-18	80.5
XP_016911342.1	XP_006562310.2	26.250	240	135	7	488	695	64	293	4.43e-18	80.5
XP_016911753.1	XP_006562308.2	25.225	111	60	3	7	100	645	749	0.026	24.6
XP_016911779.1	XP_006562311.2	32.579	221	128	6	97	296	64	284	5.27e-30	112
XP_016911779.1	XP_006562310.2	32.579	221	128	6	97	296	64	284	5.27e-30	112
XP_016911779.1	XP_006562308.2	32.579	221	128	6	97	296	283	503	2.56e-29	110
XP_016912126.1	XP_016771028.2	25.714	70	52	0	195	264	966	1035	0.042	26.9
XP_016912126.1	XP_016771029.2	25.714	70	52	0	195	264	902	971	0.044	26.6
XP_016912202.2	XP_016771028.2	37.037	54	29	3	585	637	1361	1410	0.009	29.6
XP_016912202.2	XP_016771029.2	37.037	54	29	3	585	637	1297	1346	0.010	29.6
XP_016912202.2	XP_006562311.2	37.037	54	29	3	585	637	1499	1548	0.012	29.3
XP_016912202.2	XP_006562310.2	37.037	54	29	3	585	637	1499	1548	0.012	29.3
XP_016912202.2	XP_006562308.2	37.037	54	29	3	585	637	1697	1746	0.012	29.3
XP_016912239.1	XP_006562308.2	28.070	114	74	3	893	1004	2070	2177	0.048	28.1
XP_016912243.1	XP_006562308.2	18.919	111	79	2	95	198	784	890	0.015	26.6
XP_016912244.1	XP_006562308.2	18.919	111	79	2	95	198	784	890	0.015	26.6
XP_016912245.1	XP_006562308.2	18.919	111	79	2	95	198	784	890	0.015	26.6
XP_016912406.1	XP_016771021.1	26.866	67	47	1	354	420	478	542	0.031	26.9
XP_016912406.1	XP_016771020.1	26.866	67	47	1	354	420	478	542	0.031	26.9
XP_016912477.1	XP_016771029.2	55.000	20	9	0	62	81	1257	1276	0.009	26.6
XP_016912477.1	XP_016771028.2	55.000	20	9	0	62	81	1321	1340	0.009	26.6
XP_016912477.1	XP_006562311.2	55.000	20	9	0	62	81	1459	1478	0.010	26.6
XP_016912477.1	XP_006562310.2	55.000	20	9	0	62	81	1459	1478	0.010	26.6
XP_016912477.1	XP_006562308.2	55.000	20	9	0	62	81	1657	1676	0.010	26.6
XP_016912484.1	XP_006562311.2	23.364	107	68	1	184	276	208	314	2.65e-04	32.7
XP_016912484.1	XP_006562310.2	23.364	107	68	1	184	276	208	314	2.65e-04	32.7
XP_016912484.1	XP_006562308.2	23.364	107	68	1	184	276	427	533	3.17e-04	32.7
XP_016912763.1	XP_016771021.1	33.753	477	286	12	39	498	23	486	3.47e-81	259
XP_016912763.1	XP_016771020.1	33.753	477	286	12	39	498	23	486	3.47e-81	259
XP_016912880.1	XP_006562308.2	24.779	226	137	7	180	377	283	503	3.39e-12	60.8
XP_016912880.1	XP_006562311.2	24.779	226	137	7	180	377	64	284	5.77e-12	60.1
XP_016912880.1	XP_006562310.2	24.779	226	137	7	180	377	64	284	5.77e-12	60.1
XP_016912881.1	XP_006562308.2	25.664	226	135	7	141	338	283	503	2.27e-12	61.2
XP_016912881.1	XP_006562311.2	24.779	226	137	7	141	338	64	284	4.50e-12	60.1
XP_016912881.1	XP_006562310.2	24.779	226	137	7	141	338	64	284	4.50e-12	60.1
XP_016912882.1	XP_006562308.2	24.779	226	137	7	180	377	283	503	4.15e-12	60.5
XP_016912882.1	XP_006562311.2	24.779	226	137	7	180	377	64	284	7.49e-12	59.3
XP_016912882.1	XP_006562310.2	24.779	226	137	7	180	377	64	284	7.49e-12	59.3
XP_016912883.1	XP_006562308.2	24.779	226	137	7	180	377	283	503	4.25e-12	60.5
XP_016912883.1	XP_006562311.2	24.779	226	137	7	180	377	64	284	7.35e-12	59.7
XP_016912883.1	XP_006562310.2	24.779	226	137	7	180	377	64	284	7.35e-12	59.7
XP_016912974.1	XP_006562311.2	39.583	48	29	0	55	102	1784	1831	0.044	28.1
XP_016912974.1	XP_006562310.2	39.583	48	29	0	55	102	1784	1831	0.044	28.1
XP_016912974.1	XP_006562308.2	39.583	48	29	0	55	102	1982	2029	0.046	28.1
XP_016912975.1	XP_006562311.2	39.583	48	29	0	55	102	1784	1831	0.044	28.1
XP_016912975.1	XP_006562310.2	39.583	48	29	0	55	102	1784	1831	0.044	28.1
XP_016912975.1	XP_006562308.2	39.583	48	29	0	55	102	1982	2029	0.046	28.1
XP_016913801.1	XP_016771028.2	27.869	61	43	1	195	254	553	613	0.036	26.6
XP_016913801.1	XP_006562311.2	27.869	61	43	1	195	254	691	751	0.037	26.2
XP_016913801.1	XP_006562310.2	27.869	61	43	1	195	254	691	751	0.037	26.2
XP_016913801.1	XP_016771029.2	27.869	61	43	1	195	254	489	549	0.037	26.2
XP_016913801.1	XP_006562308.2	27.869	61	43	1	195	254	889	949	0.039	26.2
XP_016914471.1	XP_006562308.2	28.859	149	90	3	227	359	355	503	2.01e-18	80.9
XP_016914471.1	XP_006562311.2	28.859	149	90	3	227	359	136	284	2.43e-18	80.5
XP_016914471.1	XP_006562310.2	28.859	149	90	3	227	359	136	284	2.43e-18	80.5
XP_016914614.1	XP_006562308.2	23.121	173	107	7	533	686	347	512	1.09e-07	45.8
XP_016914614.1	XP_006562311.2	23.121	173	107	7	533	686	128	293	1.46e-07	45.4
XP_016914614.1	XP_006562310.2	23.121	173	107	7	533	686	128	293	1.46e-07	45.4
XP_016914615.1	XP_006562308.2	23.121	173	107	7	533	686	347	512	1.09e-07	45.8
XP_016914615.1	XP_006562311.2	23.121	173	107	7	533	686	128	293	1.46e-07	45.4
XP_016914615.1	XP_006562310.2	23.121	173	107	7	533	686	128	293	1.46e-07	45.4
XP_016914616.1	XP_016771028.2	26.316	95	51	4	130	224	1330	1405	0.041	26.9
XP_016914616.1	XP_016771029.2	26.316	95	51	4	130	224	1266	1341	0.047	26.9
XP_016914616.1	XP_006562311.2	26.316	95	51	4	130	224	1468	1543	0.048	26.9
XP_016914616.1	XP_006562310.2	26.316	95	51	4	130	224	1468	1543	0.048	26.9
XP_016914630.1	XP_016771021.1	37.500	40	24	1	510	548	277	316	0.016	28.5
XP_016914630.1	XP_016771020.1	37.500	40	24	1	510	548	277	316	0.016	28.5
XP_016914631.1	XP_016771021.1	37.500	40	24	1	504	542	277	316	0.016	28.5
XP_016914631.1	XP_016771020.1	37.500	40	24	1	504	542	277	316	0.016	28.5
XP_016914666.1	XP_016771029.2	29.167	72	30	2	1034	1084	885	956	0.007	31.6
XP_016914666.1	XP_016771028.2	29.167	72	30	2	1034	1084	949	1020	0.008	31.6
XP_016914666.1	XP_006562311.2	29.167	72	30	2	1034	1084	1087	1158	0.009	31.6
XP_016914666.1	XP_006562310.2	29.167	72	30	2	1034	1084	1087	1158	0.009	31.6
XP_016914666.1	XP_006562308.2	29.167	72	30	2	1034	1084	1285	1356	0.011	31.2
XP_016914667.1	XP_016771029.2	29.167	72	30	2	1034	1084	885	956	0.007	31.6
XP_016914667.1	XP_016771028.2	29.167	72	30	2	1034	1084	949	1020	0.008	31.6
XP_016914667.1	XP_006562311.2	29.167	72	30	2	1034	1084	1087	1158	0.009	31.6
XP_016914667.1	XP_006562310.2	29.167	72	30	2	1034	1084	1087	1158	0.009	31.6
XP_016914667.1	XP_006562308.2	29.167	72	30	2	1034	1084	1285	1356	0.011	31.2
XP_016914668.1	XP_016771029.2	29.167	72	30	2	1034	1084	885	956	0.007	31.6
XP_016914668.1	XP_016771028.2	29.167	72	30	2	1034	1084	949	1020	0.008	31.6
XP_016914668.1	XP_006562311.2	29.167	72	30	2	1034	1084	1087	1158	0.009	31.6
XP_016914668.1	XP_006562310.2	29.167	72	30	2	1034	1084	1087	1158	0.009	31.6
XP_016914668.1	XP_006562308.2	29.167	72	30	2	1034	1084	1285	1356	0.011	31.2
XP_016915056.1	XP_006562308.2	34.211	38	21	1	76	109	1068	1105	0.046	24.3
XP_016915056.1	XP_006562311.2	34.211	38	21	1	76	109	870	907	0.047	24.3
XP_016915056.1	XP_006562310.2	34.211	38	21	1	76	109	870	907	0.047	24.3
XP_016915056.1	XP_016771029.2	34.211	38	21	1	76	109	668	705	0.047	24.3
XP_016915056.1	XP_016771028.2	34.211	38	21	1	76	109	732	769	0.048	24.3
XP_016915063.1	XP_006562311.2	30.189	53	36	1	135	186	191	243	0.014	28.5
XP_016915063.1	XP_006562310.2	30.189	53	36	1	135	186	191	243	0.014	28.5
XP_016915063.1	XP_006562308.2	30.189	53	36	1	135	186	410	462	0.016	28.1
XP_016915478.1	XP_016771028.2	28.378	74	42	3	44	109	646	716	0.014	25.8
XP_016915478.1	XP_016771029.2	28.378	74	42	3	44	109	582	652	0.015	25.8
XP_016915478.1	XP_006562311.2	28.378	74	42	3	44	109	784	854	0.020	25.4
XP_016915478.1	XP_006562310.2	28.378	74	42	3	44	109	784	854	0.020	25.4
XP_016915478.1	XP_006562308.2	28.378	74	42	3	44	109	982	1052	0.021	25.4
XP_016915549.1	XP_006562308.2	25.517	145	92	6	1020	1158	1010	1144	0.001	33.5
XP_016915549.1	XP_006562311.2	25.517	145	92	6	1020	1158	812	946	0.002	33.5
XP_016915549.1	XP_006562310.2	25.517	145	92	6	1020	1158	812	946	0.002	33.5
XP_016915549.1	XP_016771029.2	25.517	145	92	6	1020	1158	610	744	0.002	32.7
XP_016915549.1	XP_016771028.2	25.517	145	92	6	1020	1158	674	808	0.002	32.7
XP_016915560.1	XP_006562308.2	25.517	145	92	6	1020	1158	1010	1144	0.001	33.5
XP_016915560.1	XP_006562311.2	25.517	145	92	6	1020	1158	812	946	0.002	33.5
XP_016915560.1	XP_006562310.2	25.517	145	92	6	1020	1158	812	946	0.002	33.5
XP_016915560.1	XP_016771029.2	25.517	145	92	6	1020	1158	610	744	0.002	32.7
XP_016915560.1	XP_016771028.2	25.517	145	92	6	1020	1158	674	808	0.002	32.7
XP_016915569.1	XP_006562308.2	25.517	145	92	6	1020	1158	1010	1144	0.001	33.5
XP_016915569.1	XP_006562311.2	25.517	145	92	6	1020	1158	812	946	0.002	33.5
XP_016915569.1	XP_006562310.2	25.517	145	92	6	1020	1158	812	946	0.002	33.5
XP_016915569.1	XP_016771029.2	25.517	145	92	6	1020	1158	610	744	0.002	32.7
XP_016915569.1	XP_016771028.2	25.517	145	92	6	1020	1158	674	808	0.002	32.7
XP_016915587.1	XP_006562308.2	25.517	145	92	6	1020	1158	1010	1144	0.001	33.5
XP_016915587.1	XP_006562311.2	25.517	145	92	6	1020	1158	812	946	0.002	33.5
XP_016915587.1	XP_006562310.2	25.517	145	92	6	1020	1158	812	946	0.002	33.5
XP_016915587.1	XP_016771029.2	25.517	145	92	6	1020	1158	610	744	0.002	32.7
XP_016915587.1	XP_016771028.2	25.517	145	92	6	1020	1158	674	808	0.002	32.7
XP_016915592.1	XP_006562311.2	25.517	145	92	6	1013	1151	812	946	0.002	33.5
XP_016915592.1	XP_006562310.2	25.517	145	92	6	1013	1151	812	946	0.002	33.5
XP_016915592.1	XP_006562308.2	25.517	145	92	6	1013	1151	1010	1144	0.002	33.5
XP_016915592.1	XP_016771029.2	25.517	145	92	6	1013	1151	610	744	0.002	33.1
XP_016915592.1	XP_016771028.2	25.517	145	92	6	1013	1151	674	808	0.002	33.1
XP_016915982.1	XP_006562308.2	27.985	268	141	9	73	303	275	527	2.63e-18	77.4
XP_016915982.1	XP_006562311.2	27.985	268	141	9	73	303	56	308	2.77e-18	77.4
XP_016915982.1	XP_006562310.2	27.985	268	141	9	73	303	56	308	2.77e-18	77.4
XP_016916560.1	XP_006562308.2	27.500	40	29	0	113	152	765	804	0.040	25.0
XP_016916560.1	XP_006562311.2	27.500	40	29	0	113	152	567	606	0.042	25.0
XP_016916560.1	XP_006562310.2	27.500	40	29	0	113	152	567	606	0.042	25.0
XP_016916900.1	XP_006562308.2	50.000	20	10	0	27	46	669	688	0.043	25.4
XP_016916900.1	XP_006562311.2	50.000	20	10	0	27	46	471	490	0.046	25.4
XP_016916900.1	XP_006562310.2	50.000	20	10	0	27	46	471	490	0.046	25.4
XP_016917053.1	XP_016771021.1	24.126	286	176	10	36	303	214	476	1.13e-12	59.3
XP_016917053.1	XP_016771020.1	24.126	286	176	10	36	303	214	476	1.13e-12	59.3
XP_016917069.1	XP_006562308.2	20.175	228	143	8	298	506	282	489	8.51e-06	39.3
XP_016917069.1	XP_006562311.2	21.168	137	91	4	387	506	134	270	8.97e-06	39.3
XP_016917069.1	XP_006562310.2	21.168	137	91	4	387	506	134	270	8.97e-06	39.3
XP_016917120.1	XP_006562308.2	50.000	24	12	0	472	495	1135	1158	0.039	26.9
XP_016917213.1	XP_016771021.1	37.736	477	283	9	269	736	28	499	1.39e-108	341
XP_016917213.1	XP_016771020.1	37.736	477	283	9	269	736	28	499	1.39e-108	341
XP_016917552.1	XP_006562308.2	23.466	277	185	8	362	612	283	558	1.41e-15	70.9
XP_016917552.1	XP_006562311.2	23.466	277	185	8	362	612	64	339	3.46e-15	69.7
XP_016917552.1	XP_006562310.2	23.466	277	185	8	362	612	64	339	3.46e-15	69.7
XP_016917553.1	XP_006562308.2	24.490	98	69	2	455	547	461	558	2.13e-08	47.4
XP_016917553.1	XP_006562311.2	24.490	98	69	2	455	547	242	339	2.78e-08	47.0
XP_016917553.1	XP_006562310.2	24.490	98	69	2	455	547	242	339	2.78e-08	47.0
XP_016917924.1	XP_006562308.2	33.333	30	20	0	220	249	626	655	0.033	25.8
XP_016918029.1	XP_016771028.2	47.619	21	11	0	50	70	164	184	0.033	27.3
XP_016918383.1	XP_016771021.1	25.000	104	69	2	452	550	444	543	0.030	29.3
XP_016918383.1	XP_016771020.1	25.000	104	69	2	452	550	444	543	0.030	29.3
XP_016918385.1	XP_016771021.1	25.000	104	69	2	452	550	444	543	0.030	29.3
XP_016918385.1	XP_016771020.1	25.000	104	69	2	452	550	444	543	0.030	29.3
XP_016918414.1	XP_016771021.1	21.569	51	37	1	86	136	168	215	0.019	26.9
XP_016918414.1	XP_016771020.1	21.569	51	37	1	86	136	168	215	0.019	26.9
XP_016918419.1	XP_006562308.2	32.353	34	22	1	82	114	169	202	0.030	27.3
XP_016918420.1	XP_006562308.2	32.353	34	22	1	82	114	169	202	0.030	27.3
XP_016918421.1	XP_006562308.2	32.353	34	22	1	63	95	169	202	0.029	27.3
XP_016918465.1	XP_016771021.1	30.233	129	77	3	742	858	8	135	1.27e-10	55.8
XP_016918465.1	XP_016771021.1	28.205	78	50	2	586	661	68	141	6.79e-05	37.0
XP_016918465.1	XP_016771020.1	30.233	129	77	3	742	858	8	135	1.27e-10	55.8
XP_016918465.1	XP_016771020.1	28.205	78	50	2	586	661	68	141	6.79e-05	37.0
XP_016918466.1	XP_016771021.1	30.233	129	77	3	742	858	8	135	1.27e-10	55.8
XP_016918466.1	XP_016771021.1	28.205	78	50	2	586	661	68	141	6.79e-05	37.0
XP_016918466.1	XP_016771020.1	30.233	129	77	3	742	858	8	135	1.27e-10	55.8
XP_016918466.1	XP_016771020.1	28.205	78	50	2	586	661	68	141	6.79e-05	37.0
XP_016918467.1	XP_016771021.1	30.233	129	77	3	607	723	8	135	2.59e-10	54.7
XP_016918467.1	XP_016771021.1	28.205	78	50	2	451	526	68	141	8.17e-05	36.6
XP_016918467.1	XP_016771020.1	30.233	129	77	3	607	723	8	135	2.59e-10	54.7
XP_016918467.1	XP_016771020.1	28.205	78	50	2	451	526	68	141	8.17e-05	36.6
XP_016918517.1	XP_016771028.2	26.957	115	69	3	470	575	1017	1125	0.014	29.3
XP_016918517.1	XP_016771029.2	26.957	115	69	3	470	575	953	1061	0.018	28.9
XP_016918517.1	XP_006562311.2	26.957	115	69	3	470	575	1155	1263	0.039	27.7
XP_016918517.1	XP_006562310.2	26.957	115	69	3	470	575	1155	1263	0.039	27.7
XP_016918517.1	XP_006562308.2	26.957	115	69	3	470	575	1353	1461	0.040	27.7
XP_016918518.1	XP_016771028.2	26.957	115	69	3	470	575	1017	1125	0.014	29.3
XP_016918518.1	XP_016771029.2	26.957	115	69	3	470	575	953	1061	0.018	28.9
XP_016918518.1	XP_006562311.2	26.957	115	69	3	470	575	1155	1263	0.039	27.7
XP_016918518.1	XP_006562310.2	26.957	115	69	3	470	575	1155	1263	0.039	27.7
XP_016918518.1	XP_006562308.2	26.957	115	69	3	470	575	1353	1461	0.040	27.7
XP_016918519.1	XP_016771028.2	26.957	115	69	3	470	575	1017	1125	0.014	29.3
XP_016918519.1	XP_016771029.2	26.957	115	69	3	470	575	953	1061	0.018	28.9
XP_016918519.1	XP_006562311.2	26.957	115	69	3	470	575	1155	1263	0.039	27.7
XP_016918519.1	XP_006562310.2	26.957	115	69	3	470	575	1155	1263	0.039	27.7
XP_016918519.1	XP_006562308.2	26.957	115	69	3	470	575	1353	1461	0.040	27.7
XP_016918521.1	XP_016771028.2	26.957	115	69	3	470	575	1017	1125	0.014	29.3
XP_016918521.1	XP_016771029.2	26.957	115	69	3	470	575	953	1061	0.018	28.9
XP_016918521.1	XP_006562311.2	26.957	115	69	3	470	575	1155	1263	0.039	27.7
XP_016918521.1	XP_006562310.2	26.957	115	69	3	470	575	1155	1263	0.039	27.7
XP_016918521.1	XP_006562308.2	26.957	115	69	3	470	575	1353	1461	0.040	27.7
XP_016918603.1	XP_006562311.2	25.556	270	168	8	93	337	56	317	1.44e-19	83.6
XP_016918603.1	XP_006562310.2	25.556	270	168	8	93	337	56	317	1.44e-19	83.6
XP_016918603.1	XP_006562308.2	25.556	270	168	8	93	337	275	536	1.91e-19	83.2
XP_016918606.1	XP_006562311.2	25.940	266	154	9	93	319	56	317	7.40e-19	81.3
XP_016918606.1	XP_006562310.2	25.940	266	154	9	93	319	56	317	7.40e-19	81.3
XP_016918606.1	XP_006562308.2	25.940	266	154	9	93	319	275	536	9.41e-19	80.9
XP_016918624.1	XP_006562308.2	28.144	167	94	9	125	284	932	1079	0.019	26.9
XP_016918624.1	XP_006562311.2	28.144	167	94	9	125	284	734	881	0.022	26.6
XP_016918624.1	XP_006562310.2	28.144	167	94	9	125	284	734	881	0.022	26.6
XP_016918624.1	XP_016771029.2	28.144	167	94	9	125	284	532	679	0.029	26.2
XP_016918624.1	XP_016771028.2	28.144	167	94	9	125	284	596	743	0.030	26.2
XP_016918793.1	XP_016771029.2	42.857	21	12	0	83	103	1734	1754	0.013	25.0
XP_016918793.1	XP_016771028.2	42.857	21	12	0	83	103	1798	1818	0.013	25.0
XP_016918793.1	XP_006562311.2	42.857	21	12	0	83	103	1936	1956	0.013	25.0
XP_016918793.1	XP_006562310.2	42.857	21	12	0	83	103	1936	1956	0.013	25.0
XP_016918793.1	XP_006562308.2	42.857	21	12	0	83	103	2134	2154	0.013	25.0
XP_016918950.1	XP_006562308.2	26.050	119	79	4	188	304	2096	2207	0.003	30.0
XP_016918950.1	XP_006562311.2	26.531	98	67	3	188	283	1898	1992	0.004	29.6
XP_016918950.1	XP_006562310.2	26.531	98	67	3	188	283	1898	1992	0.004	29.6
XP_016918950.1	XP_016771028.2	26.263	99	68	3	187	283	1759	1854	0.007	28.9
XP_016918950.1	XP_016771029.2	26.531	98	67	3	188	283	1696	1790	0.007	28.9
XP_016918951.1	XP_006562308.2	26.050	119	79	4	188	304	2096	2207	0.003	30.0
XP_016918951.1	XP_006562311.2	26.531	98	67	3	188	283	1898	1992	0.004	29.6
XP_016918951.1	XP_006562310.2	26.531	98	67	3	188	283	1898	1992	0.004	29.6
XP_016918951.1	XP_016771028.2	26.263	99	68	3	187	283	1759	1854	0.007	28.9
XP_016918951.1	XP_016771029.2	26.531	98	67	3	188	283	1696	1790	0.007	28.9
XP_016918952.1	XP_006562308.2	26.050	119	79	4	188	304	2096	2207	0.003	30.0
XP_016918952.1	XP_006562311.2	26.531	98	67	3	188	283	1898	1992	0.004	29.6
XP_016918952.1	XP_006562310.2	26.531	98	67	3	188	283	1898	1992	0.004	29.6
XP_016918952.1	XP_016771028.2	26.263	99	68	3	187	283	1759	1854	0.007	28.9
XP_016918952.1	XP_016771029.2	26.531	98	67	3	188	283	1696	1790	0.007	28.9
XP_016918953.1	XP_006562308.2	26.891	119	77	5	188	303	2096	2207	0.020	27.3
XP_016918953.1	XP_016771029.2	34.483	29	19	0	254	282	1762	1790	0.023	27.3
XP_016918953.1	XP_016771028.2	34.483	29	19	0	254	282	1826	1854	0.023	27.3
XP_016918953.1	XP_006562311.2	27.551	98	65	4	188	282	1898	1992	0.024	27.3
XP_016918953.1	XP_006562310.2	27.551	98	65	4	188	282	1898	1992	0.024	27.3
XP_016919100.1	XP_006562308.2	27.350	117	80	4	273	386	331	445	7.50e-05	36.6
XP_016919100.1	XP_006562311.2	27.350	117	80	4	273	386	112	226	9.37e-05	36.2
XP_016919100.1	XP_006562310.2	27.350	117	80	4	273	386	112	226	9.37e-05	36.2
XP_016919208.1	XP_016771021.1	23.529	153	91	7	386	532	298	430	0.001	32.7
XP_016919208.1	XP_016771020.1	23.529	153	91	7	386	532	298	430	0.001	32.7
XP_016919224.1	XP_016771028.2	24.444	135	85	5	206	340	1644	1761	0.013	28.5
XP_016919224.1	XP_006562311.2	24.444	135	85	5	206	340	1782	1899	0.026	27.7
XP_016919224.1	XP_006562310.2	24.444	135	85	5	206	340	1782	1899	0.026	27.7
XP_016919224.1	XP_006562308.2	24.444	135	85	5	206	340	1980	2097	0.027	27.7
XP_016919286.1	XP_016771021.1	29.730	37	26	0	88	124	415	451	0.012	25.8
XP_016919286.1	XP_016771020.1	29.730	37	26	0	88	124	415	451	0.012	25.8
XP_016919367.1	XP_006562308.2	32.000	75	42	3	369	437	1829	1900	0.001	33.1
XP_016919367.1	XP_006562311.2	32.000	75	42	3	369	437	1631	1702	0.002	32.7
XP_016919367.1	XP_006562310.2	32.000	75	42	3	369	437	1631	1702	0.002	32.7
XP_016919367.1	XP_016771028.2	31.395	86	45	4	369	443	1493	1575	0.003	32.3
XP_016919367.1	XP_016771029.2	31.395	86	45	4	369	443	1429	1511	0.003	32.3
XP_016919439.2	XP_006562308.2	28.333	60	40	1	198	257	249	305	0.042	26.2
XP_016919439.2	XP_006562311.2	28.333	60	40	1	198	257	30	86	0.043	26.2
XP_016919439.2	XP_006562310.2	28.333	60	40	1	198	257	30	86	0.043	26.2
XP_016919440.2	XP_006562308.2	28.333	60	40	1	191	250	249	305	0.034	26.6
XP_016919440.2	XP_006562311.2	28.333	60	40	1	191	250	30	86	0.036	26.2
XP_016919440.2	XP_006562310.2	28.333	60	40	1	191	250	30	86	0.036	26.2
XP_016919714.1	XP_006562308.2	23.478	115	73	3	421	521	415	528	0.012	28.5
XP_016919714.1	XP_006562311.2	23.478	115	73	3	421	521	196	309	0.012	28.5
XP_016919714.1	XP_006562310.2	23.478	115	73	3	421	521	196	309	0.012	28.5
XP_016919723.1	XP_006562311.2	28.767	73	48	2	279	351	432	500	0.005	30.4
XP_016919723.1	XP_006562310.2	28.767	73	48	2	279	351	432	500	0.005	30.4
XP_016919724.1	XP_006562311.2	29.167	72	48	1	279	350	432	500	2.08e-04	34.7
XP_016919724.1	XP_006562310.2	29.167	72	48	1	279	350	432	500	2.08e-04	34.7
XP_016919724.1	XP_016771028.2	29.167	72	48	1	279	350	294	362	0.007	29.6
XP_016919724.1	XP_016771029.2	29.167	72	48	1	279	350	230	298	0.008	29.6
XP_016919725.1	XP_006562311.2	28.767	73	48	2	274	346	432	500	0.005	30.4
XP_016919725.1	XP_006562310.2	28.767	73	48	2	274	346	432	500	0.005	30.4
XP_016919727.1	XP_006562311.2	28.767	73	48	2	279	351	432	500	0.004	30.4
XP_016919727.1	XP_006562310.2	28.767	73	48	2	279	351	432	500	0.004	30.4
XP_016920151.1	XP_016771028.2	29.487	78	50	3	667	741	130	205	0.025	28.5
XP_016920152.1	XP_016771028.2	29.487	78	50	3	667	741	130	205	0.025	28.5
XP_016920422.1	NP_001011611.2	47.059	17	9	0	105	121	16	32	0.039	23.5
XP_016920423.1	NP_001011611.2	47.059	17	9	0	104	120	16	32	0.039	23.5
XP_016920459.1	XP_016771021.1	29.231	65	39	2	115	173	221	284	0.002	29.6
XP_016920459.1	XP_016771020.1	29.231	65	39	2	115	173	221	284	0.002	29.6
XP_016920545.1	XP_016771028.2	32.308	65	38	3	25	85	1351	1413	0.026	26.6
XP_016920545.1	XP_006562308.2	32.308	65	38	3	25	85	1687	1749	0.031	26.6
XP_016920545.1	XP_016771029.2	32.308	65	38	3	25	85	1287	1349	0.031	26.6
XP_016920545.1	XP_006562311.2	32.308	65	38	3	25	85	1489	1551	0.031	26.6
XP_016920545.1	XP_006562310.2	32.308	65	38	3	25	85	1489	1551	0.031	26.6
XP_016920716.1	XP_016771029.2	27.869	61	39	1	1098	1158	1517	1572	0.036	29.6
XP_016920716.1	XP_016771028.2	27.869	61	39	1	1098	1158	1581	1636	0.036	29.6
XP_016920766.1	XP_016771029.2	39.394	33	20	0	8	40	101	133	0.026	25.0
XP_016920766.1	XP_006562311.2	39.394	33	20	0	8	40	303	335	0.026	25.0
XP_016920766.1	XP_006562310.2	39.394	33	20	0	8	40	303	335	0.026	25.0
XP_016920766.1	XP_006562308.2	39.394	33	20	0	8	40	522	554	0.026	25.0
XP_016921232.1	XP_016771021.1	27.273	88	50	5	136	221	400	475	0.009	28.9
XP_016921232.1	XP_016771020.1	27.273	88	50	5	136	221	400	475	0.009	28.9
XP_016921254.1	XP_016771021.1	34.000	50	28	2	103	149	545	592	0.044	25.0
XP_016921254.1	XP_016771020.1	34.000	50	28	2	103	149	545	592	0.044	25.0
XP_016921376.1	XP_006562308.2	32.773	119	53	8	1554	1654	1853	1962	0.004	32.3
XP_016921376.1	XP_006562311.2	32.773	119	53	8	1554	1654	1655	1764	0.005	32.0
XP_016921376.1	XP_006562310.2	32.773	119	53	8	1554	1654	1655	1764	0.005	32.0
XP_016921376.1	XP_016771028.2	32.773	119	53	8	1554	1654	1517	1626	0.007	31.6
XP_016921376.1	XP_016771029.2	32.773	119	53	8	1554	1654	1453	1562	0.007	31.6
XP_016921377.1	XP_006562308.2	32.773	119	53	8	1553	1653	1853	1962	0.004	32.3
XP_016921377.1	XP_006562311.2	32.773	119	53	8	1553	1653	1655	1764	0.005	32.0
XP_016921377.1	XP_006562310.2	32.773	119	53	8	1553	1653	1655	1764	0.005	32.0
XP_016921377.1	XP_016771028.2	32.773	119	53	8	1553	1653	1517	1626	0.007	31.6
XP_016921377.1	XP_016771029.2	32.773	119	53	8	1553	1653	1453	1562	0.007	31.6
XP_016921378.1	XP_006562308.2	32.773	119	53	8	1550	1650	1853	1962	0.004	32.3
XP_016921378.1	XP_006562311.2	32.773	119	53	8	1550	1650	1655	1764	0.005	32.0
XP_016921378.1	XP_006562310.2	32.773	119	53	8	1550	1650	1655	1764	0.005	32.0
XP_016921378.1	XP_016771028.2	32.773	119	53	8	1550	1650	1517	1626	0.007	31.6
XP_016921378.1	XP_016771029.2	32.773	119	53	8	1550	1650	1453	1562	0.007	31.6
XP_016921379.1	XP_006562308.2	32.773	119	53	8	1549	1649	1853	1962	0.003	32.3
XP_016921379.1	XP_006562311.2	32.773	119	53	8	1549	1649	1655	1764	0.005	32.0
XP_016921379.1	XP_006562310.2	32.773	119	53	8	1549	1649	1655	1764	0.005	32.0
XP_016921379.1	XP_016771028.2	32.773	119	53	8	1549	1649	1517	1626	0.007	31.6
XP_016921379.1	XP_016771029.2	32.773	119	53	8	1549	1649	1453	1562	0.007	31.6
XP_016921380.1	XP_006562308.2	32.773	119	53	8	1544	1644	1853	1962	0.004	32.3
XP_016921380.1	XP_006562311.2	32.773	119	53	8	1544	1644	1655	1764	0.005	32.0
XP_016921380.1	XP_006562310.2	32.773	119	53	8	1544	1644	1655	1764	0.005	32.0
XP_016921380.1	XP_016771028.2	32.773	119	53	8	1544	1644	1517	1626	0.007	31.6
XP_016921380.1	XP_016771029.2	32.773	119	53	8	1544	1644	1453	1562	0.007	31.6
XP_016921381.1	XP_006562308.2	32.773	119	53	8	1554	1654	1853	1962	0.004	32.3
XP_016921381.1	XP_006562311.2	32.773	119	53	8	1554	1654	1655	1764	0.005	32.0
XP_016921381.1	XP_006562310.2	32.773	119	53	8	1554	1654	1655	1764	0.005	32.0
XP_016921381.1	XP_016771028.2	32.773	119	53	8	1554	1654	1517	1626	0.006	31.6
XP_016921381.1	XP_016771029.2	32.773	119	53	8	1554	1654	1453	1562	0.007	31.6
XP_016921383.1	XP_006562308.2	32.773	119	53	8	1463	1563	1853	1962	0.003	32.7
XP_016921383.1	XP_006562311.2	32.773	119	53	8	1463	1563	1655	1764	0.004	32.0
XP_016921383.1	XP_006562310.2	32.773	119	53	8	1463	1563	1655	1764	0.004	32.0
XP_016921383.1	XP_016771028.2	32.773	119	53	8	1463	1563	1517	1626	0.006	31.6
XP_016921383.1	XP_016771029.2	32.773	119	53	8	1463	1563	1453	1562	0.007	31.6
XP_016921384.1	XP_006562308.2	32.773	119	53	8	1453	1553	1853	1962	0.003	32.7
XP_016921384.1	XP_006562311.2	32.773	119	53	8	1453	1553	1655	1764	0.004	32.3
XP_016921384.1	XP_006562310.2	32.773	119	53	8	1453	1553	1655	1764	0.004	32.3
XP_016921384.1	XP_016771028.2	32.773	119	53	8	1453	1553	1517	1626	0.006	31.6
XP_016921384.1	XP_016771029.2	32.773	119	53	8	1453	1553	1453	1562	0.006	31.6
XP_016921843.1	XP_016771028.2	56.250	16	7	0	451	466	104	119	0.036	26.9
XP_016921864.1	XP_006562308.2	91.602	2310	113	41	1	2276	1	2263	0.0	4015
XP_016921864.1	XP_006562311.2	91.804	2062	109	40	249	2276	30	2065	0.0	3575
XP_016921864.1	XP_006562310.2	91.804	2062	109	40	249	2276	30	2065	0.0	3575
XP_016921864.1	XP_016771029.2	90.592	1807	109	42	505	2276	83	1863	0.0	3006
XP_016921864.1	XP_016771028.2	90.457	1771	109	41	540	2276	183	1927	0.0	2934
XP_016921865.1	XP_006562311.2	91.966	2091	108	40	1	2057	1	2065	0.0	3619
XP_016921865.1	XP_006562310.2	91.966	2091	108	40	1	2057	1	2065	0.0	3619
XP_016921865.1	XP_006562308.2	91.028	2062	104	41	30	2057	249	2263	0.0	3523
XP_016921865.1	XP_016771029.2	90.592	1807	109	42	286	2057	83	1863	0.0	3010
XP_016921865.1	XP_016771028.2	90.401	1771	110	40	321	2057	183	1927	0.0	2940
XP_016922092.1	XP_006562311.2	38.889	36	22	0	161	196	288	323	0.027	26.9
XP_016922092.1	XP_006562310.2	38.889	36	22	0	161	196	288	323	0.027	26.9
XP_016922092.1	XP_006562308.2	38.889	36	22	0	161	196	507	542	0.032	26.9
XP_016922092.1	XP_016771029.2	40.625	32	19	0	165	196	90	121	0.034	26.9
XP_016922231.1	XP_016771028.2	32.143	56	35	2	5	59	1286	1339	0.038	25.0
XP_016922231.1	XP_016771029.2	32.143	56	35	2	5	59	1222	1275	0.045	24.6
XP_016922231.1	XP_006562311.2	32.143	56	35	2	5	59	1424	1477	0.049	24.6
XP_016922231.1	XP_006562310.2	32.143	56	35	2	5	59	1424	1477	0.049	24.6
XP_016922421.1	XP_016771028.2	22.321	112	74	2	960	1071	613	711	0.001	33.9
XP_016922421.1	XP_016771029.2	22.321	112	74	2	960	1071	549	647	0.001	33.9
XP_016922421.1	XP_006562311.2	22.321	112	74	2	960	1071	751	849	0.001	33.5
XP_016922421.1	XP_006562310.2	22.321	112	74	2	960	1071	751	849	0.001	33.5
XP_016922421.1	XP_006562308.2	22.321	112	74	2	960	1071	949	1047	0.002	33.1
XP_016922422.1	XP_016771028.2	22.321	112	74	2	960	1071	613	711	0.001	33.9
XP_016922422.1	XP_016771029.2	22.321	112	74	2	960	1071	549	647	0.001	33.9
XP_016922422.1	XP_006562311.2	22.321	112	74	2	960	1071	751	849	0.001	33.5
XP_016922422.1	XP_006562310.2	22.321	112	74	2	960	1071	751	849	0.001	33.5
XP_016922422.1	XP_006562308.2	22.321	112	74	2	960	1071	949	1047	0.002	33.1
XP_016922423.1	XP_016771028.2	22.321	112	74	2	960	1071	613	711	0.001	33.9
XP_016922423.1	XP_016771029.2	22.321	112	74	2	960	1071	549	647	0.001	33.9
XP_016922423.1	XP_006562311.2	22.321	112	74	2	960	1071	751	849	0.001	33.5
XP_016922423.1	XP_006562310.2	22.321	112	74	2	960	1071	751	849	0.001	33.5
XP_016922423.1	XP_006562308.2	22.321	112	74	2	960	1071	949	1047	0.002	33.1
XP_016922424.1	XP_016771029.2	22.321	112	74	2	856	967	549	647	0.001	33.9
XP_016922424.1	XP_016771028.2	22.321	112	74	2	856	967	613	711	0.001	33.9
XP_016922424.1	XP_006562311.2	22.321	112	74	2	856	967	751	849	0.001	33.5
XP_016922424.1	XP_006562310.2	22.321	112	74	2	856	967	751	849	0.001	33.5
XP_016922424.1	XP_006562308.2	22.321	112	74	2	856	967	949	1047	0.001	33.1
XP_016922425.1	XP_006562311.2	22.321	112	74	2	960	1071	751	849	0.001	33.5
XP_016922425.1	XP_006562310.2	22.321	112	74	2	960	1071	751	849	0.001	33.5
XP_016922425.1	XP_016771028.2	22.321	112	74	2	960	1071	613	711	0.001	33.5
XP_016922425.1	XP_016771029.2	22.321	112	74	2	960	1071	549	647	0.001	33.5
XP_016922425.1	XP_006562308.2	22.321	112	74	2	960	1071	949	1047	0.001	33.5
XP_016922426.1	XP_016771028.2	22.321	112	74	2	960	1071	613	711	0.001	33.5
XP_016922426.1	XP_016771029.2	22.321	112	74	2	960	1071	549	647	0.001	33.5
XP_016922426.1	XP_006562311.2	22.321	112	74	2	960	1071	751	849	0.001	33.5
XP_016922426.1	XP_006562310.2	22.321	112	74	2	960	1071	751	849	0.001	33.5
XP_016922426.1	XP_006562308.2	22.321	112	74	2	960	1071	949	1047	0.001	33.5
XP_016922427.1	XP_016771029.2	24.468	94	56	3	440	518	1481	1574	0.041	27.7
XP_016922427.1	XP_006562311.2	24.468	94	56	3	440	518	1683	1776	0.045	27.7
XP_016922427.1	XP_006562310.2	24.468	94	56	3	440	518	1683	1776	0.045	27.7
XP_016922427.1	XP_016771028.2	24.468	94	56	3	440	518	1545	1638	0.046	27.7
XP_016922647.1	XP_016771021.1	47.059	17	9	0	106	122	184	200	0.040	24.6
XP_016922647.1	XP_016771020.1	47.059	17	9	0	106	122	184	200	0.040	24.6
XP_016922719.1	XP_006562308.2	35.897	39	25	0	122	160	208	246	0.045	26.2
XP_016922783.1	XP_016771028.2	31.250	64	40	1	60	123	1269	1328	0.012	28.5
XP_016922783.1	XP_016771029.2	31.250	64	40	1	60	123	1205	1264	0.014	28.5
XP_016922783.1	XP_006562311.2	36.364	44	24	1	80	123	1427	1466	0.019	27.7
XP_016922783.1	XP_006562310.2	36.364	44	24	1	80	123	1427	1466	0.019	27.7
XP_016922783.1	XP_006562308.2	36.364	44	24	1	80	123	1625	1664	0.020	27.7
XP_016922789.1	XP_016771021.1	25.954	131	79	4	211	323	109	239	0.022	26.9
XP_016922789.1	XP_016771020.1	25.954	131	79	4	211	323	109	239	0.022	26.9
XP_016922852.1	XP_006562311.2	41.463	41	21	2	767	804	52	92	0.018	29.3
XP_016922852.1	XP_006562310.2	41.463	41	21	2	767	804	52	92	0.018	29.3
XP_016922852.1	XP_006562308.2	41.463	41	21	2	767	804	271	311	0.018	28.9
XP_016922929.1	XP_016771029.2	27.273	77	46	3	112	178	1513	1589	0.035	25.0
XP_016922929.1	XP_016771028.2	27.273	77	46	3	112	178	1577	1653	0.035	25.0
XP_016922929.1	XP_006562311.2	27.273	77	46	3	112	178	1715	1791	0.036	25.0
XP_016922929.1	XP_006562310.2	27.273	77	46	3	112	178	1715	1791	0.036	25.0
XP_016922929.1	XP_006562308.2	27.273	77	46	3	112	178	1913	1989	0.036	25.0
XP_028519825.1	XP_006562308.2	35.897	39	25	0	122	160	208	246	0.045	26.2
XP_028520151.1	XP_006562308.2	29.808	104	67	2	81	181	1331	1431	0.029	27.3
XP_028520151.1	XP_006562311.2	29.808	104	67	2	81	181	1133	1233	0.038	26.9
XP_028520151.1	XP_006562310.2	29.808	104	67	2	81	181	1133	1233	0.038	26.9
XP_028520154.1	XP_006562308.2	29.808	104	67	2	81	181	1331	1431	0.029	27.3
XP_028520154.1	XP_006562311.2	29.808	104	67	2	81	181	1133	1233	0.038	26.9
XP_028520154.1	XP_006562310.2	29.808	104	67	2	81	181	1133	1233	0.038	26.9
XP_028520157.1	XP_006562308.2	29.808	104	67	2	81	181	1331	1431	0.029	27.3
XP_028520157.1	XP_006562311.2	29.808	104	67	2	81	181	1133	1233	0.038	26.9
XP_028520157.1	XP_006562310.2	29.808	104	67	2	81	181	1133	1233	0.038	26.9
XP_028520501.1	XP_006562308.2	23.554	242	140	12	233	446	271	495	0.001	31.6
XP_028520501.1	XP_006562311.2	23.554	242	140	12	233	446	52	276	0.002	31.2
XP_028520501.1	XP_006562310.2	23.554	242	140	12	233	446	52	276	0.002	31.2
XP_028520624.1	XP_016771021.1	100.000	133	0	0	1	133	1	133	4.49e-96	283
XP_028520624.1	XP_016771020.1	100.000	133	0	0	1	133	1	133	4.49e-96	283
XP_028520807.1	XP_006562311.2	35.211	71	35	3	110	175	154	218	0.047	24.6
XP_028520807.1	XP_006562310.2	35.211	71	35	3	110	175	154	218	0.047	24.6
XP_028520807.1	XP_006562308.2	35.211	71	35	3	110	175	373	437	0.048	24.6
XP_028521114.1	XP_006562308.2	20.225	178	119	6	192	357	347	513	6.48e-04	32.3
XP_028521114.1	XP_006562311.2	20.225	178	119	6	192	357	128	294	0.001	31.6
XP_028521114.1	XP_006562310.2	20.225	178	119	6	192	357	128	294	0.001	31.6
XP_028521199.1	XP_016771021.1	24.286	140	90	4	514	642	435	569	0.004	31.2
XP_028521199.1	XP_016771020.1	24.286	140	90	4	514	642	435	569	0.004	31.2
XP_028521291.1	XP_006562308.2	28.846	52	37	0	28	79	744	795	0.010	26.9
XP_028521291.1	XP_006562311.2	28.846	52	37	0	28	79	546	597	0.010	26.9
XP_028521291.1	XP_006562310.2	28.846	52	37	0	28	79	546	597	0.010	26.9
XP_028521291.1	XP_016771029.2	28.846	52	37	0	28	79	344	395	0.013	26.6
XP_028521291.1	XP_016771028.2	28.846	52	37	0	28	79	408	459	0.014	26.6
XP_028521476.1	XP_016771029.2	42.105	38	16	2	314	348	1163	1197	0.045	26.2
XP_028521476.1	XP_006562311.2	42.105	38	16	2	314	348	1365	1399	0.047	26.2
XP_028521476.1	XP_006562310.2	42.105	38	16	2	314	348	1365	1399	0.047	26.2
XP_028521587.1	XP_016771021.1	37.255	51	29	1	716	766	488	535	0.027	29.6
XP_028521587.1	XP_016771020.1	37.255	51	29	1	716	766	488	535	0.027	29.6
XP_028521588.1	XP_016771021.1	37.255	51	29	1	716	766	488	535	0.027	29.6
XP_028521588.1	XP_016771020.1	37.255	51	29	1	716	766	488	535	0.027	29.6
XP_028521589.1	XP_016771021.1	37.255	51	29	1	716	766	488	535	0.027	29.6
XP_028521589.1	XP_016771020.1	37.255	51	29	1	716	766	488	535	0.027	29.6
XP_028521590.1	XP_016771021.1	37.255	51	29	1	716	766	488	535	0.027	29.6
XP_028521590.1	XP_016771020.1	37.255	51	29	1	716	766	488	535	0.027	29.6
XP_028521591.1	XP_016771021.1	37.255	51	29	1	716	766	488	535	0.027	29.6
XP_028521591.1	XP_016771020.1	37.255	51	29	1	716	766	488	535	0.027	29.6
XP_028521592.1	XP_016771021.1	37.255	51	29	1	716	766	488	535	0.027	29.6
XP_028521592.1	XP_016771020.1	37.255	51	29	1	716	766	488	535	0.027	29.6
XP_028521593.1	XP_016771021.1	37.255	51	29	1	716	766	488	535	0.026	29.6
XP_028521593.1	XP_016771020.1	37.255	51	29	1	716	766	488	535	0.026	29.6
XP_028521930.1	XP_006562311.2	29.730	74	48	2	46	117	846	917	0.009	29.3
XP_028521930.1	XP_006562310.2	29.730	74	48	2	46	117	846	917	0.009	29.3
XP_028521931.1	XP_016771028.2	29.688	64	43	1	4	67	718	779	0.035	27.3
XP_028521931.1	XP_016771029.2	29.688	64	43	1	4	67	654	715	0.036	27.3
XP_028521931.1	XP_006562311.2	29.688	64	43	1	4	67	856	917	0.036	27.3
XP_028521931.1	XP_006562310.2	29.688	64	43	1	4	67	856	917	0.036	27.3
XP_028521931.1	XP_006562308.2	29.688	64	43	1	4	67	1054	1115	0.036	27.3
XP_028521989.1	XP_006562308.2	33.784	74	40	2	1537	1601	1062	1135	0.030	30.0
XP_028521989.1	XP_006562311.2	33.784	74	40	2	1537	1601	864	937	0.034	30.0
XP_028521989.1	XP_006562310.2	33.784	74	40	2	1537	1601	864	937	0.034	30.0
XP_028521989.1	XP_016771028.2	33.784	74	40	2	1537	1601	726	799	0.042	29.6
XP_028521989.1	XP_016771029.2	33.784	74	40	2	1537	1601	662	735	0.047	29.6
XP_028521990.1	XP_006562308.2	33.784	74	40	2	1537	1601	1062	1135	0.024	30.4
XP_028521990.1	XP_006562311.2	33.784	74	40	2	1537	1601	864	937	0.028	30.0
XP_028521990.1	XP_006562310.2	33.784	74	40	2	1537	1601	864	937	0.028	30.0
XP_028521990.1	XP_016771028.2	33.784	74	40	2	1537	1601	726	799	0.034	29.6
XP_028521990.1	XP_016771029.2	33.784	74	40	2	1537	1601	662	735	0.036	29.6
XP_028521991.1	XP_006562308.2	33.784	74	40	2	1537	1601	1062	1135	0.022	30.4
XP_028521991.1	XP_006562311.2	33.784	74	40	2	1537	1601	864	937	0.027	30.0
XP_028521991.1	XP_006562310.2	33.784	74	40	2	1537	1601	864	937	0.027	30.0
XP_028521991.1	XP_016771028.2	33.784	74	40	2	1537	1601	726	799	0.032	30.0
XP_028521991.1	XP_016771029.2	33.784	74	40	2	1537	1601	662	735	0.036	29.6
XP_028521999.1	XP_016771028.2	34.694	49	31	1	419	467	140	187	0.008	30.0
XP_028522234.1	XP_006562308.2	28.571	273	145	13	666	905	272	527	3.72e-18	80.9
XP_028522234.1	XP_006562311.2	28.571	273	145	13	666	905	53	308	4.19e-18	80.9
XP_028522234.1	XP_006562310.2	28.571	273	145	13	666	905	53	308	4.19e-18	80.9
XP_028522235.1	XP_006562308.2	28.571	273	145	13	630	869	272	527	3.93e-18	80.9
XP_028522235.1	XP_006562311.2	28.571	273	145	13	630	869	53	308	6.46e-18	80.1
XP_028522235.1	XP_006562310.2	28.571	273	145	13	630	869	53	308	6.46e-18	80.1
XP_028522252.1	XP_006562308.2	26.250	240	135	7	488	695	283	512	3.88e-18	80.9
XP_028522252.1	XP_006562311.2	26.250	240	135	7	488	695	64	293	4.75e-18	80.5
XP_028522252.1	XP_006562310.2	26.250	240	135	7	488	695	64	293	4.75e-18	80.5
XP_028522444.1	XP_016771021.1	36.364	33	21	0	40	72	359	391	0.042	22.7
XP_028522444.1	XP_016771020.1	36.364	33	21	0	40	72	359	391	0.042	22.7
XP_028523214.1	XP_016771029.2	29.167	72	30	2	1031	1081	885	956	0.007	31.6
XP_028523214.1	XP_016771028.2	29.167	72	30	2	1031	1081	949	1020	0.009	31.6
XP_028523214.1	XP_006562311.2	29.167	72	30	2	1031	1081	1087	1158	0.009	31.6
XP_028523214.1	XP_006562310.2	29.167	72	30	2	1031	1081	1087	1158	0.009	31.6
XP_028523214.1	XP_006562308.2	29.167	72	30	2	1031	1081	1285	1356	0.011	31.2
XP_028523215.1	XP_016771029.2	29.167	72	30	2	999	1049	885	956	0.007	31.6
XP_028523215.1	XP_016771028.2	29.167	72	30	2	999	1049	949	1020	0.008	31.6
XP_028523215.1	XP_006562311.2	29.167	72	30	2	999	1049	1087	1158	0.009	31.2
XP_028523215.1	XP_006562310.2	29.167	72	30	2	999	1049	1087	1158	0.009	31.2
XP_028523215.1	XP_006562308.2	29.167	72	30	2	999	1049	1285	1356	0.010	31.2
XP_028523405.1	XP_006562308.2	25.517	145	92	6	1020	1158	1010	1144	0.001	33.5
XP_028523405.1	XP_006562311.2	25.517	145	92	6	1020	1158	812	946	0.002	33.5
XP_028523405.1	XP_006562310.2	25.517	145	92	6	1020	1158	812	946	0.002	33.5
XP_028523405.1	XP_016771029.2	25.517	145	92	6	1020	1158	610	744	0.002	32.7
XP_028523405.1	XP_016771028.2	25.517	145	92	6	1020	1158	674	808	0.002	32.7
XP_028523515.1	XP_016771028.2	28.378	74	42	3	44	109	646	716	0.014	25.8
XP_028523515.1	XP_016771029.2	28.378	74	42	3	44	109	582	652	0.015	25.8
XP_028523515.1	XP_006562311.2	28.378	74	42	3	44	109	784	854	0.020	25.4
XP_028523515.1	XP_006562310.2	28.378	74	42	3	44	109	784	854	0.020	25.4
XP_028523515.1	XP_006562308.2	28.378	74	42	3	44	109	982	1052	0.021	25.4
XP_028523568.1	XP_016771028.2	25.874	143	86	6	460	591	1605	1738	0.011	30.4
XP_028523568.1	XP_016771029.2	25.874	143	86	6	460	591	1541	1674	0.011	30.4
XP_028523568.1	XP_006562311.2	25.874	143	86	6	460	591	1743	1876	0.016	30.0
XP_028523568.1	XP_006562310.2	25.874	143	86	6	460	591	1743	1876	0.016	30.0
XP_028523568.1	XP_006562308.2	25.874	143	86	6	460	591	1941	2074	0.016	30.0
XP_028523617.1	XP_016771028.2	25.874	143	86	6	389	520	1605	1738	0.012	30.4
XP_028523617.1	XP_016771029.2	25.874	143	86	6	389	520	1541	1674	0.012	30.0
XP_028523617.1	XP_006562311.2	25.874	143	86	6	389	520	1743	1876	0.017	29.6
XP_028523617.1	XP_006562310.2	25.874	143	86	6	389	520	1743	1876	0.017	29.6
XP_028523617.1	XP_006562308.2	25.899	139	83	6	389	516	1941	2070	0.021	29.3
XP_028523997.1	XP_006562308.2	20.175	228	143	8	185	393	282	489	8.51e-06	38.9
XP_028523997.1	XP_006562311.2	20.175	228	143	8	185	393	63	270	1.04e-05	38.5
XP_028523997.1	XP_006562310.2	20.175	228	143	8	185	393	63	270	1.04e-05	38.5
XP_028524196.1	XP_006562311.2	28.395	81	55	2	22	102	519	596	0.011	28.5
XP_028524196.1	XP_006562310.2	28.395	81	55	2	22	102	519	596	0.011	28.5
XP_028524196.1	XP_006562308.2	28.395	81	55	2	22	102	717	794	0.012	28.1
XP_028524196.1	XP_016771028.2	28.395	81	55	2	22	102	381	458	0.017	27.7
XP_028524196.1	XP_016771029.2	28.395	81	55	2	22	102	317	394	0.018	27.7
XP_028524269.1	NP_001011612.1	42.857	28	16	0	91	118	18	45	0.002	27.3
XP_028524273.1	XP_006562311.2	26.316	190	114	9	912	1084	1392	1572	0.011	30.4
XP_028524273.1	XP_006562310.2	26.316	190	114	9	912	1084	1392	1572	0.011	30.4
XP_028524273.1	XP_006562308.2	26.316	190	114	9	912	1084	1590	1770	0.011	30.4
XP_028524273.1	XP_016771029.2	26.316	190	114	9	912	1084	1190	1370	0.015	30.0
XP_028524273.1	XP_016771028.2	26.316	190	114	9	912	1084	1254	1434	0.015	30.0
XP_028524319.1	XP_016771029.2	28.571	105	57	4	3942	4046	37	123	0.041	30.0
XP_028524538.1	XP_016771021.1	30.233	129	77	3	742	858	8	135	1.39e-10	55.5
XP_028524538.1	XP_016771021.1	28.205	78	50	2	586	661	68	141	8.51e-05	36.6
XP_028524538.1	XP_016771020.1	30.233	129	77	3	742	858	8	135	1.39e-10	55.5
XP_028524538.1	XP_016771020.1	28.205	78	50	2	586	661	68	141	8.51e-05	36.6
XP_028524593.1	XP_016771029.2	25.758	66	37	1	205	270	1446	1499	0.025	27.7
XP_028524593.1	XP_016771028.2	25.758	66	37	1	205	270	1510	1563	0.025	27.7
XP_028524593.1	XP_006562311.2	25.758	66	37	1	205	270	1648	1701	0.035	27.3
XP_028524593.1	XP_006562310.2	25.758	66	37	1	205	270	1648	1701	0.035	27.3
XP_028524593.1	XP_006562308.2	25.758	66	37	1	205	270	1846	1899	0.045	26.9
XP_028524680.1	XP_016771028.2	24.658	73	46	3	3	67	565	636	0.017	23.5
XP_028524680.1	XP_016771029.2	24.658	73	46	3	3	67	501	572	0.020	23.5
XP_028524680.1	XP_006562311.2	24.658	73	46	3	3	67	703	774	0.020	23.5
XP_028524680.1	XP_006562310.2	24.658	73	46	3	3	67	703	774	0.020	23.5
XP_028524680.1	XP_006562308.2	24.658	73	46	3	3	67	901	972	0.020	23.5
XP_028524795.1	XP_006562308.2	28.333	60	40	1	144	203	249	305	0.020	26.9
XP_028524795.1	XP_006562311.2	28.333	60	40	1	144	203	30	86	0.023	26.6
XP_028524795.1	XP_006562310.2	28.333	60	40	1	144	203	30	86	0.023	26.6
XP_028524796.1	XP_006562308.2	28.333	60	40	1	144	203	249	305	0.020	26.9
XP_028524796.1	XP_006562311.2	28.333	60	40	1	144	203	30	86	0.023	26.6
XP_028524796.1	XP_006562310.2	28.333	60	40	1	144	203	30	86	0.023	26.6
XP_028524797.1	XP_006562308.2	28.333	60	40	1	144	203	249	305	0.020	26.9
XP_028524797.1	XP_006562311.2	28.333	60	40	1	144	203	30	86	0.023	26.6
XP_028524797.1	XP_006562310.2	28.333	60	40	1	144	203	30	86	0.023	26.6
XP_028524901.1	XP_016771028.2	26.471	102	58	4	35	123	1738	1835	0.016	27.3
XP_028524901.1	XP_016771029.2	26.471	102	58	4	35	123	1674	1771	0.018	26.9
XP_028524901.1	XP_006562311.2	26.471	102	58	4	35	123	1876	1973	0.021	26.9
XP_028524901.1	XP_006562310.2	26.471	102	58	4	35	123	1876	1973	0.021	26.9
XP_028524901.1	XP_006562308.2	26.471	102	58	4	35	123	2074	2171	0.023	26.9
XP_028525140.1	XP_016771028.2	32.308	65	38	3	25	85	1351	1413	0.018	26.9
XP_028525140.1	XP_016771029.2	32.308	65	38	3	25	85	1287	1349	0.021	26.9
XP_028525140.1	XP_006562308.2	32.308	65	38	3	25	85	1687	1749	0.022	26.6
XP_028525140.1	XP_006562311.2	32.308	65	38	3	25	85	1489	1551	0.023	26.6
XP_028525140.1	XP_006562310.2	32.308	65	38	3	25	85	1489	1551	0.023	26.6
XP_028525141.1	XP_016771029.2	32.308	65	38	3	25	85	1287	1349	0.015	27.3
XP_028525141.1	XP_016771028.2	32.308	65	38	3	25	85	1351	1413	0.015	27.3
XP_028525141.1	XP_006562308.2	32.308	65	38	3	25	85	1687	1749	0.018	26.9
XP_028525141.1	XP_006562311.2	32.308	65	38	3	25	85	1489	1551	0.018	26.9
XP_028525141.1	XP_006562310.2	32.308	65	38	3	25	85	1489	1551	0.018	26.9
XP_028525166.1	XP_016771028.2	27.869	61	39	1	1723	1783	1581	1636	0.029	30.4
XP_028525166.1	XP_016771029.2	27.869	61	39	1	1723	1783	1517	1572	0.030	30.4
XP_028525167.1	XP_016771028.2	27.869	61	39	1	1630	1690	1581	1636	0.029	30.4
XP_028525167.1	XP_016771029.2	27.869	61	39	1	1630	1690	1517	1572	0.029	30.4
XP_028525487.1	XP_016771028.2	56.250	16	7	0	456	471	104	119	0.036	26.9
XP_028525488.1	XP_016771028.2	56.250	16	7	0	456	471	104	119	0.036	26.9
XP_028525489.1	XP_016771028.2	56.250	16	7	0	456	471	104	119	0.036	26.9
XP_028525528.1	XP_016771021.1	100.000	527	0	0	38	564	134	660	0.0	1097
XP_028525528.1	XP_016771020.1	100.000	527	0	0	38	564	134	660	0.0	1097
XP_028525530.1	XP_016771029.2	91.053	1889	109	40	1	1855	1	1863	0.0	3202
XP_028525530.1	XP_006562311.2	90.537	1807	110	41	83	1855	286	2065	0.0	3013
XP_028525530.1	XP_006562310.2	90.537	1807	110	41	83	1855	286	2065	0.0	3013
XP_028525530.1	XP_006562308.2	89.596	1807	106	42	83	1855	505	2263	0.0	2950
XP_028525530.1	XP_016771028.2	90.627	1771	106	40	119	1855	183	1927	0.0	2940
XP_028525531.1	XP_016771029.2	91.053	1889	109	40	1	1855	1	1863	0.0	3202
XP_028525531.1	XP_006562311.2	90.537	1807	110	41	83	1855	286	2065	0.0	3013
XP_028525531.1	XP_006562310.2	90.537	1807	110	41	83	1855	286	2065	0.0	3013
XP_028525531.1	XP_006562308.2	89.596	1807	106	42	83	1855	505	2263	0.0	2950
XP_028525531.1	XP_016771028.2	90.627	1771	106	40	119	1855	183	1927	0.0	2940
XP_028525690.1	XP_016771029.2	30.159	63	44	0	1049	1111	1270	1332	0.041	28.9
XP_028525690.1	XP_016771028.2	30.159	63	44	0	1049	1111	1334	1396	0.044	28.5
