XP_033343256.1	XP_006562308.2	43.750	48	23	2	277	324	758	801	0.014	28.5
XP_033343256.1	XP_006562311.2	43.182	44	22	1	277	320	560	600	0.014	28.1
XP_033343256.1	XP_006562310.2	43.182	44	22	1	277	320	560	600	0.014	28.1
XP_033343256.1	XP_016771028.2	43.750	48	23	2	277	324	422	465	0.019	27.7
XP_033343256.1	XP_016771029.2	43.750	48	23	2	277	324	358	401	0.020	27.7
XP_033343271.1	XP_006562308.2	23.827	277	184	8	360	610	283	558	1.39e-15	70.9
XP_033343271.1	XP_006562311.2	23.827	277	184	8	360	610	64	339	2.80e-15	70.1
XP_033343271.1	XP_006562310.2	23.827	277	184	8	360	610	64	339	2.80e-15	70.1
XP_033343394.1	XP_006562308.2	29.808	104	67	2	104	204	1331	1431	0.022	27.7
XP_033343394.1	XP_006562311.2	29.808	104	67	2	104	204	1133	1233	0.029	27.3
XP_033343394.1	XP_006562310.2	29.808	104	67	2	104	204	1133	1233	0.029	27.3
XP_033343395.1	XP_006562308.2	29.808	104	67	2	104	204	1331	1431	0.021	27.7
XP_033343395.1	XP_006562311.2	29.808	104	67	2	104	204	1133	1233	0.026	27.3
XP_033343395.1	XP_006562310.2	29.808	104	67	2	104	204	1133	1233	0.026	27.3
XP_033343397.1	XP_006562308.2	29.808	104	67	2	81	181	1331	1431	0.023	27.7
XP_033343397.1	XP_006562311.2	29.808	104	67	2	81	181	1133	1233	0.027	27.3
XP_033343397.1	XP_006562310.2	29.808	104	67	2	81	181	1133	1233	0.027	27.3
XP_033343687.1	XP_006562308.2	29.944	177	101	6	609	766	331	503	1.65e-15	72.0
XP_033343687.1	XP_006562311.2	29.944	177	101	6	609	766	112	284	2.06e-15	71.6
XP_033343687.1	XP_006562310.2	29.944	177	101	6	609	766	112	284	2.06e-15	71.6
XP_033343697.1	XP_006562308.2	29.944	177	101	6	603	760	331	503	1.54e-15	72.0
XP_033343697.1	XP_006562311.2	29.944	177	101	6	603	760	112	284	1.90e-15	71.6
XP_033343697.1	XP_006562310.2	29.944	177	101	6	603	760	112	284	1.90e-15	71.6
XP_033343706.1	XP_006562308.2	29.944	177	101	6	603	760	331	503	1.54e-15	72.0
XP_033343706.1	XP_006562311.2	29.944	177	101	6	603	760	112	284	1.90e-15	71.6
XP_033343706.1	XP_006562310.2	29.944	177	101	6	603	760	112	284	1.90e-15	71.6
XP_033344074.1	XP_016771028.2	27.273	55	40	0	277	331	585	639	0.037	26.9
XP_033344074.1	XP_016771029.2	27.273	55	40	0	277	331	521	575	0.043	26.6
XP_033344075.1	XP_016771028.2	27.273	55	40	0	204	258	585	639	0.049	26.2
XP_033344076.1	XP_016771028.2	27.273	55	40	0	204	258	585	639	0.049	26.2
XP_033344099.1	XP_006562311.2	27.778	72	49	1	279	350	432	500	6.32e-04	33.1
XP_033344099.1	XP_006562310.2	27.778	72	49	1	279	350	432	500	6.32e-04	33.1
XP_033344099.1	XP_016771028.2	27.778	72	49	1	279	350	294	362	0.016	28.5
XP_033344099.1	XP_016771029.2	27.778	72	49	1	279	350	230	298	0.019	28.5
XP_033344207.1	XP_016771029.2	50.000	20	10	0	37	56	1730	1749	0.012	25.0
XP_033344207.1	XP_016771028.2	50.000	20	10	0	37	56	1794	1813	0.012	25.0
XP_033344207.1	XP_006562311.2	50.000	20	10	0	37	56	1932	1951	0.012	25.0
XP_033344207.1	XP_006562310.2	50.000	20	10	0	37	56	1932	1951	0.012	25.0
XP_033344207.1	XP_006562308.2	50.000	20	10	0	37	56	2130	2149	0.012	25.0
XP_033344571.1	XP_006562308.2	22.674	172	106	4	227	397	642	787	0.049	27.3
XP_033345952.1	XP_016771028.2	23.932	117	71	5	72	187	1737	1836	0.013	28.5
XP_033345952.1	XP_016771029.2	23.932	117	71	5	72	187	1673	1772	0.016	28.1
XP_033345952.1	XP_006562308.2	23.932	117	71	5	72	187	2073	2172	0.019	28.1
XP_033345952.1	XP_006562311.2	23.932	117	71	5	72	187	1875	1974	0.019	28.1
XP_033345952.1	XP_006562310.2	23.932	117	71	5	72	187	1875	1974	0.019	28.1
XP_033346241.1	XP_016771029.2	32.558	43	27	1	132	172	357	399	0.033	25.0
XP_033346241.1	XP_016771028.2	32.558	43	27	1	132	172	421	463	0.033	25.0
XP_033346241.1	XP_006562311.2	32.558	43	27	1	132	172	559	601	0.035	25.0
XP_033346241.1	XP_006562310.2	32.558	43	27	1	132	172	559	601	0.035	25.0
XP_033346241.1	XP_006562308.2	32.558	43	27	1	132	172	757	799	0.035	25.0
XP_033346621.1	XP_016771021.1	37.317	477	285	9	281	748	28	499	6.92e-107	337
XP_033346621.1	XP_016771020.1	37.317	477	285	9	281	748	28	499	6.92e-107	337
XP_033346837.1	XP_006562308.2	22.917	144	97	4	1174	1312	1010	1144	0.010	30.8
XP_033346837.1	XP_006562311.2	22.917	144	97	4	1174	1312	812	946	0.013	30.4
XP_033346837.1	XP_006562310.2	22.917	144	97	4	1174	1312	812	946	0.013	30.4
XP_033346837.1	XP_016771028.2	22.917	144	97	4	1174	1312	674	808	0.016	30.0
XP_033346837.1	XP_016771029.2	22.917	144	97	4	1174	1312	610	744	0.018	30.0
XP_033346858.1	XP_006562311.2	45.161	31	16	1	133	162	182	212	0.013	26.9
XP_033346858.1	XP_006562310.2	45.161	31	16	1	133	162	182	212	0.013	26.9
XP_033346858.1	XP_006562308.2	45.161	31	16	1	133	162	401	431	0.014	26.9
XP_033346859.1	XP_006562311.2	45.161	31	16	1	131	160	182	212	0.010	27.3
XP_033346859.1	XP_006562310.2	45.161	31	16	1	131	160	182	212	0.010	27.3
XP_033346859.1	XP_006562308.2	45.161	31	16	1	131	160	401	431	0.011	27.3
XP_033346860.1	XP_006562311.2	45.161	31	16	1	126	155	182	212	0.011	27.3
XP_033346860.1	XP_006562310.2	45.161	31	16	1	126	155	182	212	0.011	27.3
XP_033346860.1	XP_006562308.2	45.161	31	16	1	126	155	401	431	0.012	26.9
XP_033346900.1	XP_006562308.2	46.154	39	19	1	784	822	1697	1733	0.023	28.5
XP_033346900.1	XP_016771028.2	46.154	39	19	1	784	822	1361	1397	0.023	28.5
XP_033346900.1	XP_006562311.2	46.154	39	19	1	784	822	1499	1535	0.025	28.5
XP_033346900.1	XP_006562310.2	46.154	39	19	1	784	822	1499	1535	0.025	28.5
XP_033346900.1	XP_016771029.2	46.154	39	19	1	784	822	1297	1333	0.025	28.5
XP_033346901.1	XP_016771028.2	26.415	106	65	3	18	122	1681	1774	0.008	30.0
XP_033346901.1	XP_016771028.2	46.154	39	19	1	777	815	1361	1397	0.023	28.5
XP_033346901.1	XP_006562308.2	26.415	106	65	3	18	122	2017	2110	0.008	30.0
XP_033346901.1	XP_006562308.2	46.154	39	19	1	777	815	1697	1733	0.023	28.5
XP_033346901.1	XP_016771029.2	26.415	106	65	3	18	122	1617	1710	0.009	29.6
XP_033346901.1	XP_016771029.2	46.154	39	19	1	777	815	1297	1333	0.025	28.5
XP_033346901.1	XP_006562311.2	26.415	106	65	3	18	122	1819	1912	0.009	29.6
XP_033346901.1	XP_006562311.2	46.154	39	19	1	777	815	1499	1535	0.024	28.5
XP_033346901.1	XP_006562310.2	26.415	106	65	3	18	122	1819	1912	0.009	29.6
XP_033346901.1	XP_006562310.2	46.154	39	19	1	777	815	1499	1535	0.024	28.5
XP_033346902.1	XP_016771028.2	46.154	39	19	1	1082	1120	1361	1397	0.045	28.1
XP_033346902.1	XP_006562308.2	46.154	39	19	1	1082	1120	1697	1733	0.048	27.7
XP_033346902.1	XP_016771029.2	46.154	39	19	1	1082	1120	1297	1333	0.049	27.7
XP_033346941.1	XP_016771021.1	25.651	269	175	9	59	311	232	491	7.96e-14	62.8
XP_033346941.1	XP_016771020.1	25.651	269	175	9	59	311	232	491	7.96e-14	62.8
XP_033347173.1	XP_006562308.2	24.138	58	40	1	322	375	603	660	0.049	26.2
XP_033347357.1	XP_006562308.2	19.136	162	116	5	141	293	595	750	0.035	27.3
XP_033347358.1	XP_006562308.2	19.136	162	116	5	141	293	595	750	0.035	27.3
XP_033347359.1	XP_006562308.2	19.136	162	116	5	141	293	595	750	0.037	27.3
XP_033347360.1	XP_006562308.2	19.136	162	116	5	141	293	595	750	0.032	27.3
XP_033347361.1	XP_006562308.2	19.136	162	116	5	141	293	595	750	0.014	28.1
XP_033347681.1	XP_016771029.2	21.154	104	71	3	1025	1128	677	769	0.001	34.3
XP_033347681.1	XP_006562311.2	21.154	104	71	3	1025	1128	879	971	0.002	33.9
XP_033347681.1	XP_006562310.2	21.154	104	71	3	1025	1128	879	971	0.002	33.9
XP_033347681.1	XP_016771028.2	21.154	104	71	3	1025	1128	741	833	0.002	33.9
XP_033347681.1	XP_006562308.2	21.154	104	71	3	1025	1128	1077	1169	0.003	33.5
XP_033347686.1	XP_016771029.2	21.154	104	71	3	1025	1128	677	769	0.002	33.9
XP_033347686.1	XP_016771028.2	21.154	104	71	3	1025	1128	741	833	0.002	33.9
XP_033347686.1	XP_006562311.2	21.154	104	71	3	1025	1128	879	971	0.002	33.9
XP_033347686.1	XP_006562310.2	21.154	104	71	3	1025	1128	879	971	0.002	33.9
XP_033347686.1	XP_006562308.2	21.154	104	71	3	1025	1128	1077	1169	0.003	33.5
XP_033347690.1	XP_016771029.2	21.154	104	71	3	1025	1128	677	769	0.002	33.9
XP_033347690.1	XP_006562311.2	21.154	104	71	3	1025	1128	879	971	0.002	33.5
XP_033347690.1	XP_006562310.2	21.154	104	71	3	1025	1128	879	971	0.002	33.5
XP_033347690.1	XP_016771028.2	21.154	104	71	3	1025	1128	741	833	0.002	33.5
XP_033347690.1	XP_006562308.2	21.154	104	71	3	1025	1128	1077	1169	0.003	33.1
XP_033347712.1	XP_006562311.2	29.907	107	50	3	524	605	367	473	0.003	32.0
XP_033347712.1	XP_006562310.2	29.907	107	50	3	524	605	367	473	0.003	32.0
XP_033347712.1	XP_016771029.2	31.646	79	34	2	524	582	165	243	0.004	31.6
XP_033347712.1	XP_016771028.2	29.907	107	50	3	524	605	229	335	0.005	31.2
XP_033347713.1	XP_006562311.2	29.907	107	50	3	524	605	367	473	0.003	32.0
XP_033347713.1	XP_006562310.2	29.907	107	50	3	524	605	367	473	0.003	32.0
XP_033347713.1	XP_016771029.2	31.646	79	34	2	524	582	165	243	0.004	31.2
XP_033347713.1	XP_016771028.2	31.646	79	34	2	524	582	229	307	0.005	31.2
XP_033348306.1	XP_006562308.2	38.235	34	17	1	154	187	212	241	0.007	28.5
XP_033348329.1	XP_006562311.2	23.214	112	71	3	415	512	196	306	0.020	27.7
XP_033348329.1	XP_006562310.2	23.214	112	71	3	415	512	196	306	0.020	27.7
XP_033348329.1	XP_006562308.2	23.478	115	73	3	415	515	415	528	0.021	27.7
XP_033348441.1	XP_016771029.2	29.545	44	31	0	357	400	1518	1561	0.039	27.3
XP_033348441.1	XP_016771028.2	29.545	44	31	0	357	400	1582	1625	0.040	27.3
XP_033348441.1	XP_006562308.2	29.545	44	31	0	357	400	1918	1961	0.043	27.3
XP_033348441.1	XP_006562311.2	29.545	44	31	0	357	400	1720	1763	0.046	26.9
XP_033348441.1	XP_006562310.2	29.545	44	31	0	357	400	1720	1763	0.046	26.9
XP_033348458.1	XP_016771021.1	36.957	46	28	1	70	114	76	121	0.042	23.9
XP_033348458.1	XP_016771020.1	36.957	46	28	1	70	114	76	121	0.042	23.9
XP_033348738.1	XP_006562308.2	19.663	178	120	6	197	362	347	513	0.002	30.8
XP_033348738.1	XP_006562311.2	19.663	178	120	6	197	362	128	294	0.003	30.0
XP_033348738.1	XP_006562310.2	19.663	178	120	6	197	362	128	294	0.003	30.0
XP_033348739.1	XP_006562308.2	19.663	178	120	6	196	361	347	513	0.002	30.8
XP_033348739.1	XP_006562311.2	19.663	178	120	6	196	361	128	294	0.003	30.0
XP_033348739.1	XP_006562310.2	19.663	178	120	6	196	361	128	294	0.003	30.0
XP_033348740.1	XP_006562308.2	19.663	178	120	6	195	360	347	513	0.002	30.8
XP_033348740.1	XP_006562311.2	19.663	178	120	6	195	360	128	294	0.003	30.0
XP_033348740.1	XP_006562310.2	19.663	178	120	6	195	360	128	294	0.003	30.0
XP_033349134.1	XP_006562311.2	28.395	81	55	2	22	102	519	596	0.011	28.1
XP_033349134.1	XP_006562310.2	28.395	81	55	2	22	102	519	596	0.011	28.1
XP_033349134.1	XP_006562308.2	28.395	81	55	2	22	102	717	794	0.012	28.1
XP_033349134.1	XP_016771028.2	28.395	81	55	2	22	102	381	458	0.017	27.7
XP_033349134.1	XP_016771029.2	28.395	81	55	2	22	102	317	394	0.018	27.7
XP_033349135.1	XP_006562311.2	28.395	81	55	2	22	102	519	596	0.011	28.5
XP_033349135.1	XP_006562310.2	28.395	81	55	2	22	102	519	596	0.011	28.5
XP_033349135.1	XP_006562308.2	28.395	81	55	2	22	102	717	794	0.012	28.1
XP_033349135.1	XP_016771028.2	28.395	81	55	2	22	102	381	458	0.017	27.7
XP_033349135.1	XP_016771029.2	28.395	81	55	2	22	102	317	394	0.018	27.7
XP_033349435.1	XP_016771021.1	37.500	40	24	1	509	547	277	316	0.018	28.1
XP_033349435.1	XP_016771020.1	37.500	40	24	1	509	547	277	316	0.018	28.1
XP_033349518.1	XP_006562308.2	27.941	68	43	2	528	589	1879	1946	0.018	28.9
XP_033349518.1	XP_006562311.2	27.941	68	43	2	528	589	1681	1748	0.028	28.5
XP_033349518.1	XP_006562310.2	27.941	68	43	2	528	589	1681	1748	0.028	28.5
XP_033349687.1	XP_006562311.2	31.081	74	38	3	10	74	669	738	0.028	27.3
XP_033349687.1	XP_006562310.2	31.081	74	38	3	10	74	669	738	0.028	27.3
XP_033349687.1	XP_006562308.2	31.081	74	38	3	10	74	867	936	0.033	26.9
XP_033349687.1	XP_016771028.2	32.432	74	37	4	10	74	531	600	0.036	26.9
XP_033349687.1	XP_016771029.2	32.432	74	37	4	10	74	467	536	0.037	26.9
XP_033349688.1	XP_006562311.2	31.081	74	38	3	10	74	669	738	0.025	27.3
XP_033349688.1	XP_006562310.2	31.081	74	38	3	10	74	669	738	0.025	27.3
XP_033349688.1	XP_006562308.2	31.081	74	38	3	10	74	867	936	0.028	27.3
XP_033349688.1	XP_016771028.2	31.081	74	38	3	10	74	531	600	0.032	26.9
XP_033349688.1	XP_016771029.2	31.081	74	38	3	10	74	467	536	0.034	26.9
XP_033350043.1	XP_016771021.1	29.412	51	36	0	34	84	244	294	0.007	28.5
XP_033350043.1	XP_016771020.1	29.412	51	36	0	34	84	244	294	0.007	28.5
XP_033350244.1	XP_016771021.1	30.233	129	77	3	811	927	8	135	3.41e-10	54.3
XP_033350244.1	XP_016771021.1	25.641	78	52	2	655	730	68	141	0.015	29.6
XP_033350244.1	XP_016771020.1	30.233	129	77	3	811	927	8	135	3.41e-10	54.3
XP_033350244.1	XP_016771020.1	25.641	78	52	2	655	730	68	141	0.015	29.6
XP_033350245.1	XP_016771021.1	30.233	129	77	3	811	927	8	135	3.41e-10	54.3
XP_033350245.1	XP_016771021.1	25.641	78	52	2	655	730	68	141	0.015	29.6
XP_033350245.1	XP_016771020.1	30.233	129	77	3	811	927	8	135	3.41e-10	54.3
XP_033350245.1	XP_016771020.1	25.641	78	52	2	655	730	68	141	0.015	29.6
XP_033350246.1	XP_016771021.1	30.233	129	77	3	811	927	8	135	3.66e-10	54.3
XP_033350246.1	XP_016771021.1	25.641	78	52	2	655	730	68	141	0.018	29.3
XP_033350246.1	XP_016771020.1	30.233	129	77	3	811	927	8	135	3.66e-10	54.3
XP_033350246.1	XP_016771020.1	25.641	78	52	2	655	730	68	141	0.018	29.3
XP_033350247.1	XP_016771021.1	32.836	134	80	7	571	703	11	135	1.11e-09	52.4
XP_033350247.1	XP_016771021.1	25.641	78	52	2	431	506	68	141	0.014	29.3
XP_033350247.1	XP_016771020.1	32.836	134	80	7	571	703	11	135	1.11e-09	52.4
XP_033350247.1	XP_016771020.1	25.641	78	52	2	431	506	68	141	0.014	29.3
XP_033350353.1	XP_006562311.2	25.556	270	168	8	93	337	56	317	2.55e-19	82.8
XP_033350353.1	XP_006562310.2	25.556	270	168	8	93	337	56	317	2.55e-19	82.8
XP_033350353.1	XP_006562308.2	25.556	270	168	8	93	337	275	536	3.44e-19	82.4
XP_033350354.1	XP_006562311.2	25.556	270	168	8	93	337	56	317	2.55e-19	82.8
XP_033350354.1	XP_006562310.2	25.556	270	168	8	93	337	56	317	2.55e-19	82.8
XP_033350354.1	XP_006562308.2	25.556	270	168	8	93	337	275	536	3.44e-19	82.4
XP_033350355.1	XP_006562311.2	25.556	270	168	8	93	337	56	317	2.55e-19	82.8
XP_033350355.1	XP_006562310.2	25.556	270	168	8	93	337	56	317	2.55e-19	82.8
XP_033350355.1	XP_006562308.2	25.556	270	168	8	93	337	275	536	3.44e-19	82.4
XP_033350427.1	XP_016771021.1	32.609	46	27	2	101	143	187	231	0.043	25.4
XP_033350427.1	XP_016771020.1	32.609	46	27	2	101	143	187	231	0.043	25.4
XP_033350428.1	XP_016771021.1	32.609	46	27	2	101	143	187	231	0.035	25.4
XP_033350428.1	XP_016771020.1	32.609	46	27	2	101	143	187	231	0.035	25.4
XP_033350674.1	XP_016771028.2	37.500	24	15	0	15	38	556	579	0.032	26.2
XP_033350674.1	XP_016771029.2	37.500	24	15	0	15	38	492	515	0.033	26.2
XP_033350674.1	XP_006562311.2	37.500	24	15	0	15	38	694	717	0.035	26.2
XP_033350674.1	XP_006562310.2	37.500	24	15	0	15	38	694	717	0.035	26.2
XP_033350674.1	XP_006562308.2	37.500	24	15	0	15	38	892	915	0.036	26.2
XP_033350846.1	XP_016771021.1	32.500	80	46	3	725	797	533	611	0.017	29.6
XP_033350846.1	XP_016771020.1	32.500	80	46	3	725	797	533	611	0.017	29.6
XP_033350849.1	XP_016771021.1	32.500	80	46	3	708	780	533	611	0.016	29.6
XP_033350849.1	XP_016771020.1	32.500	80	46	3	708	780	533	611	0.016	29.6
XP_033350850.1	XP_016771021.1	32.500	80	46	3	708	780	533	611	0.016	29.6
XP_033350850.1	XP_016771020.1	32.500	80	46	3	708	780	533	611	0.016	29.6
XP_033350851.1	XP_016771021.1	32.500	80	46	3	698	770	533	611	0.014	29.6
XP_033350851.1	XP_016771020.1	32.500	80	46	3	698	770	533	611	0.014	29.6
XP_033350852.1	XP_016771021.1	32.500	80	46	3	698	770	533	611	0.014	29.6
XP_033350852.1	XP_016771020.1	32.500	80	46	3	698	770	533	611	0.014	29.6
XP_033350853.1	XP_016771021.1	32.500	80	46	3	698	770	533	611	0.014	29.6
XP_033350853.1	XP_016771020.1	32.500	80	46	3	698	770	533	611	0.014	29.6
XP_033350854.1	XP_016771021.1	32.500	80	46	3	698	770	533	611	0.014	29.6
XP_033350854.1	XP_016771020.1	32.500	80	46	3	698	770	533	611	0.014	29.6
XP_033350856.1	XP_016771021.1	32.500	80	46	3	678	750	533	611	0.015	29.6
XP_033350856.1	XP_016771020.1	32.500	80	46	3	678	750	533	611	0.015	29.6
XP_033350857.1	XP_016771021.1	32.500	80	46	3	676	748	533	611	0.014	29.6
XP_033350857.1	XP_016771020.1	32.500	80	46	3	676	748	533	611	0.014	29.6
XP_033350858.1	XP_016771021.1	32.500	80	46	3	670	742	533	611	0.015	29.6
XP_033350858.1	XP_016771020.1	32.500	80	46	3	670	742	533	611	0.015	29.6
XP_033350860.1	XP_016771021.1	32.500	80	46	3	670	742	533	611	0.015	29.6
XP_033350860.1	XP_016771020.1	32.500	80	46	3	670	742	533	611	0.015	29.6
XP_033350984.1	XP_006562311.2	29.897	97	61	3	830	923	1686	1778	0.022	28.9
XP_033350984.1	XP_006562310.2	29.897	97	61	3	830	923	1686	1778	0.022	28.9
XP_033350984.1	XP_006562308.2	29.897	97	61	3	830	923	1884	1976	0.023	28.5
XP_033350984.1	XP_016771029.2	29.897	97	61	3	830	923	1484	1576	0.033	28.1
XP_033350984.1	XP_016771028.2	29.897	97	61	3	830	923	1548	1640	0.034	28.1
XP_033350985.1	XP_006562311.2	29.897	97	61	3	830	923	1686	1778	0.022	28.9
XP_033350985.1	XP_006562310.2	29.897	97	61	3	830	923	1686	1778	0.022	28.9
XP_033350985.1	XP_006562308.2	29.897	97	61	3	830	923	1884	1976	0.023	28.5
XP_033350985.1	XP_016771029.2	29.897	97	61	3	830	923	1484	1576	0.033	28.1
XP_033350985.1	XP_016771028.2	29.897	97	61	3	830	923	1548	1640	0.034	28.1
XP_033350986.1	XP_006562308.2	29.897	97	61	3	780	873	1884	1976	0.027	28.5
XP_033350986.1	XP_006562311.2	29.897	97	61	3	780	873	1686	1778	0.028	28.1
XP_033350986.1	XP_006562310.2	29.897	97	61	3	780	873	1686	1778	0.028	28.1
XP_033350986.1	XP_016771029.2	29.897	97	61	3	780	873	1484	1576	0.041	27.7
XP_033350986.1	XP_016771028.2	29.897	97	61	3	780	873	1548	1640	0.041	27.7
XP_033351143.1	XP_006562308.2	26.163	172	110	2	477	631	342	513	1.02e-12	62.4
XP_033351143.1	XP_006562311.2	26.163	172	110	2	477	631	123	294	1.51e-12	61.6
XP_033351143.1	XP_006562310.2	26.163	172	110	2	477	631	123	294	1.51e-12	61.6
XP_033351144.1	XP_006562308.2	26.163	172	110	2	477	631	342	513	6.72e-13	62.8
XP_033351144.1	XP_006562311.2	26.163	172	110	2	477	631	123	294	1.01e-12	62.4
XP_033351144.1	XP_006562310.2	26.163	172	110	2	477	631	123	294	1.01e-12	62.4
XP_033351790.1	XP_016771028.2	25.373	67	47	1	183	246	704	770	0.043	25.8
XP_033351790.1	XP_006562308.2	25.373	67	47	1	183	246	1040	1106	0.043	25.8
XP_033351790.1	XP_006562311.2	25.373	67	47	1	183	246	842	908	0.044	25.8
XP_033351790.1	XP_006562310.2	25.373	67	47	1	183	246	842	908	0.044	25.8
XP_033351790.1	XP_016771029.2	25.373	67	47	1	183	246	640	706	0.048	25.8
XP_033351855.1	XP_016771028.2	31.522	92	42	3	183	253	48	139	0.001	31.2
XP_033351866.1	XP_016771028.2	32.432	37	25	0	1	37	299	335	0.015	25.4
XP_033351866.1	XP_006562311.2	32.432	37	25	0	1	37	437	473	0.016	25.0
XP_033351866.1	XP_006562310.2	32.432	37	25	0	1	37	437	473	0.016	25.0
XP_033351866.1	XP_016771029.2	32.432	37	25	0	1	37	235	271	0.016	25.0
XP_033351868.1	XP_006562308.2	32.558	86	43	6	1	82	6	80	0.029	24.6
XP_033352071.1	XP_016771021.1	38.889	36	20	1	63	98	398	431	0.024	27.7
XP_033352071.1	XP_016771020.1	38.889	36	20	1	63	98	398	431	0.024	27.7
XP_033352187.1	XP_006562308.2	29.851	67	33	2	404	470	1924	1976	0.013	29.3
XP_033352187.1	XP_016771029.2	29.851	67	33	2	404	470	1524	1576	0.013	29.3
XP_033352187.1	XP_016771028.2	29.851	67	33	2	404	470	1588	1640	0.013	29.3
XP_033352187.1	XP_006562311.2	29.851	67	33	2	404	470	1726	1778	0.014	29.3
XP_033352187.1	XP_006562310.2	29.851	67	33	2	404	470	1726	1778	0.014	29.3
XP_033352188.1	XP_016771029.2	29.851	67	33	2	404	470	1524	1576	0.014	29.3
XP_033352188.1	XP_006562308.2	29.851	67	33	2	404	470	1924	1976	0.014	29.3
XP_033352188.1	XP_016771028.2	29.851	67	33	2	404	470	1588	1640	0.015	28.9
XP_033352188.1	XP_006562311.2	29.851	67	33	2	404	470	1726	1778	0.015	28.9
XP_033352188.1	XP_006562310.2	29.851	67	33	2	404	470	1726	1778	0.015	28.9
XP_033352257.1	XP_016771028.2	32.653	49	32	1	417	465	140	187	0.007	31.2
XP_033352493.1	XP_016771028.2	56.250	16	7	0	457	472	104	119	0.041	26.6
XP_033352494.1	XP_016771028.2	56.250	16	7	0	457	472	104	119	0.041	26.6
XP_033352495.1	XP_016771028.2	56.250	16	7	0	457	472	104	119	0.041	26.6
XP_033352496.1	XP_016771028.2	56.250	16	7	0	457	472	104	119	0.041	26.6
XP_033352497.1	XP_016771028.2	56.250	16	7	0	452	467	104	119	0.039	26.6
XP_033352627.1	XP_016771029.2	29.213	89	55	2	195	276	1376	1463	0.041	25.8
XP_033352627.1	XP_016771028.2	29.213	89	55	2	195	276	1440	1527	0.041	25.8
XP_033352627.1	XP_006562311.2	29.213	89	55	2	195	276	1578	1665	0.041	25.8
XP_033352627.1	XP_006562310.2	29.213	89	55	2	195	276	1578	1665	0.041	25.8
XP_033352627.1	XP_006562308.2	29.213	89	55	2	195	276	1776	1863	0.041	25.8
XP_033352628.1	XP_016771029.2	29.213	89	55	2	195	276	1376	1463	0.041	25.8
XP_033352628.1	XP_016771028.2	29.213	89	55	2	195	276	1440	1527	0.041	25.8
XP_033352628.1	XP_006562311.2	29.213	89	55	2	195	276	1578	1665	0.041	25.8
XP_033352628.1	XP_006562310.2	29.213	89	55	2	195	276	1578	1665	0.041	25.8
XP_033352628.1	XP_006562308.2	29.213	89	55	2	195	276	1776	1863	0.041	25.8
XP_033352644.1	XP_016771021.1	33.333	48	32	0	61	108	121	168	6.05e-04	31.2
XP_033352644.1	XP_016771020.1	33.333	48	32	0	61	108	121	168	6.05e-04	31.2
XP_033352645.1	XP_016771021.1	33.333	48	32	0	61	108	121	168	5.92e-04	31.2
XP_033352645.1	XP_016771020.1	33.333	48	32	0	61	108	121	168	5.92e-04	31.2
XP_033352736.1	XP_016771021.1	24.868	189	97	8	425	591	217	382	0.019	28.1
XP_033352736.1	XP_016771020.1	24.868	189	97	8	425	591	217	382	0.019	28.1
XP_033352737.1	XP_016771021.1	24.868	189	97	8	404	570	217	382	0.020	28.1
XP_033352737.1	XP_016771020.1	24.868	189	97	8	404	570	217	382	0.020	28.1
XP_033353036.1	XP_006562308.2	32.203	59	39	1	393	450	891	949	0.027	28.1
XP_033353036.1	XP_006562311.2	32.203	59	39	1	393	450	693	751	0.032	28.1
XP_033353036.1	XP_006562310.2	32.203	59	39	1	393	450	693	751	0.032	28.1
XP_033353036.1	XP_016771028.2	32.203	59	39	1	393	450	555	613	0.034	27.7
XP_033353036.1	XP_016771029.2	32.203	59	39	1	393	450	491	549	0.034	27.7
XP_033353037.1	XP_006562308.2	32.203	59	39	1	393	450	891	949	0.027	28.1
XP_033353037.1	XP_006562311.2	32.203	59	39	1	393	450	693	751	0.032	28.1
XP_033353037.1	XP_006562310.2	32.203	59	39	1	393	450	693	751	0.032	28.1
XP_033353037.1	XP_016771028.2	32.203	59	39	1	393	450	555	613	0.034	27.7
XP_033353037.1	XP_016771029.2	32.203	59	39	1	393	450	491	549	0.034	27.7
XP_033353038.1	XP_006562308.2	32.203	59	39	1	393	450	891	949	0.027	28.1
XP_033353038.1	XP_006562311.2	32.203	59	39	1	393	450	693	751	0.032	28.1
XP_033353038.1	XP_006562310.2	32.203	59	39	1	393	450	693	751	0.032	28.1
XP_033353038.1	XP_016771028.2	32.203	59	39	1	393	450	555	613	0.034	27.7
XP_033353038.1	XP_016771029.2	32.203	59	39	1	393	450	491	549	0.034	27.7
XP_033353039.1	XP_006562308.2	32.203	59	39	1	393	450	891	949	0.027	28.1
XP_033353039.1	XP_006562311.2	32.203	59	39	1	393	450	693	751	0.032	28.1
XP_033353039.1	XP_006562310.2	32.203	59	39	1	393	450	693	751	0.032	28.1
XP_033353039.1	XP_016771028.2	32.203	59	39	1	393	450	555	613	0.034	27.7
XP_033353039.1	XP_016771029.2	32.203	59	39	1	393	450	491	549	0.034	27.7
XP_033353208.1	XP_006562308.2	25.559	313	171	11	487	767	283	565	1.23e-18	82.4
XP_033353208.1	XP_006562311.2	25.559	313	171	11	487	767	64	346	1.25e-18	82.4
XP_033353208.1	XP_006562310.2	25.559	313	171	11	487	767	64	346	1.25e-18	82.4
XP_033353209.1	XP_006562311.2	25.559	313	171	11	473	753	64	346	9.23e-19	82.8
XP_033353209.1	XP_006562310.2	25.559	313	171	11	473	753	64	346	9.23e-19	82.8
XP_033353209.1	XP_006562308.2	25.559	313	171	11	473	753	283	565	9.32e-19	82.8
XP_033353362.1	XP_006562308.2	27.536	69	43	2	170	231	194	262	0.038	26.9
XP_033353562.1	XP_006562308.2	20.455	308	208	12	4363	4654	1823	2109	7.82e-04	38.1
XP_033353562.1	XP_006562311.2	20.455	308	208	12	4363	4654	1625	1911	0.001	37.7
XP_033353562.1	XP_006562310.2	20.455	308	208	12	4363	4654	1625	1911	0.001	37.7
XP_033353562.1	XP_016771029.2	20.455	308	208	12	4363	4654	1423	1709	0.002	36.6
XP_033353562.1	XP_016771028.2	20.455	308	208	12	4363	4654	1487	1773	0.004	35.8
XP_033353749.1	XP_006562308.2	25.581	43	32	0	622	664	2147	2189	0.017	29.3
XP_033353749.1	XP_006562311.2	25.581	43	32	0	622	664	1949	1991	0.018	29.3
XP_033353749.1	XP_006562310.2	25.581	43	32	0	622	664	1949	1991	0.018	29.3
XP_033353749.1	XP_016771029.2	25.581	43	32	0	622	664	1747	1789	0.022	28.9
XP_033353749.1	XP_016771028.2	25.581	43	32	0	622	664	1811	1853	0.027	28.5
XP_033353758.1	XP_006562308.2	25.581	43	32	0	622	664	2147	2189	0.016	29.3
XP_033353758.1	XP_006562311.2	25.581	43	32	0	622	664	1949	1991	0.018	29.3
XP_033353758.1	XP_006562310.2	25.581	43	32	0	622	664	1949	1991	0.018	29.3
XP_033353758.1	XP_016771029.2	25.581	43	32	0	622	664	1747	1789	0.022	28.9
XP_033353758.1	XP_016771028.2	25.581	43	32	0	622	664	1811	1853	0.026	28.5
XP_033353764.1	XP_006562308.2	24.490	49	37	0	622	670	2147	2195	0.007	30.4
XP_033353764.1	XP_006562311.2	24.490	49	37	0	622	670	1949	1997	0.007	30.4
XP_033353764.1	XP_006562310.2	24.490	49	37	0	622	670	1949	1997	0.007	30.4
XP_033353764.1	XP_016771029.2	24.490	49	37	0	622	670	1747	1795	0.011	29.6
XP_033353764.1	XP_016771028.2	24.490	49	37	0	622	670	1811	1859	0.012	29.6
XP_033353773.1	XP_006562308.2	25.581	43	32	0	595	637	2147	2189	0.016	29.3
XP_033353773.1	XP_006562311.2	25.581	43	32	0	595	637	1949	1991	0.017	29.3
XP_033353773.1	XP_006562310.2	25.581	43	32	0	595	637	1949	1991	0.017	29.3
XP_033353773.1	XP_016771029.2	25.581	43	32	0	595	637	1747	1789	0.021	28.9
XP_033353773.1	XP_016771028.2	25.581	43	32	0	595	637	1811	1853	0.026	28.5
XP_033353782.1	XP_006562308.2	25.581	43	32	0	622	664	2147	2189	0.016	29.3
XP_033353782.1	XP_006562311.2	25.581	43	32	0	622	664	1949	1991	0.018	29.3
XP_033353782.1	XP_006562310.2	25.581	43	32	0	622	664	1949	1991	0.018	29.3
XP_033353782.1	XP_016771029.2	25.581	43	32	0	622	664	1747	1789	0.022	28.9
XP_033353782.1	XP_016771028.2	25.581	43	32	0	622	664	1811	1853	0.027	28.5
XP_033353790.1	XP_006562308.2	25.581	43	32	0	622	664	2147	2189	0.016	29.3
XP_033353790.1	XP_006562311.2	25.581	43	32	0	622	664	1949	1991	0.017	29.3
XP_033353790.1	XP_006562310.2	25.581	43	32	0	622	664	1949	1991	0.017	29.3
XP_033353790.1	XP_016771029.2	25.581	43	32	0	622	664	1747	1789	0.023	28.9
XP_033353790.1	XP_016771028.2	25.581	43	32	0	622	664	1811	1853	0.026	28.5
XP_033353936.1	XP_016771028.2	32.857	70	21	4	143	192	1373	1436	0.019	27.3
XP_033353936.1	XP_016771029.2	32.857	70	21	4	143	192	1309	1372	0.020	27.3
XP_033353937.1	XP_016771028.2	32.857	70	21	4	142	191	1373	1436	0.018	27.3
XP_033353937.1	XP_016771029.2	32.857	70	21	4	142	191	1309	1372	0.020	27.3
XP_033353938.1	XP_016771028.2	32.857	70	21	4	82	131	1373	1436	0.013	27.3
XP_033353938.1	XP_016771029.2	32.857	70	21	4	82	131	1309	1372	0.015	27.3
XP_033353938.1	XP_006562311.2	32.857	70	21	4	82	131	1511	1574	0.016	27.3
XP_033353938.1	XP_006562310.2	32.857	70	21	4	82	131	1511	1574	0.016	27.3
XP_033353938.1	XP_006562308.2	32.857	70	21	4	82	131	1709	1772	0.046	25.8
XP_033353939.1	XP_016771028.2	32.857	70	21	4	82	131	1373	1436	0.013	27.3
XP_033353939.1	XP_016771029.2	32.857	70	21	4	82	131	1309	1372	0.015	27.3
XP_033353939.1	XP_006562311.2	32.857	70	21	4	82	131	1511	1574	0.016	27.3
XP_033353939.1	XP_006562310.2	32.857	70	21	4	82	131	1511	1574	0.016	27.3
XP_033353939.1	XP_006562308.2	32.857	70	21	4	82	131	1709	1772	0.046	25.8
XP_033354012.1	XP_016771021.1	29.167	72	45	2	365	430	459	530	0.036	27.3
XP_033354012.1	XP_016771020.1	29.167	72	45	2	365	430	459	530	0.036	27.3
XP_033354013.1	XP_016771021.1	26.250	80	53	2	273	346	459	538	0.030	27.3
XP_033354013.1	XP_016771020.1	26.250	80	53	2	273	346	459	538	0.030	27.3
XP_033354302.1	XP_006562308.2	29.670	273	142	13	658	897	272	527	1.11e-19	85.9
XP_033354302.1	XP_006562311.2	29.670	273	142	13	658	897	53	308	1.35e-19	85.9
XP_033354302.1	XP_006562310.2	29.670	273	142	13	658	897	53	308	1.35e-19	85.9
XP_033354304.1	XP_006562308.2	29.670	273	142	13	622	861	272	527	1.19e-19	85.9
XP_033354304.1	XP_006562311.2	29.670	273	142	13	622	861	53	308	1.55e-19	85.5
XP_033354304.1	XP_006562310.2	29.670	273	142	13	622	861	53	308	1.55e-19	85.5
XP_033354305.1	XP_006562308.2	29.670	273	142	13	622	861	272	527	1.19e-19	85.9
XP_033354305.1	XP_006562311.2	29.670	273	142	13	622	861	53	308	1.55e-19	85.5
XP_033354305.1	XP_006562310.2	29.670	273	142	13	622	861	53	308	1.55e-19	85.5
XP_033354496.1	XP_016771021.1	92.890	661	46	1	1	661	1	660	0.0	1286
XP_033354496.1	XP_016771020.1	92.890	661	46	1	1	661	1	660	0.0	1286
XP_033354497.1	XP_006562308.2	77.083	2304	388	58	1	2205	1	2263	0.0	3226
XP_033354497.1	XP_006562311.2	77.724	2056	339	57	249	2205	30	2065	0.0	2884
XP_033354497.1	XP_006562310.2	77.724	2056	339	57	249	2205	30	2065	0.0	2884
XP_033354497.1	XP_016771029.2	74.514	1801	339	58	505	2205	83	1863	0.0	2315
XP_033354497.1	XP_016771028.2	74.051	1765	339	57	540	2205	183	1927	0.0	2245
XP_033354499.1	XP_006562308.2	77.792	2283	388	57	1	2184	1	2263	0.0	3239
XP_033354499.1	XP_006562311.2	76.702	2056	339	58	249	2184	30	2065	0.0	2828
XP_033354499.1	XP_006562310.2	76.702	2056	339	58	249	2184	30	2065	0.0	2828
XP_033354499.1	XP_016771029.2	73.348	1801	339	59	505	2184	83	1863	0.0	2257
XP_033354499.1	XP_016771028.2	72.861	1765	339	58	540	2184	183	1927	0.0	2186
XP_033354500.1	XP_006562311.2	78.034	2085	339	57	1	1986	1	2065	0.0	2927
XP_033354500.1	XP_006562310.2	78.034	2085	339	57	1	1986	1	2065	0.0	2927
XP_033354500.1	XP_006562308.2	76.702	2056	339	58	30	1986	249	2263	0.0	2829
XP_033354500.1	XP_016771029.2	74.514	1801	339	58	286	1986	83	1863	0.0	2321
XP_033354500.1	XP_016771028.2	74.051	1765	339	57	321	1986	183	1927	0.0	2251
XP_033354501.1	XP_006562311.2	78.034	2085	339	57	1	1986	1	2065	0.0	2927
XP_033354501.1	XP_006562310.2	78.034	2085	339	57	1	1986	1	2065	0.0	2927
XP_033354501.1	XP_006562308.2	76.702	2056	339	58	30	1986	249	2263	0.0	2829
XP_033354501.1	XP_016771029.2	74.514	1801	339	58	286	1986	83	1863	0.0	2321
XP_033354501.1	XP_016771028.2	74.051	1765	339	57	321	1986	183	1927	0.0	2251
XP_033354502.1	XP_006562311.2	77.669	2051	339	57	1	1952	35	2065	0.0	2882
XP_033354502.1	XP_006562310.2	77.669	2051	339	57	1	1952	35	2065	0.0	2882
XP_033354502.1	XP_006562308.2	76.646	2051	339	58	1	1952	254	2263	0.0	2818
XP_033354502.1	XP_016771029.2	74.514	1801	339	58	252	1952	83	1863	0.0	2320
XP_033354502.1	XP_016771028.2	74.051	1765	339	57	287	1952	183	1927	0.0	2248
XP_033354514.1	XP_016771029.2	28.571	49	35	0	25	73	1099	1147	0.006	26.2
XP_033354514.1	XP_016771028.2	28.571	49	35	0	25	73	1163	1211	0.006	26.2
XP_033354514.1	XP_006562311.2	28.571	49	35	0	25	73	1301	1349	0.006	26.2
XP_033354514.1	XP_006562310.2	28.571	49	35	0	25	73	1301	1349	0.006	26.2
XP_033354514.1	XP_006562308.2	28.571	49	35	0	25	73	1499	1547	0.006	26.2
XP_033354724.1	XP_006562308.2	35.897	39	25	0	579	617	511	549	0.032	27.7
XP_033354724.1	XP_006562311.2	35.897	39	25	0	579	617	292	330	0.032	27.7
XP_033354724.1	XP_006562310.2	35.897	39	25	0	579	617	292	330	0.032	27.7
XP_033354724.1	XP_016771029.2	35.897	39	25	0	579	617	90	128	0.037	27.7
XP_033354804.1	XP_016771021.1	35.484	31	20	0	1	31	1	31	0.023	25.8
XP_033354804.1	XP_016771020.1	35.484	31	20	0	1	31	1	31	0.023	25.8
XP_033354805.1	XP_016771021.1	35.484	31	20	0	1	31	1	31	0.023	25.8
XP_033354805.1	XP_016771020.1	35.484	31	20	0	1	31	1	31	0.023	25.8
XP_033354807.1	XP_016771021.1	35.484	31	20	0	1	31	1	31	0.023	25.8
XP_033354807.1	XP_016771020.1	35.484	31	20	0	1	31	1	31	0.023	25.8
XP_033354964.1	XP_016771028.2	21.212	165	109	5	498	656	296	445	0.007	32.3
XP_033354964.1	XP_006562311.2	21.212	165	109	5	498	656	434	583	0.008	32.3
XP_033354964.1	XP_006562310.2	21.212	165	109	5	498	656	434	583	0.008	32.3
XP_033354964.1	XP_016771029.2	21.212	165	109	5	498	656	232	381	0.009	32.3
XP_033355039.1	XP_006562311.2	35.714	42	27	0	926	967	432	473	0.028	28.9
XP_033355039.1	XP_006562310.2	35.714	42	27	0	926	967	432	473	0.028	28.9
XP_033355246.1	XP_016771029.2	42.857	21	12	0	83	103	1734	1754	0.013	25.0
XP_033355246.1	XP_016771028.2	42.857	21	12	0	83	103	1798	1818	0.013	25.0
XP_033355246.1	XP_006562311.2	42.857	21	12	0	83	103	1936	1956	0.013	25.0
XP_033355246.1	XP_006562310.2	42.857	21	12	0	83	103	1936	1956	0.013	25.0
XP_033355246.1	XP_006562308.2	42.857	21	12	0	83	103	2134	2154	0.013	25.0
XP_033356104.1	NP_001011611.2	47.059	17	9	0	105	121	16	32	0.039	23.5
XP_033356296.1	XP_016771028.2	29.487	78	50	3	661	735	130	205	0.025	28.5
XP_033356297.1	XP_016771028.2	29.487	78	50	3	661	735	130	205	0.025	28.5
XP_033356646.1	XP_006562308.2	34.286	35	23	0	29	63	1807	1841	0.002	28.9
XP_033356646.1	XP_016771029.2	34.286	35	23	0	29	63	1407	1441	0.004	27.7
XP_033356646.1	XP_016771028.2	34.286	35	23	0	29	63	1471	1505	0.004	27.7
XP_033356646.1	XP_006562311.2	34.286	35	23	0	29	63	1609	1643	0.004	27.7
XP_033356646.1	XP_006562310.2	34.286	35	23	0	29	63	1609	1643	0.004	27.7
XP_033356647.1	XP_006562308.2	34.286	35	23	0	29	63	1807	1841	0.002	28.9
XP_033356647.1	XP_016771029.2	34.286	35	23	0	29	63	1407	1441	0.004	27.7
XP_033356647.1	XP_016771028.2	34.286	35	23	0	29	63	1471	1505	0.004	27.7
XP_033356647.1	XP_006562311.2	34.286	35	23	0	29	63	1609	1643	0.004	27.7
XP_033356647.1	XP_006562310.2	34.286	35	23	0	29	63	1609	1643	0.004	27.7
XP_033356833.1	XP_006562311.2	25.664	113	61	4	6	100	444	551	0.002	28.5
XP_033356833.1	XP_006562310.2	25.664	113	61	4	6	100	444	551	0.002	28.5
XP_033356833.1	XP_016771029.2	25.664	113	61	4	6	100	242	349	0.003	28.1
XP_033356833.1	XP_016771028.2	25.664	113	61	4	6	100	306	413	0.003	28.1
XP_033356833.1	XP_006562308.2	24.528	106	59	3	11	100	649	749	0.012	26.2
XP_033356857.1	XP_006562311.2	32.883	222	126	6	97	296	64	284	4.90e-30	112
XP_033356857.1	XP_006562310.2	32.883	222	126	6	97	296	64	284	4.90e-30	112
XP_033356857.1	XP_006562308.2	32.883	222	126	6	97	296	283	503	5.35e-30	112
XP_033357384.1	XP_016771028.2	31.429	105	66	4	879	979	373	475	0.039	29.3
XP_033357384.1	XP_016771029.2	31.429	105	66	4	879	979	309	411	0.044	28.9
XP_033357385.1	XP_016771028.2	31.429	105	66	4	879	979	373	475	0.039	29.3
XP_033357385.1	XP_016771029.2	31.429	105	66	4	879	979	309	411	0.044	28.9
XP_033357386.1	XP_016771028.2	31.429	105	66	4	879	979	373	475	0.039	29.3
XP_033357386.1	XP_016771029.2	31.429	105	66	4	879	979	309	411	0.044	28.9
XP_033357387.1	XP_016771028.2	31.429	105	66	4	879	979	373	475	0.039	29.3
XP_033357387.1	XP_016771029.2	31.429	105	66	4	879	979	309	411	0.045	28.9
XP_033357388.1	XP_016771028.2	31.429	105	66	4	879	979	373	475	0.033	29.3
XP_033357388.1	XP_016771029.2	31.429	105	66	4	879	979	309	411	0.040	29.3
XP_033357388.1	XP_006562311.2	31.429	105	66	4	879	979	511	613	0.040	29.3
XP_033357388.1	XP_006562310.2	31.429	105	66	4	879	979	511	613	0.040	29.3
XP_033357388.1	XP_006562308.2	32.990	97	59	4	887	979	717	811	0.046	28.9
XP_033357389.1	XP_016771028.2	32.990	97	59	4	887	979	381	475	0.038	29.3
XP_033357389.1	XP_016771029.2	31.429	105	66	4	879	979	309	411	0.040	29.3
XP_033357389.1	XP_006562308.2	32.990	97	59	4	887	979	717	811	0.048	28.9
XP_033357389.1	XP_006562311.2	32.990	97	59	4	887	979	519	613	0.049	28.9
XP_033357389.1	XP_006562310.2	32.990	97	59	4	887	979	519	613	0.049	28.9
XP_033357390.1	XP_016771028.2	32.990	97	59	4	887	979	381	475	0.037	29.3
XP_033357390.1	XP_016771029.2	31.429	105	66	4	879	979	309	411	0.040	29.3
XP_033357390.1	XP_006562308.2	32.990	97	59	4	887	979	717	811	0.048	28.9
XP_033357390.1	XP_006562311.2	32.990	97	59	4	887	979	519	613	0.049	28.9
XP_033357390.1	XP_006562310.2	32.990	97	59	4	887	979	519	613	0.049	28.9
XP_033357391.1	XP_016771028.2	32.990	97	59	4	887	979	381	475	0.031	29.3
XP_033357391.1	XP_016771029.2	31.429	105	66	4	879	979	309	411	0.037	29.3
XP_033357391.1	XP_006562311.2	32.990	97	59	4	887	979	519	613	0.037	29.3
XP_033357391.1	XP_006562310.2	32.990	97	59	4	887	979	519	613	0.037	29.3
XP_033357391.1	XP_006562308.2	32.990	97	59	4	887	979	717	811	0.040	28.9
XP_033357394.1	XP_016771028.2	32.990	97	59	4	561	653	381	475	0.023	29.6
XP_033357394.1	XP_016771029.2	32.990	97	59	4	561	653	317	411	0.029	29.3
XP_033357394.1	XP_006562308.2	32.990	97	59	4	561	653	717	811	0.031	29.3
XP_033357394.1	XP_006562311.2	32.990	97	59	4	561	653	519	613	0.031	29.3
XP_033357394.1	XP_006562310.2	32.990	97	59	4	561	653	519	613	0.031	29.3
XP_033357808.1	XP_006562308.2	41.071	56	31	1	1523	1578	1069	1122	0.003	33.1
XP_033357808.1	XP_016771028.2	41.818	55	30	1	1523	1577	733	785	0.003	33.1
XP_033357808.1	XP_006562311.2	41.071	56	31	1	1523	1578	871	924	0.003	33.1
XP_033357808.1	XP_006562310.2	41.071	56	31	1	1523	1578	871	924	0.003	33.1
XP_033357808.1	XP_016771029.2	41.818	55	30	1	1523	1577	669	721	0.004	33.1
XP_033357809.1	XP_006562308.2	41.071	56	31	1	1503	1558	1069	1122	0.003	33.1
XP_033357809.1	XP_016771028.2	41.818	55	30	1	1503	1557	733	785	0.003	33.1
XP_033357809.1	XP_006562311.2	41.071	56	31	1	1503	1558	871	924	0.003	33.1
XP_033357809.1	XP_006562310.2	41.071	56	31	1	1503	1558	871	924	0.003	33.1
XP_033357809.1	XP_016771029.2	41.818	55	30	1	1503	1557	669	721	0.003	33.1
XP_033357810.1	XP_006562308.2	41.071	56	31	1	1500	1555	1069	1122	0.003	33.1
XP_033357810.1	XP_006562311.2	41.071	56	31	1	1500	1555	871	924	0.003	33.1
XP_033357810.1	XP_006562310.2	41.071	56	31	1	1500	1555	871	924	0.003	33.1
XP_033357810.1	XP_016771028.2	41.818	55	30	1	1500	1554	733	785	0.003	33.1
XP_033357810.1	XP_016771029.2	41.818	55	30	1	1500	1554	669	721	0.003	33.1
XP_033357811.1	XP_006562308.2	41.071	56	31	1	1499	1554	1069	1122	0.003	33.1
XP_033357811.1	XP_016771028.2	41.818	55	30	1	1499	1553	733	785	0.003	33.1
XP_033357811.1	XP_016771029.2	41.818	55	30	1	1499	1553	669	721	0.003	33.1
XP_033357811.1	XP_006562311.2	41.071	56	31	1	1499	1554	871	924	0.003	33.1
XP_033357811.1	XP_006562310.2	41.071	56	31	1	1499	1554	871	924	0.003	33.1
XP_033357812.1	XP_006562308.2	41.071	56	31	1	1523	1578	1069	1122	0.003	33.1
XP_033357812.1	XP_016771028.2	41.818	55	30	1	1523	1577	733	785	0.003	33.1
XP_033357812.1	XP_006562311.2	41.071	56	31	1	1523	1578	871	924	0.003	33.1
XP_033357812.1	XP_006562310.2	41.071	56	31	1	1523	1578	871	924	0.003	33.1
XP_033357812.1	XP_016771029.2	41.818	55	30	1	1523	1577	669	721	0.003	33.1
XP_033357813.1	XP_006562308.2	41.071	56	31	1	1490	1545	1069	1122	0.003	33.1
XP_033357813.1	XP_006562311.2	41.071	56	31	1	1490	1545	871	924	0.003	33.1
XP_033357813.1	XP_006562310.2	41.071	56	31	1	1490	1545	871	924	0.003	33.1
XP_033357813.1	XP_016771029.2	41.818	55	30	1	1490	1544	669	721	0.003	33.1
XP_033357813.1	XP_016771028.2	41.818	55	30	1	1490	1544	733	785	0.003	33.1
XP_033357814.1	XP_006562308.2	41.071	56	31	1	1499	1554	1069	1122	0.003	33.5
XP_033357814.1	XP_006562311.2	41.071	56	31	1	1499	1554	871	924	0.003	33.1
XP_033357814.1	XP_006562310.2	41.071	56	31	1	1499	1554	871	924	0.003	33.1
XP_033357814.1	XP_016771029.2	41.818	55	30	1	1499	1553	669	721	0.003	33.1
XP_033357814.1	XP_016771028.2	41.818	55	30	1	1499	1553	733	785	0.003	33.1
XP_033357943.1	XP_006562308.2	22.222	252	137	11	244	475	283	495	0.013	28.5
XP_033357943.1	XP_006562311.2	21.970	264	145	12	234	475	52	276	0.015	28.5
XP_033357943.1	XP_006562310.2	21.970	264	145	12	234	475	52	276	0.015	28.5
XP_033357944.1	XP_006562308.2	22.222	252	137	11	244	475	283	495	0.013	28.5
XP_033357944.1	XP_006562311.2	21.970	264	145	12	234	475	52	276	0.015	28.5
XP_033357944.1	XP_006562310.2	21.970	264	145	12	234	475	52	276	0.015	28.5
XP_033358063.1	XP_016771029.2	33.333	42	28	0	102	143	1523	1564	0.010	28.5
XP_033358063.1	XP_016771028.2	33.333	42	28	0	102	143	1587	1628	0.011	28.1
XP_033358063.1	XP_006562311.2	33.333	42	28	0	102	143	1725	1766	0.014	27.7
XP_033358063.1	XP_006562310.2	33.333	42	28	0	102	143	1725	1766	0.014	27.7
XP_033358063.1	XP_006562308.2	33.333	42	28	0	102	143	1923	1964	0.016	27.7
XP_033358064.1	XP_016771029.2	33.333	42	28	0	102	143	1523	1564	0.007	28.5
XP_033358064.1	XP_016771028.2	33.333	42	28	0	102	143	1587	1628	0.008	28.5
XP_033358064.1	XP_006562311.2	33.333	42	28	0	102	143	1725	1766	0.010	28.1
XP_033358064.1	XP_006562310.2	33.333	42	28	0	102	143	1725	1766	0.010	28.1
XP_033358064.1	XP_006562308.2	33.333	42	28	0	102	143	1923	1964	0.011	28.1
XP_033358187.1	XP_006562308.2	27.869	61	43	1	17	76	481	541	0.039	25.4
XP_033358187.1	XP_006562311.2	27.869	61	43	1	17	76	262	322	0.040	25.4
XP_033358187.1	XP_006562310.2	27.869	61	43	1	17	76	262	322	0.040	25.4
XP_033358534.1	XP_006562308.2	30.357	56	35	2	302	355	1388	1441	0.029	27.3
XP_033358534.1	XP_006562311.2	30.357	56	35	2	302	355	1190	1243	0.033	27.3
XP_033358534.1	XP_006562310.2	30.357	56	35	2	302	355	1190	1243	0.033	27.3
XP_033358534.1	XP_016771029.2	30.357	56	35	2	302	355	988	1041	0.046	26.9
XP_033358534.1	XP_016771028.2	30.357	56	35	2	302	355	1052	1105	0.049	26.6
XP_033358628.1	XP_016771028.2	50.000	18	9	0	75	92	105	122	0.047	23.9
XP_033358784.1	XP_016771021.1	30.769	52	36	0	36	87	591	642	0.012	27.7
XP_033358784.1	XP_016771020.1	30.769	52	36	0	36	87	591	642	0.012	27.7
XP_033358900.1	XP_016771021.1	23.256	86	56	2	118	203	400	475	0.012	28.1
XP_033358900.1	XP_016771020.1	23.256	86	56	2	118	203	400	475	0.012	28.1
XP_033359159.1	XP_006562308.2	25.373	134	70	4	11	118	1822	1951	0.001	29.6
XP_033359159.1	XP_006562311.2	25.373	134	70	4	11	118	1624	1753	0.002	28.9
XP_033359159.1	XP_006562310.2	25.373	134	70	4	11	118	1624	1753	0.002	28.9
XP_033359159.1	XP_016771029.2	25.373	134	70	4	11	118	1422	1551	0.005	27.7
XP_033359159.1	XP_016771028.2	25.373	134	70	4	11	118	1486	1615	0.005	27.7
XP_033359290.1	XP_016771021.1	34.211	76	40	4	244	314	435	505	0.037	26.6
XP_033359290.1	XP_016771020.1	34.211	76	40	4	244	314	435	505	0.037	26.6
XP_033359371.1	XP_006562311.2	28.358	268	140	9	73	303	56	308	3.14e-18	77.0
XP_033359371.1	XP_006562310.2	28.358	268	140	9	73	303	56	308	3.14e-18	77.0
XP_033359371.1	XP_006562308.2	28.358	268	140	9	73	303	275	527	3.20e-18	77.0
XP_033359372.1	XP_006562311.2	28.358	268	140	9	73	303	56	308	3.14e-18	77.0
XP_033359372.1	XP_006562310.2	28.358	268	140	9	73	303	56	308	3.14e-18	77.0
XP_033359372.1	XP_006562308.2	28.358	268	140	9	73	303	275	527	3.20e-18	77.0
XP_033359564.1	XP_016771029.2	25.352	142	78	7	347	474	1358	1485	0.023	27.7
XP_033359564.1	XP_006562311.2	25.352	142	78	7	347	474	1560	1687	0.025	27.3
XP_033359564.1	XP_006562310.2	25.352	142	78	7	347	474	1560	1687	0.025	27.3
XP_033359564.1	XP_006562308.2	25.352	142	78	7	347	474	1758	1885	0.029	27.3
XP_033359564.1	XP_016771028.2	25.352	142	78	7	347	474	1422	1549	0.030	27.3
XP_033359565.1	XP_016771029.2	25.352	142	78	7	347	474	1358	1485	0.023	27.7
XP_033359565.1	XP_006562311.2	25.352	142	78	7	347	474	1560	1687	0.025	27.3
XP_033359565.1	XP_006562310.2	25.352	142	78	7	347	474	1560	1687	0.025	27.3
XP_033359565.1	XP_006562308.2	25.352	142	78	7	347	474	1758	1885	0.029	27.3
XP_033359565.1	XP_016771028.2	25.352	142	78	7	347	474	1422	1549	0.030	27.3
XP_033359567.1	XP_016771029.2	25.352	142	78	7	347	474	1358	1485	0.023	27.7
XP_033359567.1	XP_006562311.2	25.352	142	78	7	347	474	1560	1687	0.025	27.3
XP_033359567.1	XP_006562310.2	25.352	142	78	7	347	474	1560	1687	0.025	27.3
XP_033359567.1	XP_006562308.2	25.352	142	78	7	347	474	1758	1885	0.029	27.3
XP_033359567.1	XP_016771028.2	25.352	142	78	7	347	474	1422	1549	0.030	27.3
XP_033359568.1	XP_016771029.2	25.352	142	78	7	347	474	1358	1485	0.023	27.7
XP_033359568.1	XP_006562311.2	25.352	142	78	7	347	474	1560	1687	0.025	27.3
XP_033359568.1	XP_006562310.2	25.352	142	78	7	347	474	1560	1687	0.025	27.3
XP_033359568.1	XP_006562308.2	25.352	142	78	7	347	474	1758	1885	0.029	27.3
XP_033359568.1	XP_016771028.2	25.352	142	78	7	347	474	1422	1549	0.030	27.3
XP_033359859.1	NP_001011611.2	37.037	27	14	1	286	312	24	47	0.031	23.9
XP_033360182.1	XP_006562308.2	24.123	228	145	9	156	375	238	445	2.78e-05	38.1
XP_033360182.1	XP_006562311.2	24.725	182	116	6	197	375	63	226	3.44e-05	37.7
XP_033360182.1	XP_006562310.2	24.725	182	116	6	197	375	63	226	3.44e-05	37.7
XP_033360782.1	XP_016771029.2	38.710	31	14	1	96	126	552	577	0.046	24.3
XP_033361057.1	XP_006562308.2	24.779	226	137	8	182	379	283	503	7.17e-13	63.2
XP_033361057.1	XP_006562311.2	24.779	226	137	8	182	379	64	284	1.54e-12	62.0
XP_033361057.1	XP_006562310.2	24.779	226	137	8	182	379	64	284	1.54e-12	62.0
XP_033361058.1	XP_006562308.2	24.779	226	137	8	182	379	283	503	7.17e-13	63.2
XP_033361058.1	XP_006562311.2	24.779	226	137	8	182	379	64	284	1.54e-12	62.0
XP_033361058.1	XP_006562310.2	24.779	226	137	8	182	379	64	284	1.54e-12	62.0
XP_033361060.1	XP_006562308.2	25.664	226	135	8	141	338	283	503	6.06e-13	63.2
XP_033361060.1	XP_006562311.2	24.779	226	137	8	141	338	64	284	1.18e-12	62.0
XP_033361060.1	XP_006562310.2	24.779	226	137	8	141	338	64	284	1.18e-12	62.0
XP_033361061.1	XP_006562308.2	25.664	226	135	8	141	338	283	503	6.06e-13	63.2
XP_033361061.1	XP_006562311.2	24.779	226	137	8	141	338	64	284	1.18e-12	62.0
XP_033361061.1	XP_006562310.2	24.779	226	137	8	141	338	64	284	1.18e-12	62.0
XP_033361062.1	XP_006562308.2	24.779	226	137	8	182	379	283	503	7.65e-13	62.8
XP_033361062.1	XP_006562311.2	24.779	226	137	8	182	379	64	284	1.42e-12	62.0
XP_033361062.1	XP_006562310.2	24.779	226	137	8	182	379	64	284	1.42e-12	62.0
XP_033361063.1	XP_006562308.2	24.779	226	137	8	182	379	283	503	7.97e-13	62.8
XP_033361063.1	XP_006562311.2	24.779	226	137	8	182	379	64	284	1.49e-12	61.6
XP_033361063.1	XP_006562310.2	24.779	226	137	8	182	379	64	284	1.49e-12	61.6
XP_033361206.1	XP_016771029.2	30.435	69	25	2	275	320	1734	1802	0.011	28.1
XP_033361206.1	XP_016771028.2	30.435	69	25	2	275	320	1798	1866	0.011	28.1
XP_033361206.1	XP_006562308.2	30.435	69	25	2	275	320	2134	2202	0.012	28.1
XP_033361206.1	XP_006562311.2	30.435	69	25	2	275	320	1936	2004	0.012	28.1
XP_033361206.1	XP_006562310.2	30.435	69	25	2	275	320	1936	2004	0.012	28.1
XP_033361463.1	XP_016771021.1	34.130	460	274	12	54	498	41	486	8.18e-82	261
XP_033361463.1	XP_016771020.1	34.130	460	274	12	54	498	41	486	8.18e-82	261
XP_033361606.1	XP_016771029.2	38.710	31	14	1	44	74	552	577	0.036	23.9
XP_033361606.1	XP_016771028.2	38.710	31	14	1	44	74	616	641	0.038	23.5
XP_033361606.1	XP_006562308.2	38.710	31	14	1	44	74	952	977	0.046	23.5
XP_033361606.1	XP_006562311.2	38.710	31	14	1	44	74	754	779	0.048	23.5
XP_033361606.1	XP_006562310.2	38.710	31	14	1	44	74	754	779	0.048	23.5
XP_033361675.1	XP_006562308.2	30.556	36	25	0	60	95	2170	2205	0.041	24.3
XP_033361675.1	XP_006562311.2	30.556	36	25	0	60	95	1972	2007	0.044	23.9
XP_033361675.1	XP_006562310.2	30.556	36	25	0	60	95	1972	2007	0.044	23.9
XP_033361675.1	XP_016771029.2	30.556	36	25	0	60	95	1770	1805	0.049	23.9
XP_033361699.1	XP_006562308.2	20.513	78	60	2	188	265	48	123	0.043	26.6
XP_033361809.1	XP_006562308.2	30.435	69	42	2	105	167	1704	1772	0.001	30.4
XP_033361809.1	XP_006562311.2	30.435	69	42	2	105	167	1506	1574	0.001	30.0
XP_033361809.1	XP_006562310.2	30.435	69	42	2	105	167	1506	1574	0.001	30.0
XP_033361809.1	XP_016771028.2	30.435	69	42	2	105	167	1368	1436	0.004	28.1
XP_033361809.1	XP_016771029.2	30.435	69	42	2	105	167	1304	1372	0.005	28.1
XP_033361810.1	XP_006562308.2	30.435	69	42	2	105	167	1704	1772	0.001	30.4
XP_033361810.1	XP_006562311.2	30.435	69	42	2	105	167	1506	1574	0.001	30.0
XP_033361810.1	XP_006562310.2	30.435	69	42	2	105	167	1506	1574	0.001	30.0
XP_033361810.1	XP_016771028.2	30.435	69	42	2	105	167	1368	1436	0.004	28.1
XP_033361810.1	XP_016771029.2	30.435	69	42	2	105	167	1304	1372	0.005	28.1
XP_033362072.1	XP_006562311.2	31.818	22	15	0	42	63	1986	2007	0.046	23.1
XP_033362072.1	XP_006562310.2	31.818	22	15	0	42	63	1986	2007	0.046	23.1
XP_033362072.1	XP_006562308.2	31.818	22	15	0	42	63	2184	2205	0.048	23.1
XP_033362072.1	XP_016771029.2	31.818	22	15	0	42	63	1784	1805	0.050	23.1
XP_033362179.1	XP_006562308.2	31.034	29	20	0	44	72	952	980	0.040	23.5
XP_033362179.1	XP_006562311.2	31.034	29	20	0	44	72	754	782	0.041	23.5
XP_033362179.1	XP_006562310.2	31.034	29	20	0	44	72	754	782	0.041	23.5
XP_033362179.1	XP_016771028.2	31.034	29	20	0	44	72	616	644	0.043	23.5
XP_033362179.1	XP_016771029.2	38.710	31	14	1	44	74	552	577	0.045	23.5
XP_033362328.1	XP_006562308.2	28.704	108	54	5	1555	1639	1853	1960	0.006	31.6
XP_033362328.1	XP_006562311.2	28.704	108	54	5	1555	1639	1655	1762	0.009	31.2
XP_033362328.1	XP_006562310.2	28.704	108	54	5	1555	1639	1655	1762	0.009	31.2
XP_033362328.1	XP_016771028.2	28.704	108	54	5	1555	1639	1517	1624	0.014	30.4
XP_033362328.1	XP_016771029.2	28.704	108	54	5	1555	1639	1453	1560	0.018	30.0
XP_033362329.1	XP_006562308.2	28.704	108	54	5	1545	1629	1853	1960	0.006	31.6
XP_033362329.1	XP_006562311.2	28.704	108	54	5	1545	1629	1655	1762	0.008	31.2
XP_033362329.1	XP_006562310.2	28.704	108	54	5	1545	1629	1655	1762	0.008	31.2
XP_033362329.1	XP_016771028.2	28.704	108	54	5	1545	1629	1517	1624	0.014	30.4
XP_033362329.1	XP_016771029.2	28.704	108	54	5	1545	1629	1453	1560	0.016	30.4
XP_033362331.1	XP_006562308.2	28.704	108	54	5	1555	1639	1853	1960	0.007	31.6
XP_033362331.1	XP_006562311.2	28.704	108	54	5	1555	1639	1655	1762	0.008	31.2
XP_033362331.1	XP_006562310.2	28.704	108	54	5	1555	1639	1655	1762	0.008	31.2
XP_033362331.1	XP_016771028.2	28.704	108	54	5	1555	1639	1517	1624	0.014	30.4
XP_033362331.1	XP_016771029.2	28.704	108	54	5	1555	1639	1453	1560	0.017	30.0
XP_033362332.1	XP_006562308.2	28.704	108	54	5	1555	1639	1853	1960	0.008	31.2
XP_033362332.1	XP_006562311.2	28.704	108	54	5	1555	1639	1655	1762	0.010	31.2
XP_033362332.1	XP_006562310.2	28.704	108	54	5	1555	1639	1655	1762	0.010	31.2
XP_033362332.1	XP_016771028.2	28.704	108	54	5	1555	1639	1517	1624	0.016	30.4
XP_033362332.1	XP_016771029.2	28.704	108	54	5	1555	1639	1453	1560	0.019	30.0
XP_033362333.1	XP_006562308.2	28.704	108	54	5	1464	1548	1853	1960	0.006	31.6
XP_033362333.1	XP_006562311.2	28.704	108	54	5	1464	1548	1655	1762	0.008	31.2
XP_033362333.1	XP_006562310.2	28.704	108	54	5	1464	1548	1655	1762	0.008	31.2
XP_033362333.1	XP_016771028.2	28.704	108	54	5	1464	1548	1517	1624	0.013	30.4
XP_033362333.1	XP_016771029.2	28.704	108	54	5	1464	1548	1453	1560	0.016	30.4
XP_033362334.1	XP_006562308.2	28.704	108	54	5	1417	1501	1853	1960	0.005	32.0
XP_033362334.1	XP_006562311.2	28.704	108	54	5	1417	1501	1655	1762	0.007	31.6
XP_033362334.1	XP_006562310.2	28.704	108	54	5	1417	1501	1655	1762	0.007	31.6
XP_033362334.1	XP_016771028.2	28.704	108	54	5	1417	1501	1517	1624	0.011	30.8
XP_033362334.1	XP_016771029.2	28.704	108	54	5	1417	1501	1453	1560	0.013	30.4
XP_033362336.1	XP_006562308.2	28.704	108	54	5	1555	1639	1853	1960	0.008	31.2
XP_033362336.1	XP_006562311.2	28.704	108	54	5	1555	1639	1655	1762	0.010	30.8
XP_033362336.1	XP_006562310.2	28.704	108	54	5	1555	1639	1655	1762	0.010	30.8
XP_033362336.1	XP_016771028.2	28.704	108	54	5	1555	1639	1517	1624	0.018	30.0
XP_033362336.1	XP_016771029.2	28.704	108	54	5	1555	1639	1453	1560	0.020	29.6
XP_033362337.1	XP_006562308.2	28.704	108	54	5	1555	1639	1853	1960	0.008	31.2
XP_033362337.1	XP_006562311.2	28.704	108	54	5	1555	1639	1655	1762	0.009	30.8
XP_033362337.1	XP_006562310.2	28.704	108	54	5	1555	1639	1655	1762	0.009	30.8
XP_033362337.1	XP_016771028.2	28.704	108	54	5	1555	1639	1517	1624	0.017	30.0
XP_033362337.1	XP_016771029.2	28.704	108	54	5	1555	1639	1453	1560	0.020	29.6
XP_033362338.1	XP_006562308.2	28.704	108	54	5	1555	1639	1853	1960	0.007	31.2
XP_033362338.1	XP_006562311.2	28.704	108	54	5	1555	1639	1655	1762	0.009	30.8
XP_033362338.1	XP_006562310.2	28.704	108	54	5	1555	1639	1655	1762	0.009	30.8
XP_033362338.1	XP_016771028.2	28.704	108	54	5	1555	1639	1517	1624	0.017	30.0
XP_033362338.1	XP_016771029.2	28.704	108	54	5	1555	1639	1453	1560	0.021	29.6
XP_033362339.1	XP_006562308.2	28.704	108	54	5	1417	1501	1853	1960	0.005	32.0
XP_033362339.1	XP_006562311.2	28.704	108	54	5	1417	1501	1655	1762	0.007	31.6
XP_033362339.1	XP_006562310.2	28.704	108	54	5	1417	1501	1655	1762	0.007	31.6
XP_033362339.1	XP_016771028.2	28.704	108	54	5	1417	1501	1517	1624	0.011	30.8
XP_033362339.1	XP_016771029.2	28.704	108	54	5	1417	1501	1453	1560	0.013	30.4
XP_033362340.1	XP_006562308.2	28.704	108	54	5	1417	1501	1853	1960	0.005	32.0
XP_033362340.1	XP_006562311.2	28.704	108	54	5	1417	1501	1655	1762	0.007	31.6
XP_033362340.1	XP_006562310.2	28.704	108	54	5	1417	1501	1655	1762	0.007	31.6
XP_033362340.1	XP_016771028.2	28.704	108	54	5	1417	1501	1517	1624	0.011	30.8
XP_033362340.1	XP_016771029.2	28.704	108	54	5	1417	1501	1453	1560	0.013	30.4
XP_033362371.1	XP_016771029.2	41.935	31	13	1	96	126	552	577	0.012	26.2
XP_033362371.1	XP_016771028.2	41.935	31	13	1	96	126	616	641	0.013	26.2
XP_033362371.1	XP_006562311.2	41.935	31	13	1	96	126	754	779	0.013	26.2
XP_033362371.1	XP_006562310.2	41.935	31	13	1	96	126	754	779	0.013	26.2
XP_033362371.1	XP_006562308.2	41.935	31	13	1	96	126	952	977	0.013	26.2
XP_033362381.1	XP_016771029.2	38.710	31	14	1	96	126	552	577	0.050	24.3
XP_033362489.1	XP_006562308.2	20.614	228	142	8	317	525	282	489	1.77e-05	38.1
XP_033362489.1	XP_006562311.2	20.614	228	142	8	317	525	63	270	2.25e-05	37.7
XP_033362489.1	XP_006562310.2	20.614	228	142	8	317	525	63	270	2.25e-05	37.7
XP_033362490.1	XP_006562308.2	20.614	228	142	8	317	525	282	489	1.77e-05	38.1
XP_033362490.1	XP_006562311.2	20.614	228	142	8	317	525	63	270	2.25e-05	37.7
XP_033362490.1	XP_006562310.2	20.614	228	142	8	317	525	63	270	2.25e-05	37.7
XP_033362491.1	XP_006562308.2	20.614	228	142	8	317	525	282	489	1.79e-05	38.1
XP_033362491.1	XP_006562311.2	20.614	228	142	8	317	525	63	270	2.41e-05	37.7
XP_033362491.1	XP_006562310.2	20.614	228	142	8	317	525	63	270	2.41e-05	37.7
XP_033362492.1	XP_006562308.2	20.614	228	142	8	289	497	282	489	2.27e-05	37.7
XP_033362492.1	XP_006562311.2	20.614	228	142	8	289	497	63	270	3.31e-05	37.4
XP_033362492.1	XP_006562310.2	20.614	228	142	8	289	497	63	270	3.31e-05	37.4
XP_033362493.1	XP_006562308.2	20.614	228	142	8	184	392	282	489	2.36e-05	37.4
XP_033362493.1	XP_006562311.2	20.614	228	142	8	184	392	63	270	3.11e-05	37.0
XP_033362493.1	XP_006562310.2	20.614	228	142	8	184	392	63	270	3.11e-05	37.0
XP_033362494.1	XP_006562308.2	20.614	228	142	8	184	392	282	489	2.36e-05	37.4
XP_033362494.1	XP_006562311.2	20.614	228	142	8	184	392	63	270	3.11e-05	37.0
XP_033362494.1	XP_006562310.2	20.614	228	142	8	184	392	63	270	3.11e-05	37.0
XP_033362558.1	XP_006562308.2	33.962	53	28	2	30	82	1765	1810	0.029	26.2
XP_033362558.1	XP_016771028.2	33.962	53	28	2	30	82	1429	1474	0.032	26.2
XP_033362558.1	XP_006562311.2	33.962	53	28	2	30	82	1567	1612	0.032	26.2
XP_033362558.1	XP_006562310.2	33.962	53	28	2	30	82	1567	1612	0.032	26.2
XP_033362558.1	XP_016771029.2	33.962	53	28	2	30	82	1365	1410	0.035	26.2
XP_033362682.1	XP_016771029.2	34.483	29	19	0	254	282	1762	1790	0.024	27.3
XP_033362682.1	XP_016771028.2	34.483	29	19	0	254	282	1826	1854	0.024	27.3
XP_033362682.1	XP_006562308.2	34.483	29	19	0	254	282	2162	2190	0.025	27.3
XP_033362682.1	XP_006562311.2	34.483	29	19	0	254	282	1964	1992	0.027	26.9
XP_033362682.1	XP_006562310.2	34.483	29	19	0	254	282	1964	1992	0.027	26.9
XP_033362696.1	XP_016771029.2	34.483	29	19	0	254	282	1762	1790	0.037	27.3
XP_033362696.1	XP_006562308.2	34.483	29	19	0	254	282	2162	2190	0.037	27.3
XP_033362696.1	XP_016771028.2	34.483	29	19	0	254	282	1826	1854	0.037	27.3
XP_033362696.1	XP_006562311.2	34.483	29	19	0	254	282	1964	1992	0.043	26.9
XP_033362696.1	XP_006562310.2	34.483	29	19	0	254	282	1964	1992	0.043	26.9
XP_033362981.1	XP_006562308.2	31.034	29	20	0	43	71	952	980	0.040	23.5
XP_033362981.1	XP_006562311.2	31.034	29	20	0	43	71	754	782	0.043	23.5
XP_033362981.1	XP_006562310.2	31.034	29	20	0	43	71	754	782	0.043	23.5
XP_033362981.1	XP_016771029.2	38.710	31	14	1	43	73	552	577	0.044	23.5
XP_033362981.1	XP_016771028.2	38.710	31	14	1	43	73	616	641	0.047	23.5
XP_033362982.1	XP_016771029.2	38.710	31	14	1	96	126	552	577	0.045	24.3
XP_033362982.1	XP_016771028.2	38.710	31	14	1	96	126	616	641	0.049	24.3
XP_033362985.1	XP_016771029.2	38.710	31	14	1	65	95	552	577	0.041	23.9
XP_033362985.1	XP_016771028.2	38.710	31	14	1	65	95	616	641	0.044	23.9
XP_033362985.1	XP_006562308.2	38.710	31	14	1	65	95	952	977	0.049	23.9
XP_033362985.1	XP_006562311.2	38.710	31	14	1	65	95	754	779	0.049	23.9
XP_033362985.1	XP_006562310.2	38.710	31	14	1	65	95	754	779	0.049	23.9
XP_033363300.1	XP_006562308.2	23.881	67	47	2	16	82	1831	1893	0.049	22.7
XP_033363802.1	XP_016771029.2	22.321	112	74	2	961	1072	549	647	0.004	31.6
XP_033363802.1	XP_016771028.2	22.321	112	74	2	961	1072	613	711	0.004	31.6
XP_033363802.1	XP_006562311.2	22.321	112	74	2	961	1072	751	849	0.005	31.6
XP_033363802.1	XP_006562310.2	22.321	112	74	2	961	1072	751	849	0.005	31.6
XP_033363802.1	XP_006562308.2	22.321	112	74	2	961	1072	949	1047	0.006	31.2
XP_033363804.1	XP_016771029.2	22.321	112	74	2	961	1072	549	647	0.004	31.6
XP_033363804.1	XP_016771028.2	22.321	112	74	2	961	1072	613	711	0.004	31.6
XP_033363804.1	XP_006562311.2	22.321	112	74	2	961	1072	751	849	0.005	31.6
XP_033363804.1	XP_006562310.2	22.321	112	74	2	961	1072	751	849	0.005	31.6
XP_033363804.1	XP_006562308.2	22.321	112	74	2	961	1072	949	1047	0.006	31.2
XP_033363805.1	XP_016771029.2	22.321	112	74	2	961	1072	549	647	0.004	31.6
XP_033363805.1	XP_016771028.2	22.321	112	74	2	961	1072	613	711	0.004	31.6
XP_033363805.1	XP_006562311.2	22.321	112	74	2	961	1072	751	849	0.005	31.6
XP_033363805.1	XP_006562310.2	22.321	112	74	2	961	1072	751	849	0.005	31.6
XP_033363805.1	XP_006562308.2	22.321	112	74	2	961	1072	949	1047	0.006	31.2
XP_033363806.1	XP_016771029.2	22.321	112	74	2	857	968	549	647	0.004	31.6
XP_033363806.1	XP_016771028.2	22.321	112	74	2	857	968	613	711	0.004	31.6
XP_033363806.1	XP_006562311.2	22.321	112	74	2	857	968	751	849	0.004	31.6
XP_033363806.1	XP_006562310.2	22.321	112	74	2	857	968	751	849	0.004	31.6
XP_033363806.1	XP_006562308.2	22.321	112	74	2	857	968	949	1047	0.005	31.2
XP_033363807.1	XP_006562311.2	22.321	112	74	2	961	1072	751	849	0.004	31.6
XP_033363807.1	XP_006562310.2	22.321	112	74	2	961	1072	751	849	0.004	31.6
XP_033363807.1	XP_016771028.2	22.321	112	74	2	961	1072	613	711	0.004	31.6
XP_033363807.1	XP_016771029.2	22.321	112	74	2	961	1072	549	647	0.004	31.6
XP_033363807.1	XP_006562308.2	22.321	112	74	2	961	1072	949	1047	0.004	31.6
XP_033363808.1	XP_006562311.2	22.321	112	74	2	961	1072	751	849	0.004	31.6
XP_033363808.1	XP_006562310.2	22.321	112	74	2	961	1072	751	849	0.004	31.6
XP_033363808.1	XP_016771028.2	22.321	112	74	2	961	1072	613	711	0.004	31.6
XP_033363808.1	XP_006562308.2	22.321	112	74	2	961	1072	949	1047	0.004	31.6
XP_033363808.1	XP_016771029.2	22.321	112	74	2	961	1072	549	647	0.004	31.6
XP_033363860.1	XP_006562308.2	35.484	62	37	2	888	946	268	329	0.003	32.0
XP_033363860.1	XP_006562311.2	35.484	62	37	2	888	946	49	110	0.003	32.0
XP_033363860.1	XP_006562310.2	35.484	62	37	2	888	946	49	110	0.003	32.0
XP_033364152.1	XP_016771029.2	50.000	36	14	2	298	333	99	130	5.33e-04	32.3
XP_033364152.1	XP_006562311.2	50.000	36	14	2	298	333	301	332	5.84e-04	32.3
XP_033364152.1	XP_006562310.2	50.000	36	14	2	298	333	301	332	5.84e-04	32.3
XP_033364152.1	XP_006562308.2	50.000	36	14	2	298	333	520	551	5.91e-04	32.3
XP_033364263.1	XP_006562308.2	32.812	64	40	2	918	980	1251	1312	0.047	28.5
XP_033364263.1	XP_006562311.2	32.812	64	40	2	918	980	1053	1114	0.048	28.5
XP_033364263.1	XP_006562310.2	32.812	64	40	2	918	980	1053	1114	0.048	28.5
XP_033364359.1	XP_006562308.2	27.234	235	136	8	153	359	276	503	1.20e-18	81.6
XP_033364359.1	XP_006562311.2	27.234	235	136	8	153	359	57	284	1.56e-18	81.3
XP_033364359.1	XP_006562310.2	27.234	235	136	8	153	359	57	284	1.56e-18	81.3
XP_033364360.1	XP_006562308.2	27.234	235	136	8	146	352	276	503	1.52e-18	81.3
XP_033364360.1	XP_006562311.2	27.234	235	136	8	146	352	57	284	2.23e-18	80.5
XP_033364360.1	XP_006562310.2	27.234	235	136	8	146	352	57	284	2.23e-18	80.5
XP_033364413.1	XP_016771028.2	21.939	196	118	6	577	749	1430	1613	0.010	29.6
XP_033364413.1	XP_016771029.2	21.939	196	118	6	577	749	1366	1549	0.010	29.6
XP_033364413.1	XP_006562311.2	21.939	196	118	6	577	749	1568	1751	0.011	29.6
XP_033364413.1	XP_006562310.2	21.939	196	118	6	577	749	1568	1751	0.011	29.6
XP_033364413.1	XP_006562308.2	21.939	196	118	6	577	749	1766	1949	0.012	29.6
XP_033364451.1	XP_016771021.1	30.137	73	44	3	93	163	507	574	0.048	26.2
XP_033364451.1	XP_016771020.1	30.137	73	44	3	93	163	507	574	0.048	26.2
XP_033364458.1	XP_006562308.2	23.121	173	107	7	534	687	347	512	1.52e-07	45.4
XP_033364458.1	XP_006562311.2	23.121	173	107	7	534	687	128	293	1.80e-07	45.1
XP_033364458.1	XP_006562310.2	23.121	173	107	7	534	687	128	293	1.80e-07	45.1
XP_033364459.1	XP_006562308.2	23.121	173	107	7	534	687	347	512	1.52e-07	45.4
XP_033364459.1	XP_006562311.2	23.121	173	107	7	534	687	128	293	1.80e-07	45.1
XP_033364459.1	XP_006562310.2	23.121	173	107	7	534	687	128	293	1.80e-07	45.1
XP_033364522.1	XP_006562311.2	28.571	77	49	3	471	542	1177	1252	0.007	29.6
XP_033364522.1	XP_006562310.2	28.571	77	49	3	471	542	1177	1252	0.007	29.6
XP_033364522.1	XP_016771028.2	28.571	77	49	3	471	542	1039	1114	0.007	29.6
XP_033364522.1	XP_006562308.2	28.571	77	49	3	471	542	1375	1450	0.007	29.6
XP_033364522.1	XP_016771029.2	28.571	77	49	3	471	542	975	1050	0.008	29.3
XP_033364523.1	XP_006562311.2	28.571	77	49	3	428	499	1177	1252	0.008	29.3
XP_033364523.1	XP_006562310.2	28.571	77	49	3	428	499	1177	1252	0.008	29.3
XP_033364523.1	XP_016771028.2	28.571	77	49	3	428	499	1039	1114	0.008	29.3
XP_033364523.1	XP_006562308.2	28.571	77	49	3	428	499	1375	1450	0.008	29.3
XP_033364523.1	XP_016771029.2	28.571	77	49	3	428	499	975	1050	0.009	29.3
XP_033364524.1	XP_006562311.2	28.571	77	49	3	360	431	1177	1252	0.010	28.9
XP_033364524.1	XP_006562310.2	28.571	77	49	3	360	431	1177	1252	0.010	28.9
XP_033364524.1	XP_006562308.2	26.316	76	52	2	360	431	1375	1450	0.011	28.5
XP_033364524.1	XP_016771028.2	26.316	76	52	2	360	431	1039	1114	0.012	28.5
XP_033364524.1	XP_016771029.2	26.316	76	52	2	360	431	975	1050	0.013	28.5
XP_033364525.1	XP_006562311.2	28.571	77	49	3	360	431	1177	1252	0.010	28.9
XP_033364525.1	XP_006562310.2	28.571	77	49	3	360	431	1177	1252	0.010	28.9
XP_033364525.1	XP_006562308.2	26.316	76	52	2	360	431	1375	1450	0.011	28.5
XP_033364525.1	XP_016771028.2	26.316	76	52	2	360	431	1039	1114	0.012	28.5
XP_033364525.1	XP_016771029.2	26.316	76	52	2	360	431	975	1050	0.013	28.5
XP_033364526.1	XP_006562311.2	28.571	77	49	3	360	431	1177	1252	0.010	28.9
XP_033364526.1	XP_006562310.2	28.571	77	49	3	360	431	1177	1252	0.010	28.9
XP_033364526.1	XP_006562308.2	26.316	76	52	2	360	431	1375	1450	0.011	28.5
XP_033364526.1	XP_016771028.2	26.316	76	52	2	360	431	1039	1114	0.012	28.5
XP_033364526.1	XP_016771029.2	26.316	76	52	2	360	431	975	1050	0.013	28.5
XP_033364527.1	XP_006562311.2	28.571	77	49	3	360	431	1177	1252	0.010	28.9
XP_033364527.1	XP_006562310.2	28.571	77	49	3	360	431	1177	1252	0.010	28.9
XP_033364527.1	XP_006562308.2	26.316	76	52	2	360	431	1375	1450	0.011	28.5
XP_033364527.1	XP_016771028.2	26.316	76	52	2	360	431	1039	1114	0.012	28.5
XP_033364527.1	XP_016771029.2	26.316	76	52	2	360	431	975	1050	0.013	28.5
XP_033364528.1	XP_006562311.2	28.571	77	49	3	360	431	1177	1252	0.010	28.9
XP_033364528.1	XP_006562310.2	28.571	77	49	3	360	431	1177	1252	0.010	28.9
XP_033364528.1	XP_006562308.2	26.316	76	52	2	360	431	1375	1450	0.011	28.5
XP_033364528.1	XP_016771028.2	26.316	76	52	2	360	431	1039	1114	0.012	28.5
XP_033364528.1	XP_016771029.2	26.316	76	52	2	360	431	975	1050	0.013	28.5
XP_033364564.1	XP_016771028.2	28.571	49	35	0	730	778	1668	1716	0.007	31.2
XP_033364564.1	XP_016771029.2	28.571	49	35	0	730	778	1604	1652	0.008	30.8
XP_033364564.1	XP_006562308.2	28.571	49	35	0	730	778	2004	2052	0.011	30.4
XP_033364564.1	XP_006562311.2	28.571	49	35	0	730	778	1806	1854	0.011	30.4
XP_033364564.1	XP_006562310.2	28.571	49	35	0	730	778	1806	1854	0.011	30.4
XP_033364574.1	XP_016771028.2	28.571	49	35	0	724	772	1668	1716	0.007	31.2
XP_033364574.1	XP_016771029.2	28.571	49	35	0	724	772	1604	1652	0.008	30.8
XP_033364574.1	XP_006562308.2	28.571	49	35	0	724	772	2004	2052	0.011	30.4
XP_033364574.1	XP_006562311.2	28.571	49	35	0	724	772	1806	1854	0.011	30.4
XP_033364574.1	XP_006562310.2	28.571	49	35	0	724	772	1806	1854	0.011	30.4
XP_033364583.1	XP_016771028.2	28.571	49	35	0	675	723	1668	1716	0.007	30.8
XP_033364583.1	XP_016771029.2	28.571	49	35	0	675	723	1604	1652	0.008	30.8
XP_033364583.1	XP_006562308.2	28.571	49	35	0	675	723	2004	2052	0.010	30.4
XP_033364583.1	XP_006562311.2	28.571	49	35	0	675	723	1806	1854	0.011	30.4
XP_033364583.1	XP_006562310.2	28.571	49	35	0	675	723	1806	1854	0.011	30.4
XP_033364588.1	XP_016771028.2	28.571	49	35	0	675	723	1668	1716	0.007	30.8
XP_033364588.1	XP_016771029.2	28.571	49	35	0	675	723	1604	1652	0.008	30.8
XP_033364588.1	XP_006562308.2	28.571	49	35	0	675	723	2004	2052	0.010	30.4
XP_033364588.1	XP_006562311.2	28.571	49	35	0	675	723	1806	1854	0.011	30.4
XP_033364588.1	XP_006562310.2	28.571	49	35	0	675	723	1806	1854	0.011	30.4
XP_033364592.1	XP_016771028.2	28.571	49	35	0	675	723	1668	1716	0.007	30.8
XP_033364592.1	XP_016771029.2	28.571	49	35	0	675	723	1604	1652	0.008	30.8
XP_033364592.1	XP_006562308.2	28.571	49	35	0	675	723	2004	2052	0.010	30.4
XP_033364592.1	XP_006562311.2	28.571	49	35	0	675	723	1806	1854	0.011	30.4
XP_033364592.1	XP_006562310.2	28.571	49	35	0	675	723	1806	1854	0.011	30.4
XP_033364599.1	XP_016771028.2	28.571	49	35	0	675	723	1668	1716	0.007	30.8
XP_033364599.1	XP_016771029.2	28.571	49	35	0	675	723	1604	1652	0.008	30.8
XP_033364599.1	XP_006562308.2	28.571	49	35	0	675	723	2004	2052	0.010	30.4
XP_033364599.1	XP_006562311.2	28.571	49	35	0	675	723	1806	1854	0.011	30.4
XP_033364599.1	XP_006562310.2	28.571	49	35	0	675	723	1806	1854	0.011	30.4
XP_033364604.1	XP_016771028.2	28.571	49	35	0	730	778	1668	1716	0.007	30.8
XP_033364604.1	XP_016771029.2	28.571	49	35	0	730	778	1604	1652	0.008	30.8
XP_033364604.1	XP_006562311.2	28.571	49	35	0	730	778	1806	1854	0.010	30.4
XP_033364604.1	XP_006562310.2	28.571	49	35	0	730	778	1806	1854	0.010	30.4
XP_033364604.1	XP_006562308.2	28.571	49	35	0	730	778	2004	2052	0.010	30.4
XP_033364657.1	XP_016771028.2	38.000	50	26	1	160	209	1306	1350	0.028	27.7
XP_033364657.1	XP_016771029.2	38.000	50	26	1	160	209	1242	1286	0.028	27.7
XP_033364657.1	XP_006562311.2	38.000	50	26	1	160	209	1444	1488	0.033	27.3
XP_033364657.1	XP_006562310.2	38.000	50	26	1	160	209	1444	1488	0.033	27.3
XP_033364657.1	XP_006562308.2	38.000	50	26	1	160	209	1642	1686	0.036	27.3
XP_033364852.1	XP_006562308.2	28.333	60	40	1	198	257	249	305	0.039	26.2
XP_033364852.1	XP_006562311.2	28.333	60	40	1	198	257	30	86	0.045	26.2
XP_033364852.1	XP_006562310.2	28.333	60	40	1	198	257	30	86	0.045	26.2
XP_033364853.1	XP_006562308.2	28.333	60	40	1	185	244	249	305	0.034	26.2
XP_033364853.1	XP_006562311.2	28.333	60	40	1	185	244	30	86	0.037	26.2
XP_033364853.1	XP_006562310.2	28.333	60	40	1	185	244	30	86	0.037	26.2
XP_033364854.1	XP_006562308.2	28.333	60	40	1	185	244	249	305	0.034	26.2
XP_033364854.1	XP_006562311.2	28.333	60	40	1	185	244	30	86	0.037	26.2
XP_033364854.1	XP_006562310.2	28.333	60	40	1	185	244	30	86	0.037	26.2
XP_033364856.1	XP_006562308.2	28.333	60	40	1	143	202	249	305	0.018	26.9
XP_033364856.1	XP_006562311.2	28.333	60	40	1	143	202	30	86	0.020	26.9
XP_033364856.1	XP_006562310.2	28.333	60	40	1	143	202	30	86	0.020	26.9
XP_033364857.1	XP_006562308.2	28.333	60	40	1	143	202	249	305	0.018	26.9
XP_033364857.1	XP_006562311.2	28.333	60	40	1	143	202	30	86	0.020	26.9
XP_033364857.1	XP_006562310.2	28.333	60	40	1	143	202	30	86	0.020	26.9
XP_033364858.1	XP_006562308.2	26.984	63	43	1	198	260	249	308	0.021	26.9
XP_033364858.1	XP_006562311.2	27.869	61	41	1	198	258	30	87	0.021	26.9
XP_033364858.1	XP_006562310.2	27.869	61	41	1	198	258	30	87	0.021	26.9
XP_033364859.1	XP_006562308.2	26.984	63	43	1	198	260	249	308	0.021	26.6
XP_033364859.1	XP_006562311.2	26.984	63	43	1	198	260	30	89	0.024	26.6
XP_033364859.1	XP_006562310.2	26.984	63	43	1	198	260	30	89	0.024	26.6
XP_033364860.1	XP_006562311.2	27.869	61	41	1	198	258	30	87	0.018	26.9
XP_033364860.1	XP_006562310.2	27.869	61	41	1	198	258	30	87	0.018	26.9
XP_033364860.1	XP_006562308.2	27.869	61	41	1	198	258	249	306	0.018	26.9
XP_033364861.1	XP_006562308.2	27.869	61	41	1	198	258	249	306	0.022	26.6
XP_033364861.1	XP_006562311.2	27.869	61	41	1	198	258	30	87	0.022	26.6
XP_033364861.1	XP_006562310.2	27.869	61	41	1	198	258	30	87	0.022	26.6
XP_033364862.1	XP_006562308.2	27.869	61	41	1	198	258	249	306	0.021	26.6
XP_033364862.1	XP_006562311.2	27.869	61	41	1	198	258	30	87	0.022	26.6
XP_033364862.1	XP_006562310.2	27.869	61	41	1	198	258	30	87	0.022	26.6
XP_033364998.1	XP_006562308.2	27.848	79	53	3	19	96	1886	1961	6.46e-04	30.8
XP_033364998.1	XP_006562311.2	27.848	79	53	3	19	96	1688	1763	0.001	30.4
XP_033364998.1	XP_006562310.2	27.848	79	53	3	19	96	1688	1763	0.001	30.4
XP_033364999.1	XP_006562308.2	27.848	79	53	3	19	96	1886	1961	6.46e-04	30.8
XP_033364999.1	XP_006562311.2	27.848	79	53	3	19	96	1688	1763	0.001	30.4
XP_033364999.1	XP_006562310.2	27.848	79	53	3	19	96	1688	1763	0.001	30.4
XP_033365041.1	XP_016771021.1	25.000	104	69	2	450	548	444	543	0.027	29.3
XP_033365041.1	XP_016771020.1	25.000	104	69	2	450	548	444	543	0.027	29.3
XP_033365043.1	XP_016771021.1	25.000	104	69	2	450	548	444	543	0.024	29.6
XP_033365043.1	XP_016771020.1	25.000	104	69	2	450	548	444	543	0.024	29.6
XP_033365326.1	XP_016771028.2	25.000	64	47	1	76	138	76	139	0.042	26.6
XP_033365327.1	XP_016771028.2	25.000	64	47	1	76	138	76	139	0.042	26.6
XP_033365328.1	XP_016771028.2	25.000	64	47	1	76	138	76	139	0.042	26.6
XP_033365329.1	XP_016771028.2	25.000	64	47	1	76	138	76	139	0.042	26.6
XP_033365331.1	XP_016771028.2	25.000	64	47	1	76	138	76	139	0.009	26.6
XP_033365338.1	XP_016771028.2	35.000	80	40	4	1338	1415	1842	1911	0.035	28.9
XP_033365338.1	XP_016771029.2	35.000	80	40	4	1338	1415	1778	1847	0.043	28.5
XP_033365339.1	XP_016771028.2	35.000	80	40	4	1323	1400	1842	1911	0.032	28.9
XP_033365339.1	XP_016771029.2	35.000	80	40	4	1323	1400	1778	1847	0.045	28.5
XP_033365340.1	XP_016771028.2	35.000	80	40	4	1313	1390	1842	1911	0.033	28.9
XP_033365340.1	XP_016771029.2	35.000	80	40	4	1313	1390	1778	1847	0.041	28.5
XP_033365341.1	XP_016771028.2	35.000	80	40	4	1283	1360	1842	1911	0.031	28.9
XP_033365341.1	XP_016771029.2	35.000	80	40	4	1283	1360	1778	1847	0.041	28.5
XP_033365342.1	XP_016771028.2	35.000	80	40	4	1283	1360	1842	1911	0.031	28.9
XP_033365342.1	XP_016771029.2	35.000	80	40	4	1283	1360	1778	1847	0.041	28.5
XP_033365343.1	XP_016771028.2	35.000	80	40	4	1054	1131	1842	1911	0.032	28.9
XP_033365343.1	XP_016771029.2	35.000	80	40	4	1054	1131	1778	1847	0.044	28.1
XP_033365402.1	XP_016771021.1	26.087	69	48	2	150	216	372	439	0.035	28.1
XP_033365402.1	XP_016771020.1	26.087	69	48	2	150	216	372	439	0.035	28.1
XP_033365403.1	XP_016771021.1	26.087	69	48	2	150	216	372	439	0.035	28.1
XP_033365403.1	XP_016771020.1	26.087	69	48	2	150	216	372	439	0.035	28.1
XP_033365404.1	XP_016771021.1	26.087	69	48	2	136	202	372	439	0.034	28.1
XP_033365404.1	XP_016771020.1	26.087	69	48	2	136	202	372	439	0.034	28.1
XP_033365405.1	XP_016771021.1	26.087	69	48	2	126	192	372	439	0.034	28.1
XP_033365405.1	XP_016771020.1	26.087	69	48	2	126	192	372	439	0.034	28.1
XP_033365406.1	XP_016771021.1	26.087	69	48	2	150	216	372	439	0.031	28.1
XP_033365406.1	XP_016771020.1	26.087	69	48	2	150	216	372	439	0.031	28.1
XP_033365407.1	XP_016771021.1	26.087	69	48	2	150	216	372	439	0.024	28.1
XP_033365407.1	XP_016771020.1	26.087	69	48	2	150	216	372	439	0.024	28.1
XP_033365634.1	XP_006562311.2	41.463	41	23	1	769	808	52	92	0.003	31.6
XP_033365634.1	XP_006562310.2	41.463	41	23	1	769	808	52	92	0.003	31.6
XP_033365634.1	XP_006562308.2	41.463	41	23	1	769	808	271	311	0.003	31.6
XP_033365643.1	XP_006562311.2	41.463	41	23	1	769	808	52	92	0.003	31.6
XP_033365643.1	XP_006562310.2	41.463	41	23	1	769	808	52	92	0.003	31.6
XP_033365643.1	XP_006562308.2	41.463	41	23	1	769	808	271	311	0.003	31.6
XP_033365652.1	XP_006562311.2	41.463	41	23	1	769	808	52	92	0.003	31.6
XP_033365652.1	XP_006562310.2	41.463	41	23	1	769	808	52	92	0.003	31.6
XP_033365652.1	XP_006562308.2	41.463	41	23	1	769	808	271	311	0.003	31.6
XP_033365661.1	XP_006562311.2	41.463	41	23	1	753	792	52	92	0.003	31.6
XP_033365661.1	XP_006562310.2	41.463	41	23	1	753	792	52	92	0.003	31.6
XP_033365661.1	XP_006562308.2	41.463	41	23	1	753	792	271	311	0.003	31.6
XP_033366049.1	XP_016771029.2	36.667	30	19	0	72	101	1496	1525	0.041	25.8
XP_033366049.1	XP_016771028.2	36.667	30	19	0	72	101	1560	1589	0.042	25.8
XP_033366049.1	XP_006562311.2	36.667	30	19	0	72	101	1698	1727	0.047	25.4
XP_033366049.1	XP_006562310.2	36.667	30	19	0	72	101	1698	1727	0.047	25.4
XP_033366049.1	XP_006562308.2	36.667	30	19	0	72	101	1896	1925	0.049	25.4
XP_033366050.1	XP_016771029.2	36.667	30	19	0	72	101	1496	1525	0.041	25.8
XP_033366050.1	XP_016771028.2	36.667	30	19	0	72	101	1560	1589	0.042	25.8
XP_033366050.1	XP_006562311.2	36.667	30	19	0	72	101	1698	1727	0.047	25.4
XP_033366050.1	XP_006562310.2	36.667	30	19	0	72	101	1698	1727	0.047	25.4
XP_033366050.1	XP_006562308.2	36.667	30	19	0	72	101	1896	1925	0.049	25.4
XP_033366103.1	XP_006562308.2	25.000	96	63	2	78	165	637	731	0.027	25.4
XP_033366133.1	XP_006562308.2	34.286	35	23	0	185	219	463	497	0.004	30.4
XP_033366133.1	XP_006562311.2	34.286	35	23	0	185	219	244	278	0.005	30.4
XP_033366133.1	XP_006562310.2	34.286	35	23	0	185	219	244	278	0.005	30.4
XP_033366196.1	XP_016771028.2	22.699	163	86	4	1049	1211	1334	1456	0.050	28.5
XP_033366197.1	XP_016771028.2	22.840	162	86	4	1049	1210	1334	1456	0.039	28.9
XP_033366197.1	XP_016771029.2	22.840	162	86	4	1049	1210	1270	1392	0.042	28.9
XP_033366198.1	XP_016771028.2	22.699	163	86	4	1043	1205	1334	1456	0.044	28.5
XP_033366198.1	XP_016771029.2	22.699	163	86	4	1043	1205	1270	1392	0.049	28.5
XP_033366199.1	XP_016771028.2	22.699	163	86	4	1049	1211	1334	1456	0.042	28.5
XP_033366199.1	XP_016771029.2	30.000	60	42	0	1049	1108	1270	1329	0.049	28.5
XP_033366269.1	XP_006562308.2	25.000	80	55	1	220	299	1810	1884	0.049	26.6
XP_033366269.1	XP_016771028.2	25.000	84	50	3	220	299	1474	1548	0.050	26.6
XP_033366575.1	XP_006562311.2	27.778	54	37	1	75	126	35	88	0.042	25.8
XP_033366575.1	XP_006562310.2	27.778	54	37	1	75	126	35	88	0.042	25.8
XP_033366575.1	XP_006562308.2	27.778	54	37	1	75	126	254	307	0.045	25.8
XP_033366894.1	XP_016771021.1	38.000	50	23	3	11	52	144	193	0.029	25.8
XP_033366894.1	XP_016771020.1	38.000	50	23	3	11	52	144	193	0.029	25.8
