XP_003392947.1	XP_016771021.1	23.256	86	56	2	120	205	400	475	0.010	28.5
XP_003392947.1	XP_016771020.1	23.256	86	56	2	120	205	400	475	0.010	28.5
XP_003393550.1	XP_006562308.2	31.884	69	41	2	105	167	1704	1772	5.09e-04	31.2
XP_003393550.1	XP_006562311.2	31.884	69	41	2	105	167	1506	1574	6.06e-04	30.8
XP_003393550.1	XP_006562310.2	31.884	69	41	2	105	167	1506	1574	6.06e-04	30.8
XP_003393550.1	XP_016771029.2	31.884	69	41	2	105	167	1304	1372	0.001	30.0
XP_003393550.1	XP_016771028.2	31.884	69	41	2	105	167	1368	1436	0.003	28.5
XP_003393634.1	XP_006562308.2	28.571	63	44	1	15	76	479	541	0.003	28.5
XP_003393634.1	XP_006562311.2	28.571	63	44	1	15	76	260	322	0.003	28.5
XP_003393634.1	XP_006562310.2	28.571	63	44	1	15	76	260	322	0.003	28.5
XP_003393635.1	XP_006562308.2	28.571	63	44	1	15	76	479	541	0.003	28.5
XP_003393635.1	XP_006562311.2	28.571	63	44	1	15	76	260	322	0.003	28.5
XP_003393635.1	XP_006562310.2	28.571	63	44	1	15	76	260	322	0.003	28.5
XP_003393640.1	XP_016771029.2	33.333	42	28	0	102	143	1523	1564	0.010	28.5
XP_003393640.1	XP_016771028.2	33.333	42	28	0	102	143	1587	1628	0.010	28.5
XP_003393640.1	XP_006562311.2	33.333	42	28	0	102	143	1725	1766	0.014	28.1
XP_003393640.1	XP_006562310.2	33.333	42	28	0	102	143	1725	1766	0.014	28.1
XP_003393640.1	XP_006562308.2	33.333	42	28	0	102	143	1923	1964	0.015	27.7
XP_003393685.1	XP_006562308.2	21.591	264	146	12	234	475	271	495	0.019	28.1
XP_003393685.1	XP_006562311.2	21.591	264	146	12	234	475	52	276	0.023	27.7
XP_003393685.1	XP_006562310.2	21.591	264	146	12	234	475	52	276	0.023	27.7
XP_003393777.1	XP_016771028.2	29.487	78	50	3	661	735	130	205	0.024	28.5
XP_003393935.1	XP_006562308.2	33.333	21	14	0	55	75	59	79	0.043	22.7
XP_003394009.1	XP_006562308.2	31.148	61	35	2	47	100	1636	1696	0.005	28.9
XP_003394009.1	XP_006562311.2	31.148	61	35	2	47	100	1438	1498	0.005	28.9
XP_003394009.1	XP_006562310.2	31.148	61	35	2	47	100	1438	1498	0.005	28.9
XP_003394009.1	XP_016771028.2	31.148	61	35	2	47	100	1300	1360	0.007	28.5
XP_003394009.1	XP_016771029.2	31.148	61	35	2	47	100	1236	1296	0.007	28.1
XP_003394081.1	XP_006562308.2	29.851	67	33	2	404	470	1924	1976	0.012	29.6
XP_003394081.1	XP_016771028.2	29.851	67	33	2	404	470	1588	1640	0.012	29.3
XP_003394081.1	XP_016771029.2	29.851	67	33	2	404	470	1524	1576	0.013	29.3
XP_003394081.1	XP_006562311.2	29.851	67	33	2	404	470	1726	1778	0.013	29.3
XP_003394081.1	XP_006562310.2	29.851	67	33	2	404	470	1726	1778	0.013	29.3
XP_003394234.1	XP_006562311.2	25.559	313	171	11	487	767	64	346	1.18e-18	82.4
XP_003394234.1	XP_006562310.2	25.559	313	171	11	487	767	64	346	1.18e-18	82.4
XP_003394234.1	XP_006562308.2	25.559	313	171	11	487	767	283	565	1.21e-18	82.4
XP_003394321.1	XP_006562308.2	29.944	177	101	6	603	760	331	503	1.58e-15	72.0
XP_003394321.1	XP_006562311.2	29.944	177	101	6	603	760	112	284	2.05e-15	71.6
XP_003394321.1	XP_006562310.2	29.944	177	101	6	603	760	112	284	2.05e-15	71.6
XP_003394322.1	XP_006562308.2	29.944	177	101	6	609	766	331	503	1.58e-15	72.0
XP_003394322.1	XP_006562311.2	29.944	177	101	6	609	766	112	284	2.12e-15	71.6
XP_003394322.1	XP_006562310.2	29.944	177	101	6	609	766	112	284	2.12e-15	71.6
XP_003394523.1	XP_006562308.2	29.670	273	142	13	658	897	272	527	4.79e-20	87.4
XP_003394523.1	XP_006562311.2	29.670	273	142	13	658	897	53	308	5.61e-20	87.0
XP_003394523.1	XP_006562310.2	29.670	273	142	13	658	897	53	308	5.61e-20	87.0
XP_003394625.1	XP_016771029.2	30.435	69	25	2	275	320	1734	1802	0.011	28.1
XP_003394625.1	XP_016771028.2	30.435	69	25	2	275	320	1798	1866	0.011	28.1
XP_003394625.1	XP_006562308.2	30.435	69	25	2	275	320	2134	2202	0.012	28.1
XP_003394625.1	XP_006562311.2	30.435	69	25	2	275	320	1936	2004	0.012	28.1
XP_003394625.1	XP_006562310.2	30.435	69	25	2	275	320	1936	2004	0.012	28.1
XP_003394749.1	XP_016771021.1	26.389	72	47	1	365	430	459	530	0.024	28.1
XP_003394749.1	XP_016771020.1	26.389	72	47	1	365	430	459	530	0.024	28.1
XP_003395024.1	XP_016771021.1	26.429	280	177	11	52	311	221	491	1.91e-15	67.8
XP_003395024.1	XP_016771020.1	26.429	280	177	11	52	311	221	491	1.91e-15	67.8
XP_003395059.1	XP_006562311.2	45.161	31	16	1	133	162	182	212	0.014	26.9
XP_003395059.1	XP_006562310.2	45.161	31	16	1	133	162	182	212	0.014	26.9
XP_003395059.1	XP_006562308.2	45.161	31	16	1	133	162	401	431	0.016	26.9
XP_003395430.1	XP_006562311.2	32.883	222	126	6	97	296	64	284	4.42e-30	112
XP_003395430.1	XP_006562310.2	32.883	222	126	6	97	296	64	284	4.42e-30	112
XP_003395430.1	XP_006562308.2	32.883	222	126	6	97	296	283	503	5.25e-30	112
XP_003395443.1	XP_006562311.2	24.779	113	62	4	6	100	444	551	0.008	26.9
XP_003395443.1	XP_006562310.2	24.779	113	62	4	6	100	444	551	0.008	26.9
XP_003395443.1	XP_016771029.2	24.779	113	62	4	6	100	242	349	0.010	26.6
XP_003395443.1	XP_016771028.2	24.779	113	62	4	6	100	306	413	0.010	26.2
XP_003395443.1	XP_006562308.2	24.528	106	59	3	11	100	649	749	0.014	25.8
XP_003395514.1	NP_001011611.2	37.037	27	14	1	286	312	24	47	0.031	23.9
XP_003395765.1	XP_006562311.2	29.907	107	50	3	524	605	367	473	0.003	32.0
XP_003395765.1	XP_006562310.2	29.907	107	50	3	524	605	367	473	0.003	32.0
XP_003395765.1	XP_016771029.2	31.646	79	34	2	524	582	165	243	0.004	31.2
XP_003395765.1	XP_016771028.2	31.646	79	34	2	524	582	229	307	0.005	31.2
XP_003395925.1	XP_006562311.2	31.081	74	38	3	10	74	669	738	0.028	27.3
XP_003395925.1	XP_006562310.2	31.081	74	38	3	10	74	669	738	0.028	27.3
XP_003395925.1	XP_006562308.2	31.081	74	38	3	10	74	867	936	0.033	26.9
XP_003395925.1	XP_016771028.2	32.432	74	37	4	10	74	531	600	0.036	26.9
XP_003395925.1	XP_016771029.2	32.432	74	37	4	10	74	467	536	0.037	26.9
XP_003396284.1	XP_016771021.1	30.233	129	77	3	805	921	8	135	3.22e-10	54.7
XP_003396284.1	XP_016771021.1	25.641	78	52	2	649	724	68	141	0.014	29.6
XP_003396284.1	XP_016771020.1	30.233	129	77	3	805	921	8	135	3.22e-10	54.7
XP_003396284.1	XP_016771020.1	25.641	78	52	2	649	724	68	141	0.014	29.6
XP_003396287.1	XP_016771028.2	23.973	146	93	6	35	174	1461	1594	0.015	28.1
XP_003396287.1	XP_016771029.2	23.973	146	93	6	35	174	1397	1530	0.017	28.1
XP_003396287.1	XP_006562311.2	23.973	146	93	6	35	174	1599	1732	0.023	27.7
XP_003396287.1	XP_006562310.2	23.973	146	93	6	35	174	1599	1732	0.023	27.7
XP_003396287.1	XP_006562308.2	23.973	146	93	6	35	174	1797	1930	0.029	27.3
XP_003396339.1	XP_006562311.2	25.556	270	168	8	93	337	56	317	2.55e-19	82.8
XP_003396339.1	XP_006562310.2	25.556	270	168	8	93	337	56	317	2.55e-19	82.8
XP_003396339.1	XP_006562308.2	25.556	270	168	8	93	337	275	536	3.44e-19	82.4
XP_003396553.1	XP_016771021.1	31.507	73	43	3	76	146	507	574	0.007	28.9
XP_003396553.1	XP_016771020.1	31.507	73	43	3	76	146	507	574	0.007	28.9
XP_003396630.1	XP_006562308.2	27.434	113	60	5	159	266	2121	2216	0.019	28.1
XP_003396630.1	XP_006562311.2	27.434	113	60	5	159	266	1923	2018	0.022	28.1
XP_003396630.1	XP_006562310.2	27.434	113	60	5	159	266	1923	2018	0.022	28.1
XP_003396630.1	XP_016771029.2	27.434	113	60	5	159	266	1721	1816	0.027	27.7
XP_003396630.1	XP_016771028.2	27.434	113	60	5	159	266	1785	1880	0.028	27.7
XP_003396661.1	XP_016771021.1	37.500	40	24	1	510	548	277	316	0.018	28.1
XP_003396661.1	XP_016771020.1	37.500	40	24	1	510	548	277	316	0.018	28.1
XP_003396759.1	XP_016771021.1	29.114	79	38	3	492	570	322	382	0.041	26.9
XP_003396759.1	XP_016771020.1	29.114	79	38	3	492	570	322	382	0.041	26.9
XP_003397113.1	XP_016771028.2	29.545	44	31	0	357	400	1582	1625	0.029	27.7
XP_003397113.1	XP_016771029.2	29.545	44	31	0	357	400	1518	1561	0.030	27.7
XP_003397113.1	XP_006562308.2	29.545	44	31	0	357	400	1918	1961	0.034	27.7
XP_003397113.1	XP_006562311.2	29.545	44	31	0	357	400	1720	1763	0.034	27.7
XP_003397113.1	XP_006562310.2	29.545	44	31	0	357	400	1720	1763	0.034	27.7
XP_003397254.1	XP_006562308.2	38.235	34	17	1	154	187	212	241	0.007	28.5
XP_003397264.1	XP_006562311.2	23.214	112	71	3	415	512	196	306	0.020	27.7
XP_003397264.1	XP_006562310.2	23.214	112	71	3	415	512	196	306	0.020	27.7
XP_003397264.1	XP_006562308.2	23.478	115	73	3	415	515	415	528	0.020	27.7
XP_003397411.1	XP_016771021.1	30.769	52	36	0	36	87	591	642	0.012	27.7
XP_003397411.1	XP_016771020.1	30.769	52	36	0	36	87	591	642	0.012	27.7
XP_003397763.1	XP_006562308.2	34.884	43	24	1	93	135	513	551	0.015	27.7
XP_003397763.1	XP_016771029.2	34.884	43	24	1	93	135	92	130	0.016	27.7
XP_003397763.1	XP_006562311.2	34.884	43	24	1	93	135	294	332	0.016	27.7
XP_003397763.1	XP_006562310.2	34.884	43	24	1	93	135	294	332	0.016	27.7
XP_003397852.1	XP_016771028.2	37.500	24	15	0	15	38	556	579	0.033	26.2
XP_003397852.1	XP_016771029.2	37.500	24	15	0	15	38	492	515	0.034	26.2
XP_003397852.1	XP_006562308.2	37.500	24	15	0	15	38	892	915	0.036	26.2
XP_003397852.1	XP_006562311.2	37.500	24	15	0	15	38	694	717	0.038	26.2
XP_003397852.1	XP_006562310.2	37.500	24	15	0	15	38	694	717	0.038	26.2
XP_003398128.3	XP_016771028.2	32.432	37	25	0	1	37	299	335	0.017	25.0
XP_003398128.3	XP_016771029.2	32.432	37	25	0	1	37	235	271	0.018	25.0
XP_003398128.3	XP_006562311.2	32.432	37	25	0	1	37	437	473	0.019	25.0
XP_003398128.3	XP_006562310.2	32.432	37	25	0	1	37	437	473	0.019	25.0
XP_003398432.1	XP_016771028.2	30.435	92	43	3	185	255	48	139	0.001	30.8
XP_003398442.1	XP_006562308.2	23.827	277	184	8	360	610	283	558	9.73e-16	71.6
XP_003398442.1	XP_006562311.2	23.827	277	184	8	360	610	64	339	2.75e-15	70.1
XP_003398442.1	XP_006562310.2	23.827	277	184	8	360	610	64	339	2.75e-15	70.1
XP_003398520.1	XP_016771028.2	26.866	67	46	1	183	246	704	770	0.027	26.6
XP_003398520.1	XP_006562308.2	26.866	67	46	1	183	246	1040	1106	0.028	26.6
XP_003398520.1	XP_006562311.2	26.866	67	46	1	183	246	842	908	0.029	26.2
XP_003398520.1	XP_006562310.2	26.866	67	46	1	183	246	842	908	0.029	26.2
XP_003398520.1	XP_016771029.2	26.866	67	46	1	183	246	640	706	0.031	26.2
XP_003399005.1	XP_006562308.2	19.663	178	120	6	195	360	347	513	0.002	30.8
XP_003399005.1	XP_006562311.2	19.663	178	120	6	195	360	128	294	0.003	30.0
XP_003399005.1	XP_006562310.2	19.663	178	120	6	195	360	128	294	0.003	30.0
XP_003399149.1	XP_016771028.2	23.932	117	71	5	72	187	1737	1836	0.019	28.1
XP_003399149.1	XP_016771029.2	23.932	117	71	5	72	187	1673	1772	0.022	27.7
XP_003399149.1	XP_006562308.2	23.932	117	71	5	72	187	2073	2172	0.025	27.7
XP_003399149.1	XP_006562311.2	23.932	117	71	5	72	187	1875	1974	0.026	27.3
XP_003399149.1	XP_006562310.2	23.932	117	71	5	72	187	1875	1974	0.026	27.3
XP_003399280.1	XP_016771028.2	38.000	50	26	1	160	209	1306	1350	0.027	27.7
XP_003399280.1	XP_016771029.2	38.000	50	26	1	160	209	1242	1286	0.028	27.7
XP_003399280.1	XP_006562311.2	38.000	50	26	1	160	209	1444	1488	0.032	27.3
XP_003399280.1	XP_006562310.2	38.000	50	26	1	160	209	1444	1488	0.032	27.3
XP_003399280.1	XP_006562308.2	38.000	50	26	1	160	209	1642	1686	0.035	27.3
XP_003399469.1	XP_016771021.1	93.343	661	43	1	1	661	1	660	0.0	1292
XP_003399469.1	XP_016771020.1	93.343	661	43	1	1	661	1	660	0.0	1292
XP_003399489.1	XP_016771029.2	28.571	49	35	0	25	73	1099	1147	0.006	26.2
XP_003399489.1	XP_016771028.2	28.571	49	35	0	25	73	1163	1211	0.006	26.2
XP_003399489.1	XP_006562311.2	28.571	49	35	0	25	73	1301	1349	0.006	26.2
XP_003399489.1	XP_006562310.2	28.571	49	35	0	25	73	1301	1349	0.006	26.2
XP_003399489.1	XP_006562308.2	28.571	49	35	0	25	73	1499	1547	0.006	26.2
XP_003399801.1	XP_016771029.2	23.214	112	73	2	961	1072	549	647	6.18e-04	34.7
XP_003399801.1	XP_016771028.2	23.214	112	73	2	961	1072	613	711	6.30e-04	34.3
XP_003399801.1	XP_006562311.2	23.214	112	73	2	961	1072	751	849	7.49e-04	34.3
XP_003399801.1	XP_006562310.2	23.214	112	73	2	961	1072	751	849	7.49e-04	34.3
XP_003399801.1	XP_006562308.2	23.214	112	73	2	961	1072	949	1047	8.40e-04	33.9
XP_003400834.1	XP_016771028.2	28.571	49	35	0	730	778	1668	1716	0.007	31.2
XP_003400834.1	XP_016771029.2	28.571	49	35	0	730	778	1604	1652	0.009	30.8
XP_003400834.1	XP_006562311.2	28.571	49	35	0	730	778	1806	1854	0.011	30.4
XP_003400834.1	XP_006562310.2	28.571	49	35	0	730	778	1806	1854	0.011	30.4
XP_003400834.1	XP_006562308.2	28.571	49	35	0	730	778	2004	2052	0.011	30.4
XP_003401312.1	XP_016771029.2	25.352	142	78	7	347	474	1358	1485	0.024	27.7
XP_003401312.1	XP_006562311.2	25.352	142	78	7	347	474	1560	1687	0.025	27.3
XP_003401312.1	XP_006562310.2	25.352	142	78	7	347	474	1560	1687	0.025	27.3
XP_003401312.1	XP_006562308.2	25.352	142	78	7	347	474	1758	1885	0.027	27.3
XP_003401312.1	XP_016771028.2	25.352	142	78	7	347	474	1422	1549	0.027	27.3
XP_003401761.1	XP_016771029.2	42.857	21	12	0	83	103	1734	1754	0.013	25.0
XP_003401761.1	XP_016771028.2	42.857	21	12	0	83	103	1798	1818	0.013	25.0
XP_003401761.1	XP_006562311.2	42.857	21	12	0	83	103	1936	1956	0.013	25.0
XP_003401761.1	XP_006562310.2	42.857	21	12	0	83	103	1936	1956	0.013	25.0
XP_003401761.1	XP_006562308.2	42.857	21	12	0	83	103	2134	2154	0.013	25.0
XP_003402143.1	XP_006562308.2	28.358	268	140	9	73	303	275	527	3.50e-18	77.0
XP_003402143.1	XP_006562311.2	28.358	268	140	9	73	303	56	308	3.97e-18	76.6
XP_003402143.1	XP_006562310.2	28.358	268	140	9	73	303	56	308	3.97e-18	76.6
XP_003402144.1	XP_006562308.2	28.358	268	140	9	73	303	275	527	3.50e-18	77.0
XP_003402144.1	XP_006562311.2	28.358	268	140	9	73	303	56	308	3.97e-18	76.6
XP_003402144.1	XP_006562310.2	28.358	268	140	9	73	303	56	308	3.97e-18	76.6
XP_003402166.1	XP_006562308.2	21.795	78	59	2	188	265	48	123	0.015	28.1
XP_003402425.1	XP_006562308.2	30.357	56	35	2	302	355	1388	1441	0.029	27.3
XP_003402425.1	XP_006562311.2	30.357	56	35	2	302	355	1190	1243	0.033	27.3
XP_003402425.1	XP_006562310.2	30.357	56	35	2	302	355	1190	1243	0.033	27.3
XP_003402425.1	XP_016771028.2	30.357	56	35	2	302	355	1052	1105	0.046	26.9
XP_003402425.1	XP_016771029.2	30.357	56	35	2	302	355	988	1041	0.047	26.9
XP_003403246.1	XP_006562311.2	28.571	77	49	3	425	496	1177	1252	0.008	29.3
XP_003403246.1	XP_006562310.2	28.571	77	49	3	425	496	1177	1252	0.008	29.3
XP_003403246.1	XP_006562308.2	28.571	77	49	3	425	496	1375	1450	0.009	29.3
XP_003403246.1	XP_016771028.2	28.571	77	49	3	425	496	1039	1114	0.009	29.3
XP_003403246.1	XP_016771029.2	28.571	77	49	3	425	496	975	1050	0.010	28.9
XP_003403383.2	XP_016771029.2	46.154	39	19	1	91	129	1297	1333	0.001	29.3
XP_003403383.2	XP_016771028.2	46.154	39	19	1	91	129	1361	1397	0.001	29.3
XP_003403383.2	XP_006562311.2	46.154	39	19	1	91	129	1499	1535	0.001	29.3
XP_003403383.2	XP_006562310.2	46.154	39	19	1	91	129	1499	1535	0.001	29.3
XP_003403383.2	XP_006562308.2	46.154	39	19	1	91	129	1697	1733	0.001	29.3
XP_012163273.1	XP_006562308.2	46.154	39	19	1	737	775	1697	1733	0.022	28.5
XP_012163273.1	XP_016771028.2	46.154	39	19	1	737	775	1361	1397	0.023	28.5
XP_012163273.1	XP_006562311.2	46.154	39	19	1	737	775	1499	1535	0.024	28.1
XP_012163273.1	XP_006562310.2	46.154	39	19	1	737	775	1499	1535	0.024	28.1
XP_012163273.1	XP_016771029.2	46.154	39	19	1	737	775	1297	1333	0.025	28.1
XP_012163420.2	XP_016771029.2	21.154	104	71	2	1019	1122	677	769	0.001	34.3
XP_012163420.2	XP_016771028.2	21.154	104	71	2	1019	1122	741	833	0.002	33.9
XP_012163420.2	XP_006562311.2	21.154	104	71	2	1019	1122	879	971	0.002	33.5
XP_012163420.2	XP_006562310.2	21.154	104	71	2	1019	1122	879	971	0.002	33.5
XP_012163420.2	XP_006562308.2	21.154	104	71	2	1019	1122	1077	1169	0.003	33.1
XP_012163485.1	XP_006562311.2	45.161	31	16	1	131	160	182	212	0.010	27.3
XP_012163485.1	XP_006562310.2	45.161	31	16	1	131	160	182	212	0.010	27.3
XP_012163485.1	XP_006562308.2	45.161	31	16	1	131	160	401	431	0.012	27.3
XP_012163486.1	XP_006562311.2	45.161	31	16	1	126	155	182	212	0.012	26.9
XP_012163486.1	XP_006562310.2	45.161	31	16	1	126	155	182	212	0.012	26.9
XP_012163486.1	XP_006562308.2	45.161	31	16	1	126	155	401	431	0.014	26.9
XP_012163535.1	XP_006562308.2	28.704	108	54	5	1544	1628	1853	1960	0.016	30.4
XP_012163535.1	XP_006562311.2	28.704	108	54	5	1544	1628	1655	1762	0.021	30.0
XP_012163535.1	XP_006562310.2	28.704	108	54	5	1544	1628	1655	1762	0.021	30.0
XP_012163535.1	XP_016771028.2	28.704	108	54	5	1544	1628	1517	1624	0.037	29.3
XP_012163535.1	XP_016771029.2	28.704	108	54	5	1544	1628	1453	1560	0.040	28.9
XP_012163536.1	XP_006562308.2	28.704	108	54	5	1544	1628	1853	1960	0.015	30.4
XP_012163536.1	XP_006562311.2	28.704	108	54	5	1544	1628	1655	1762	0.020	30.0
XP_012163536.1	XP_006562310.2	28.704	108	54	5	1544	1628	1655	1762	0.020	30.0
XP_012163536.1	XP_016771028.2	28.704	108	54	5	1544	1628	1517	1624	0.034	29.3
XP_012163536.1	XP_016771029.2	28.704	108	54	5	1544	1628	1453	1560	0.040	28.9
XP_012163538.1	XP_006562308.2	28.704	108	54	5	1453	1537	1853	1960	0.014	30.4
XP_012163538.1	XP_006562311.2	28.704	108	54	5	1453	1537	1655	1762	0.018	30.0
XP_012163538.1	XP_006562310.2	28.704	108	54	5	1453	1537	1655	1762	0.018	30.0
XP_012163538.1	XP_016771028.2	28.704	108	54	5	1453	1537	1517	1624	0.032	29.3
XP_012163538.1	XP_016771029.2	28.704	108	54	5	1453	1537	1453	1560	0.038	28.9
XP_012163539.1	XP_006562308.2	28.704	108	54	5	1406	1490	1853	1960	0.013	30.4
XP_012163539.1	XP_006562311.2	28.704	108	54	5	1406	1490	1655	1762	0.017	30.0
XP_012163539.1	XP_006562310.2	28.704	108	54	5	1406	1490	1655	1762	0.017	30.0
XP_012163539.1	XP_016771028.2	28.704	108	54	5	1406	1490	1517	1624	0.027	29.6
XP_012163539.1	XP_016771029.2	28.704	108	54	5	1406	1490	1453	1560	0.033	29.3
XP_012163542.1	XP_006562308.2	28.704	108	54	5	1544	1628	1853	1960	0.018	30.0
XP_012163542.1	XP_006562311.2	28.704	108	54	5	1544	1628	1655	1762	0.023	29.6
XP_012163542.1	XP_006562310.2	28.704	108	54	5	1544	1628	1655	1762	0.023	29.6
XP_012163542.1	XP_016771028.2	28.704	108	54	5	1544	1628	1517	1624	0.045	28.5
XP_012163542.1	XP_016771029.2	28.704	108	54	5	1544	1628	1453	1560	0.048	28.5
XP_012163543.1	XP_006562308.2	28.704	108	54	5	1544	1628	1853	1960	0.019	30.0
XP_012163543.1	XP_006562311.2	28.704	108	54	5	1544	1628	1655	1762	0.023	29.6
XP_012163543.1	XP_006562310.2	28.704	108	54	5	1544	1628	1655	1762	0.023	29.6
XP_012163543.1	XP_016771028.2	28.704	108	54	5	1544	1628	1517	1624	0.044	28.5
XP_012163543.1	XP_016771029.2	28.704	108	54	5	1544	1628	1453	1560	0.047	28.5
XP_012163642.1	XP_016771028.2	30.000	50	34	1	159	208	970	1018	0.048	25.0
XP_012163676.1	XP_016771029.2	42.105	38	16	2	273	307	1163	1197	0.034	26.6
XP_012163676.1	XP_006562311.2	42.105	38	16	2	273	307	1365	1399	0.037	26.2
XP_012163676.1	XP_006562310.2	42.105	38	16	2	273	307	1365	1399	0.037	26.2
XP_012163676.1	XP_016771028.2	42.105	38	16	2	273	307	1227	1261	0.045	26.2
XP_012163676.1	XP_006562308.2	42.105	38	16	2	273	307	1563	1597	0.046	25.8
XP_012164286.1	XP_006562311.2	29.907	107	50	3	524	605	367	473	0.003	32.0
XP_012164286.1	XP_006562310.2	29.907	107	50	3	524	605	367	473	0.003	32.0
XP_012164286.1	XP_016771029.2	31.646	79	34	2	524	582	165	243	0.004	31.6
XP_012164286.1	XP_016771028.2	29.907	107	50	3	524	605	229	335	0.005	31.2
XP_012164697.1	XP_006562311.2	31.081	74	38	3	10	74	669	738	0.025	27.3
XP_012164697.1	XP_006562310.2	31.081	74	38	3	10	74	669	738	0.025	27.3
XP_012164697.1	XP_006562308.2	31.081	74	38	3	10	74	867	936	0.028	27.3
XP_012164697.1	XP_016771028.2	31.081	74	38	3	10	74	531	600	0.032	26.9
XP_012164697.1	XP_016771029.2	31.081	74	38	3	10	74	467	536	0.034	26.9
XP_012164741.1	XP_006562311.2	31.169	77	45	2	757	833	1167	1235	0.020	29.3
XP_012164741.1	XP_006562310.2	31.169	77	45	2	757	833	1167	1235	0.020	29.3
XP_012164741.1	XP_006562308.2	31.169	77	45	2	757	833	1365	1433	0.021	29.3
XP_012164741.1	XP_016771028.2	31.169	77	45	2	757	833	1029	1097	0.022	29.3
XP_012164741.1	XP_016771029.2	31.169	77	45	2	757	833	965	1033	0.027	28.9
XP_012164789.1	XP_006562308.2	34.286	35	23	0	185	219	463	497	0.004	30.4
XP_012164789.1	XP_006562311.2	34.286	35	23	0	185	219	244	278	0.005	30.0
XP_012164789.1	XP_006562310.2	34.286	35	23	0	185	219	244	278	0.005	30.0
XP_012164886.1	XP_016771029.2	34.483	29	19	0	254	282	1762	1790	0.023	27.3
XP_012164886.1	XP_016771028.2	34.483	29	19	0	254	282	1826	1854	0.024	27.3
XP_012164886.1	XP_006562308.2	34.483	29	19	0	254	282	2162	2190	0.024	27.3
XP_012164886.1	XP_006562311.2	34.483	29	19	0	254	282	1964	1992	0.027	26.9
XP_012164886.1	XP_006562310.2	34.483	29	19	0	254	282	1964	1992	0.027	26.9
XP_012164893.1	XP_016771029.2	34.483	29	19	0	254	282	1762	1790	0.023	27.3
XP_012164893.1	XP_016771028.2	34.483	29	19	0	254	282	1826	1854	0.024	27.3
XP_012164893.1	XP_006562308.2	34.483	29	19	0	254	282	2162	2190	0.024	27.3
XP_012164893.1	XP_006562311.2	34.483	29	19	0	254	282	1964	1992	0.027	26.9
XP_012164893.1	XP_006562310.2	34.483	29	19	0	254	282	1964	1992	0.027	26.9
XP_012164901.1	XP_016771029.2	34.483	29	19	0	254	282	1762	1790	0.023	27.3
XP_012164901.1	XP_016771028.2	34.483	29	19	0	254	282	1826	1854	0.024	27.3
XP_012164901.1	XP_006562308.2	34.483	29	19	0	254	282	2162	2190	0.024	27.3
XP_012164901.1	XP_006562311.2	34.483	29	19	0	254	282	1964	1992	0.027	26.9
XP_012164901.1	XP_006562310.2	34.483	29	19	0	254	282	1964	1992	0.027	26.9
XP_012165194.1	XP_006562308.2	35.897	39	25	0	579	617	511	549	0.032	27.7
XP_012165194.1	XP_006562311.2	35.897	39	25	0	579	617	292	330	0.032	27.7
XP_012165194.1	XP_006562310.2	35.897	39	25	0	579	617	292	330	0.032	27.7
XP_012165194.1	XP_016771029.2	35.897	39	25	0	579	617	90	128	0.036	27.7
XP_012165246.1	XP_016771021.1	30.233	129	77	3	805	921	8	135	3.22e-10	54.7
XP_012165246.1	XP_016771021.1	25.641	78	52	2	649	724	68	141	0.014	29.6
XP_012165246.1	XP_016771020.1	30.233	129	77	3	805	921	8	135	3.22e-10	54.7
XP_012165246.1	XP_016771020.1	25.641	78	52	2	649	724	68	141	0.014	29.6
XP_012165247.1	XP_016771021.1	32.836	134	80	7	563	695	11	135	1.21e-09	52.4
XP_012165247.1	XP_016771021.1	25.641	78	52	2	423	498	68	141	0.014	29.3
XP_012165247.1	XP_016771020.1	32.836	134	80	7	563	695	11	135	1.21e-09	52.4
XP_012165247.1	XP_016771020.1	25.641	78	52	2	423	498	68	141	0.014	29.3
XP_012165276.1	XP_016771021.1	32.609	46	27	2	101	143	187	231	0.043	25.4
XP_012165276.1	XP_016771020.1	32.609	46	27	2	101	143	187	231	0.043	25.4
XP_012165277.1	XP_016771021.1	32.609	46	27	2	101	143	187	231	0.035	25.4
XP_012165277.1	XP_016771020.1	32.609	46	27	2	101	143	187	231	0.035	25.4
XP_012165321.1	XP_006562311.2	25.556	270	168	8	93	337	56	317	2.55e-19	82.8
XP_012165321.1	XP_006562310.2	25.556	270	168	8	93	337	56	317	2.55e-19	82.8
XP_012165321.1	XP_006562308.2	25.556	270	168	8	93	337	275	536	3.44e-19	82.4
XP_012165322.1	XP_006562311.2	25.556	270	168	8	93	337	56	317	2.55e-19	82.8
XP_012165322.1	XP_006562310.2	25.556	270	168	8	93	337	56	317	2.55e-19	82.8
XP_012165322.1	XP_006562308.2	25.556	270	168	8	93	337	275	536	3.44e-19	82.4
XP_012165680.1	XP_006562308.2	27.434	113	60	5	135	242	2121	2216	0.020	28.1
XP_012165680.1	XP_006562311.2	27.434	113	60	5	135	242	1923	2018	0.021	28.1
XP_012165680.1	XP_006562310.2	27.434	113	60	5	135	242	1923	2018	0.021	28.1
XP_012165680.1	XP_016771028.2	27.434	113	60	5	135	242	1785	1880	0.029	27.7
XP_012165680.1	XP_016771029.2	27.434	113	60	5	135	242	1721	1816	0.031	27.3
XP_012165868.1	XP_016771021.1	29.114	79	38	3	461	539	322	382	0.047	26.9
XP_012165868.1	XP_016771020.1	29.114	79	38	3	461	539	322	382	0.047	26.9
XP_012166115.1	XP_016771029.2	21.354	192	124	6	577	749	1366	1549	0.015	29.3
XP_012166115.1	XP_016771028.2	21.354	192	124	6	577	749	1430	1613	0.015	29.3
XP_012166115.1	XP_006562311.2	21.354	192	124	6	577	749	1568	1751	0.020	28.9
XP_012166115.1	XP_006562310.2	21.354	192	124	6	577	749	1568	1751	0.020	28.9
XP_012166115.1	XP_006562308.2	21.354	192	124	6	577	749	1766	1949	0.023	28.5
XP_012166134.1	XP_006562308.2	27.234	235	136	8	153	359	276	503	1.18e-18	81.6
XP_012166134.1	XP_006562311.2	27.234	235	136	8	153	359	57	284	1.57e-18	81.3
XP_012166134.1	XP_006562310.2	27.234	235	136	8	153	359	57	284	1.57e-18	81.3
XP_012166135.1	XP_006562308.2	27.234	235	136	8	153	359	276	503	7.47e-19	82.0
XP_012166135.1	XP_006562311.2	27.234	235	136	8	153	359	57	284	1.03e-18	81.6
XP_012166135.1	XP_006562310.2	27.234	235	136	8	153	359	57	284	1.03e-18	81.6
XP_012166149.1	XP_006562308.2	22.989	174	108	7	534	688	347	513	1.76e-07	45.1
XP_012166149.1	XP_006562311.2	23.121	173	107	7	534	687	128	293	2.08e-07	44.7
XP_012166149.1	XP_006562310.2	23.121	173	107	7	534	687	128	293	2.08e-07	44.7
XP_012166425.1	XP_016771028.2	29.545	44	31	0	357	400	1582	1625	0.030	27.7
XP_012166425.1	XP_016771029.2	29.545	44	31	0	357	400	1518	1561	0.030	27.7
XP_012166425.1	XP_006562308.2	29.545	44	31	0	357	400	1918	1961	0.033	27.3
XP_012166425.1	XP_006562311.2	29.545	44	31	0	357	400	1720	1763	0.036	27.3
XP_012166425.1	XP_006562310.2	29.545	44	31	0	357	400	1720	1763	0.036	27.3
XP_012166851.1	XP_016771021.1	32.609	46	26	2	28	68	195	240	0.007	24.6
XP_012166851.1	XP_016771020.1	32.609	46	26	2	28	68	195	240	0.007	24.6
XP_012167110.1	XP_006562308.2	29.808	104	67	2	89	189	1331	1431	0.022	27.7
XP_012167110.1	XP_006562311.2	29.808	104	67	2	89	189	1133	1233	0.030	27.3
XP_012167110.1	XP_006562310.2	29.808	104	67	2	89	189	1133	1233	0.030	27.3
XP_012167111.1	XP_006562308.2	29.808	104	67	2	84	184	1331	1431	0.022	27.7
XP_012167111.1	XP_006562311.2	29.808	104	67	2	84	184	1133	1233	0.030	27.3
XP_012167111.1	XP_006562310.2	29.808	104	67	2	84	184	1133	1233	0.030	27.3
XP_012167112.1	XP_006562308.2	29.808	104	67	2	84	184	1331	1431	0.022	27.7
XP_012167112.1	XP_006562311.2	29.808	104	67	2	84	184	1133	1233	0.030	27.3
XP_012167112.1	XP_006562310.2	29.808	104	67	2	84	184	1133	1233	0.030	27.3
XP_012167113.1	XP_006562308.2	29.808	104	67	2	81	181	1331	1431	0.022	27.7
XP_012167113.1	XP_006562311.2	29.808	104	67	2	81	181	1133	1233	0.028	27.3
XP_012167113.1	XP_006562310.2	29.808	104	67	2	81	181	1133	1233	0.028	27.3
XP_012167114.2	XP_006562308.2	29.808	104	67	2	104	204	1331	1431	0.022	27.7
XP_012167114.2	XP_006562311.2	29.808	104	67	2	104	204	1133	1233	0.030	27.3
XP_012167114.2	XP_006562310.2	29.808	104	67	2	104	204	1133	1233	0.030	27.3
XP_012167115.1	XP_006562308.2	34.884	43	24	1	15	57	513	551	0.028	26.6
XP_012167115.1	XP_006562311.2	34.884	43	24	1	15	57	294	332	0.031	26.6
XP_012167115.1	XP_006562310.2	34.884	43	24	1	15	57	294	332	0.031	26.6
XP_012167115.1	XP_016771029.2	34.884	43	24	1	15	57	92	130	0.037	26.2
XP_012167449.2	XP_016771021.1	31.818	88	53	4	714	797	527	611	0.034	28.5
XP_012167449.2	XP_016771020.1	31.818	88	53	4	714	797	527	611	0.034	28.5
XP_012167452.1	XP_016771021.1	31.818	88	53	4	697	780	527	611	0.030	28.9
XP_012167452.1	XP_016771020.1	31.818	88	53	4	697	780	527	611	0.030	28.9
XP_012167453.1	XP_016771021.1	31.818	88	53	4	687	770	527	611	0.026	28.9
XP_012167453.1	XP_016771020.1	31.818	88	53	4	687	770	527	611	0.026	28.9
XP_012167454.1	XP_016771021.1	31.818	88	53	4	687	770	527	611	0.026	28.9
XP_012167454.1	XP_016771020.1	31.818	88	53	4	687	770	527	611	0.026	28.9
XP_012167455.1	XP_016771021.1	31.818	88	53	4	687	770	527	611	0.026	28.9
XP_012167455.1	XP_016771020.1	31.818	88	53	4	687	770	527	611	0.026	28.9
XP_012167458.1	XP_016771021.1	31.818	88	53	4	667	750	527	611	0.028	28.9
XP_012167458.1	XP_016771020.1	31.818	88	53	4	667	750	527	611	0.028	28.9
XP_012167459.1	XP_016771021.1	31.818	88	53	4	665	748	527	611	0.025	28.9
XP_012167459.1	XP_016771020.1	31.818	88	53	4	665	748	527	611	0.025	28.9
XP_012167460.1	XP_016771021.1	31.818	88	53	4	656	739	527	611	0.029	28.9
XP_012167460.1	XP_016771020.1	31.818	88	53	4	656	739	527	611	0.029	28.9
XP_012167461.1	XP_016771021.1	31.818	88	53	4	614	697	527	611	0.030	28.5
XP_012167461.1	XP_016771020.1	31.818	88	53	4	614	697	527	611	0.030	28.5
XP_012168523.1	XP_016771021.1	26.087	69	48	2	150	216	372	439	0.026	28.5
XP_012168523.1	XP_016771020.1	26.087	69	48	2	150	216	372	439	0.026	28.5
XP_012169771.1	XP_016771021.1	28.986	69	42	2	50	111	216	284	0.042	25.4
XP_012169771.1	XP_016771020.1	28.986	69	42	2	50	111	216	284	0.042	25.4
XP_012169914.1	XP_006562308.2	76.705	2258	383	58	9	2164	47	2263	0.0	3131
XP_012169914.1	XP_006562311.2	77.626	2056	338	57	211	2164	30	2065	0.0	2881
XP_012169914.1	XP_006562310.2	77.626	2056	338	57	211	2164	30	2065	0.0	2881
XP_012169914.1	XP_016771029.2	74.417	1802	336	59	467	2164	83	1863	0.0	2307
XP_012169914.1	XP_016771028.2	73.952	1766	336	58	502	2164	183	1927	0.0	2238
XP_012169915.1	XP_006562311.2	77.572	2051	338	57	1	1949	35	2065	0.0	2873
XP_012169915.1	XP_006562310.2	77.572	2051	338	57	1	1949	35	2065	0.0	2873
XP_012169915.1	XP_006562308.2	76.548	2051	338	58	1	1949	254	2263	0.0	2811
XP_012169915.1	XP_016771029.2	74.417	1802	336	59	252	1949	83	1863	0.0	2313
XP_012169915.1	XP_016771028.2	73.952	1766	336	58	287	1949	183	1927	0.0	2241
XP_012170404.1	XP_016771029.2	23.214	112	73	2	961	1072	549	647	5.99e-04	34.7
XP_012170404.1	XP_016771028.2	23.214	112	73	2	961	1072	613	711	6.42e-04	34.3
XP_012170404.1	XP_006562311.2	23.214	112	73	2	961	1072	751	849	7.63e-04	34.3
XP_012170404.1	XP_006562310.2	23.214	112	73	2	961	1072	751	849	7.63e-04	34.3
XP_012170404.1	XP_006562308.2	23.214	112	73	2	961	1072	949	1047	8.14e-04	34.3
XP_012170406.1	XP_016771029.2	23.214	112	73	2	961	1072	549	647	5.99e-04	34.7
XP_012170406.1	XP_016771028.2	23.214	112	73	2	961	1072	613	711	6.42e-04	34.3
XP_012170406.1	XP_006562311.2	23.214	112	73	2	961	1072	751	849	7.63e-04	34.3
XP_012170406.1	XP_006562310.2	23.214	112	73	2	961	1072	751	849	7.63e-04	34.3
XP_012170406.1	XP_006562308.2	23.214	112	73	2	961	1072	949	1047	8.14e-04	34.3
XP_012170407.1	XP_016771028.2	23.214	112	73	2	857	968	613	711	5.36e-04	34.7
XP_012170407.1	XP_016771029.2	23.214	112	73	2	857	968	549	647	5.39e-04	34.7
XP_012170407.1	XP_006562311.2	23.214	112	73	2	857	968	751	849	6.32e-04	34.3
XP_012170407.1	XP_006562310.2	23.214	112	73	2	857	968	751	849	6.32e-04	34.3
XP_012170407.1	XP_006562308.2	23.214	112	73	2	857	968	949	1047	7.45e-04	34.3
XP_012170408.1	XP_006562311.2	23.214	112	73	2	961	1072	751	849	5.46e-04	34.3
XP_012170408.1	XP_006562310.2	23.214	112	73	2	961	1072	751	849	5.46e-04	34.3
XP_012170408.1	XP_016771028.2	23.214	112	73	2	961	1072	613	711	5.57e-04	34.3
XP_012170408.1	XP_016771029.2	23.214	112	73	2	961	1072	549	647	5.65e-04	34.3
XP_012170408.1	XP_006562308.2	23.214	112	73	2	961	1072	949	1047	6.12e-04	34.3
XP_012170555.1	XP_006562308.2	32.836	67	42	2	883	946	263	329	0.001	33.5
XP_012170555.1	XP_006562311.2	32.836	67	42	2	883	946	44	110	0.001	33.1
XP_012170555.1	XP_006562310.2	32.836	67	42	2	883	946	44	110	0.001	33.1
XP_012171267.1	XP_016771021.1	37.736	477	283	9	282	749	28	499	5.51e-108	340
XP_012171267.1	XP_016771020.1	37.736	477	283	9	282	749	28	499	5.51e-108	340
XP_012171722.1	XP_016771028.2	28.571	49	35	0	724	772	1668	1716	0.007	31.2
XP_012171722.1	XP_016771029.2	28.571	49	35	0	724	772	1604	1652	0.009	30.8
XP_012171722.1	XP_006562311.2	28.571	49	35	0	724	772	1806	1854	0.011	30.4
XP_012171722.1	XP_006562310.2	28.571	49	35	0	724	772	1806	1854	0.011	30.4
XP_012171722.1	XP_006562308.2	28.571	49	35	0	724	772	2004	2052	0.011	30.4
XP_012171723.1	XP_016771028.2	28.571	49	35	0	675	723	1668	1716	0.007	30.8
XP_012171723.1	XP_016771029.2	28.571	49	35	0	675	723	1604	1652	0.008	30.8
XP_012171723.1	XP_006562308.2	28.571	49	35	0	675	723	2004	2052	0.010	30.4
XP_012171723.1	XP_006562311.2	28.571	49	35	0	675	723	1806	1854	0.011	30.4
XP_012171723.1	XP_006562310.2	28.571	49	35	0	675	723	1806	1854	0.011	30.4
XP_012171724.1	XP_016771028.2	28.571	49	35	0	675	723	1668	1716	0.007	30.8
XP_012171724.1	XP_016771029.2	28.571	49	35	0	675	723	1604	1652	0.008	30.8
XP_012171724.1	XP_006562308.2	28.571	49	35	0	675	723	2004	2052	0.010	30.4
XP_012171724.1	XP_006562311.2	28.571	49	35	0	675	723	1806	1854	0.011	30.4
XP_012171724.1	XP_006562310.2	28.571	49	35	0	675	723	1806	1854	0.011	30.4
XP_012171725.1	XP_016771028.2	28.571	49	35	0	675	723	1668	1716	0.007	30.8
XP_012171725.1	XP_016771029.2	28.571	49	35	0	675	723	1604	1652	0.008	30.8
XP_012171725.1	XP_006562308.2	28.571	49	35	0	675	723	2004	2052	0.010	30.4
XP_012171725.1	XP_006562311.2	28.571	49	35	0	675	723	1806	1854	0.011	30.4
XP_012171725.1	XP_006562310.2	28.571	49	35	0	675	723	1806	1854	0.011	30.4
XP_012171726.1	XP_016771028.2	28.571	49	35	0	730	778	1668	1716	0.007	30.8
XP_012171726.1	XP_016771029.2	28.571	49	35	0	730	778	1604	1652	0.008	30.8
XP_012171726.1	XP_006562311.2	28.571	49	35	0	730	778	1806	1854	0.010	30.4
XP_012171726.1	XP_006562310.2	28.571	49	35	0	730	778	1806	1854	0.010	30.4
XP_012171726.1	XP_006562308.2	28.571	49	35	0	730	778	2004	2052	0.010	30.4
XP_012171806.1	XP_016771029.2	36.667	30	19	0	72	101	1496	1525	0.041	25.8
XP_012171806.1	XP_016771028.2	36.667	30	19	0	72	101	1560	1589	0.042	25.8
XP_012171806.1	XP_006562311.2	36.667	30	19	0	72	101	1698	1727	0.047	25.4
XP_012171806.1	XP_006562310.2	36.667	30	19	0	72	101	1698	1727	0.047	25.4
XP_012171806.1	XP_006562308.2	36.667	30	19	0	72	101	1896	1925	0.049	25.4
XP_012171807.1	XP_016771029.2	36.667	30	19	0	72	101	1496	1525	0.041	25.8
XP_012171807.1	XP_016771028.2	36.667	30	19	0	72	101	1560	1589	0.042	25.8
XP_012171807.1	XP_006562311.2	36.667	30	19	0	72	101	1698	1727	0.047	25.4
XP_012171807.1	XP_006562310.2	36.667	30	19	0	72	101	1698	1727	0.047	25.4
XP_012171807.1	XP_006562308.2	36.667	30	19	0	72	101	1896	1925	0.049	25.4
XP_012171888.1	XP_006562311.2	41.463	41	23	1	769	808	52	92	0.003	31.6
XP_012171888.1	XP_006562310.2	41.463	41	23	1	769	808	52	92	0.003	31.6
XP_012171888.1	XP_006562308.2	41.463	41	23	1	769	808	271	311	0.003	31.6
XP_012171889.1	XP_006562311.2	41.463	41	23	1	769	808	52	92	0.003	31.6
XP_012171889.1	XP_006562310.2	41.463	41	23	1	769	808	52	92	0.003	31.6
XP_012171889.1	XP_006562308.2	41.463	41	23	1	769	808	271	311	0.003	31.6
XP_012171891.1	XP_006562311.2	41.463	41	23	1	753	792	52	92	0.003	31.6
XP_012171891.1	XP_006562310.2	41.463	41	23	1	753	792	52	92	0.003	31.6
XP_012171891.1	XP_006562308.2	41.463	41	23	1	753	792	271	311	0.003	31.6
XP_012171950.1	XP_016771029.2	33.333	42	28	0	102	143	1523	1564	0.007	28.5
XP_012171950.1	XP_016771028.2	33.333	42	28	0	102	143	1587	1628	0.007	28.5
XP_012171950.1	XP_006562311.2	33.333	42	28	0	102	143	1725	1766	0.010	28.1
XP_012171950.1	XP_006562310.2	33.333	42	28	0	102	143	1725	1766	0.010	28.1
XP_012171950.1	XP_006562308.2	33.333	42	28	0	102	143	1923	1964	0.010	28.1
XP_012172243.1	XP_006562311.2	27.778	72	49	1	279	350	432	500	6.32e-04	33.1
XP_012172243.1	XP_006562310.2	27.778	72	49	1	279	350	432	500	6.32e-04	33.1
XP_012172243.1	XP_016771028.2	27.778	72	49	1	279	350	294	362	0.016	28.5
XP_012172243.1	XP_016771029.2	27.778	72	49	1	279	350	230	298	0.019	28.5
XP_012172481.1	XP_016771029.2	25.352	142	78	7	347	474	1358	1485	0.024	27.7
XP_012172481.1	XP_006562311.2	25.352	142	78	7	347	474	1560	1687	0.025	27.3
XP_012172481.1	XP_006562310.2	25.352	142	78	7	347	474	1560	1687	0.025	27.3
XP_012172481.1	XP_006562308.2	25.352	142	78	7	347	474	1758	1885	0.027	27.3
XP_012172481.1	XP_016771028.2	25.352	142	78	7	347	474	1422	1549	0.027	27.3
XP_012172550.1	XP_006562308.2	29.008	131	71	6	457	572	2041	2164	0.022	29.3
XP_012172550.1	XP_006562311.2	29.008	131	71	6	457	572	1843	1966	0.030	28.9
XP_012172550.1	XP_006562310.2	29.008	131	71	6	457	572	1843	1966	0.030	28.9
XP_012172550.1	XP_016771028.2	29.008	131	71	6	457	572	1705	1828	0.038	28.5
XP_012172550.1	XP_016771029.2	29.008	131	71	6	457	572	1641	1764	0.042	28.5
XP_012172551.1	XP_006562308.2	29.008	131	71	6	457	572	2041	2164	0.023	29.3
XP_012172551.1	XP_006562311.2	29.008	131	71	6	457	572	1843	1966	0.030	28.9
XP_012172551.1	XP_006562310.2	29.008	131	71	6	457	572	1843	1966	0.030	28.9
XP_012172551.1	XP_016771028.2	29.008	131	71	6	457	572	1705	1828	0.039	28.5
XP_012172551.1	XP_016771029.2	29.008	131	71	6	457	572	1641	1764	0.042	28.5
XP_012172552.1	XP_006562308.2	29.008	131	71	6	457	572	2041	2164	0.021	29.3
XP_012172552.1	XP_006562311.2	29.008	131	71	6	457	572	1843	1966	0.030	28.9
XP_012172552.1	XP_006562310.2	29.008	131	71	6	457	572	1843	1966	0.030	28.9
XP_012172552.1	XP_016771028.2	29.008	131	71	6	457	572	1705	1828	0.037	28.5
XP_012172552.1	XP_016771029.2	29.008	131	71	6	457	572	1641	1764	0.044	28.5
XP_012172718.1	XP_006562308.2	21.591	264	146	12	234	475	271	495	0.019	28.1
XP_012172718.1	XP_006562311.2	21.591	264	146	12	234	475	52	276	0.023	27.7
XP_012172718.1	XP_006562310.2	21.591	264	146	12	234	475	52	276	0.023	27.7
XP_012173129.1	XP_006562308.2	41.071	56	31	1	1596	1651	1069	1122	0.003	33.1
XP_012173129.1	XP_006562311.2	41.071	56	31	1	1596	1651	871	924	0.003	33.1
XP_012173129.1	XP_006562310.2	41.071	56	31	1	1596	1651	871	924	0.003	33.1
XP_012173129.1	XP_016771028.2	41.818	55	30	1	1596	1650	733	785	0.003	33.1
XP_012173129.1	XP_016771029.2	41.818	55	30	1	1596	1650	669	721	0.004	33.1
XP_012173134.1	XP_006562308.2	41.071	56	31	1	1596	1651	1069	1122	0.003	33.1
XP_012173134.1	XP_006562311.2	41.071	56	31	1	1596	1651	871	924	0.003	33.1
XP_012173134.1	XP_006562310.2	41.071	56	31	1	1596	1651	871	924	0.003	33.1
XP_012173134.1	XP_016771028.2	41.818	55	30	1	1596	1650	733	785	0.003	33.1
XP_012173134.1	XP_016771029.2	41.818	55	30	1	1596	1650	669	721	0.004	33.1
XP_012173143.1	XP_006562308.2	41.071	56	31	1	1526	1581	1069	1122	0.003	33.1
XP_012173143.1	XP_006562311.2	41.071	56	31	1	1526	1581	871	924	0.003	33.1
XP_012173143.1	XP_006562310.2	41.071	56	31	1	1526	1581	871	924	0.003	33.1
XP_012173143.1	XP_016771029.2	41.818	55	30	1	1526	1580	669	721	0.003	33.1
XP_012173143.1	XP_016771028.2	41.818	55	30	1	1526	1580	733	785	0.004	33.1
XP_012173145.1	XP_006562308.2	41.071	56	31	1	1506	1561	1069	1122	0.003	33.1
XP_012173145.1	XP_006562311.2	41.071	56	31	1	1506	1561	871	924	0.003	33.1
XP_012173145.1	XP_006562310.2	41.071	56	31	1	1506	1561	871	924	0.003	33.1
XP_012173145.1	XP_016771028.2	41.818	55	30	1	1506	1560	733	785	0.003	33.1
XP_012173145.1	XP_016771029.2	41.818	55	30	1	1506	1560	669	721	0.004	33.1
XP_012173150.1	XP_006562308.2	41.071	56	31	1	1506	1561	1069	1122	0.003	33.1
XP_012173150.1	XP_006562311.2	41.071	56	31	1	1506	1561	871	924	0.003	33.1
XP_012173150.1	XP_006562310.2	41.071	56	31	1	1506	1561	871	924	0.003	33.1
XP_012173150.1	XP_016771028.2	41.818	55	30	1	1506	1560	733	785	0.003	33.1
XP_012173150.1	XP_016771029.2	41.818	55	30	1	1506	1560	669	721	0.004	33.1
XP_012173155.1	XP_006562308.2	41.071	56	31	1	1503	1558	1069	1122	0.003	33.1
XP_012173155.1	XP_016771028.2	41.818	55	30	1	1503	1557	733	785	0.003	33.1
XP_012173155.1	XP_006562311.2	41.071	56	31	1	1503	1558	871	924	0.003	33.1
XP_012173155.1	XP_006562310.2	41.071	56	31	1	1503	1558	871	924	0.003	33.1
XP_012173155.1	XP_016771029.2	41.818	55	30	1	1503	1557	669	721	0.003	33.1
XP_012173159.1	XP_006562308.2	41.071	56	31	1	1502	1557	1069	1122	0.003	33.1
XP_012173159.1	XP_006562311.2	41.071	56	31	1	1502	1557	871	924	0.003	33.1
XP_012173159.1	XP_006562310.2	41.071	56	31	1	1502	1557	871	924	0.003	33.1
XP_012173159.1	XP_016771028.2	41.818	55	30	1	1502	1556	733	785	0.003	33.1
XP_012173159.1	XP_016771029.2	41.818	55	30	1	1502	1556	669	721	0.003	33.1
XP_012173166.1	XP_006562308.2	41.071	56	31	1	1596	1651	1069	1122	0.003	33.1
XP_012173166.1	XP_016771028.2	41.818	55	30	1	1596	1650	733	785	0.003	33.1
XP_012173166.1	XP_016771029.2	41.818	55	30	1	1596	1650	669	721	0.003	33.1
XP_012173166.1	XP_006562311.2	41.071	56	31	1	1596	1651	871	924	0.003	33.1
XP_012173166.1	XP_006562310.2	41.071	56	31	1	1596	1651	871	924	0.003	33.1
XP_012173174.1	XP_006562308.2	41.071	56	31	1	1502	1557	1069	1122	0.003	33.1
XP_012173174.1	XP_006562311.2	41.071	56	31	1	1502	1557	871	924	0.003	33.1
XP_012173174.1	XP_006562310.2	41.071	56	31	1	1502	1557	871	924	0.003	33.1
XP_012173174.1	XP_016771028.2	41.818	55	30	1	1502	1556	733	785	0.003	33.1
XP_012173174.1	XP_016771029.2	41.818	55	30	1	1502	1556	669	721	0.003	33.1
XP_012174103.1	XP_016771029.2	25.758	66	37	1	130	195	1446	1499	0.023	27.7
XP_012174103.1	XP_016771028.2	25.758	66	37	1	130	195	1510	1563	0.023	27.7
XP_012174103.1	XP_006562311.2	25.758	66	37	1	130	195	1648	1701	0.032	27.3
XP_012174103.1	XP_006562310.2	25.758	66	37	1	130	195	1648	1701	0.032	27.3
XP_012174103.1	XP_006562308.2	25.758	66	37	1	130	195	1846	1899	0.038	26.9
XP_012174123.1	XP_006562308.2	31.148	61	35	2	47	100	1636	1696	0.006	28.1
XP_012174123.1	XP_006562311.2	31.148	61	35	2	47	100	1438	1498	0.008	28.1
XP_012174123.1	XP_006562310.2	31.148	61	35	2	47	100	1438	1498	0.008	28.1
XP_012174123.1	XP_016771028.2	31.148	61	35	2	47	100	1300	1360	0.009	27.7
XP_012174123.1	XP_016771029.2	31.148	61	35	2	47	100	1236	1296	0.010	27.7
XP_012174171.1	XP_006562308.2	20.614	228	142	8	318	526	282	489	2.02e-05	38.1
XP_012174171.1	XP_006562311.2	20.614	228	142	8	318	526	63	270	2.29e-05	37.7
XP_012174171.1	XP_006562310.2	20.614	228	142	8	318	526	63	270	2.29e-05	37.7
XP_012174172.1	XP_006562308.2	20.614	228	142	8	318	526	282	489	1.98e-05	38.1
XP_012174172.1	XP_006562311.2	20.614	228	142	8	318	526	63	270	2.51e-05	37.7
XP_012174172.1	XP_006562310.2	20.614	228	142	8	318	526	63	270	2.51e-05	37.7
XP_012174173.1	XP_006562308.2	20.614	228	142	8	290	498	282	489	2.47e-05	37.7
XP_012174173.1	XP_006562311.2	20.614	228	142	8	290	498	63	270	3.64e-05	37.0
XP_012174173.1	XP_006562310.2	20.614	228	142	8	290	498	63	270	3.64e-05	37.0
XP_012174174.1	XP_006562308.2	20.614	228	142	8	185	393	282	489	2.47e-05	37.4
XP_012174174.1	XP_006562311.2	20.614	228	142	8	185	393	63	270	2.99e-05	37.0
XP_012174174.1	XP_006562310.2	20.614	228	142	8	185	393	63	270	2.99e-05	37.0
XP_012174203.1	XP_016771028.2	50.000	18	9	0	75	92	105	122	0.045	24.3
XP_012174223.1	XP_006562308.2	36.842	38	23	1	56	93	762	798	0.009	25.8
XP_012174223.1	XP_016771029.2	24.691	81	37	2	13	93	342	398	0.010	25.8
XP_012174223.1	XP_016771028.2	24.691	81	37	2	13	93	406	462	0.010	25.8
XP_012174223.1	XP_006562311.2	36.842	38	23	1	56	93	564	600	0.010	25.8
XP_012174223.1	XP_006562310.2	36.842	38	23	1	56	93	564	600	0.010	25.8
XP_012174274.1	XP_006562308.2	52.000	25	11	1	5	29	60	83	0.038	25.0
XP_012174275.1	XP_006562308.2	52.000	25	11	1	5	29	60	83	0.038	25.0
XP_012174350.1	NP_001011611.2	47.059	17	9	0	105	121	16	32	0.039	23.5
XP_012174839.1	XP_016771028.2	29.577	71	36	2	8	69	374	439	0.005	28.9
XP_012174839.1	XP_016771028.2	24.242	66	45	2	6	69	491	553	0.049	25.8
XP_012174839.1	XP_006562308.2	29.577	71	36	2	8	69	710	775	0.006	28.5
XP_012174839.1	XP_016771029.2	29.577	71	36	2	8	69	310	375	0.006	28.5
XP_012174839.1	XP_006562311.2	29.577	71	36	2	8	69	512	577	0.006	28.5
XP_012174839.1	XP_006562310.2	29.577	71	36	2	8	69	512	577	0.006	28.5
XP_012175122.1	XP_016771028.2	35.000	80	40	4	1338	1415	1842	1911	0.044	28.5
XP_012175124.1	XP_016771028.2	35.000	80	40	4	1313	1390	1842	1911	0.043	28.5
XP_012175124.1	XP_016771029.2	35.000	80	40	4	1313	1390	1778	1847	0.049	28.5
XP_012175125.1	XP_016771028.2	35.000	80	40	4	1283	1360	1842	1911	0.039	28.5
XP_012175125.1	XP_016771029.2	35.000	80	40	4	1283	1360	1778	1847	0.048	28.5
XP_012175126.1	XP_016771028.2	35.000	80	40	4	1283	1360	1842	1911	0.039	28.5
XP_012175126.1	XP_016771029.2	35.000	80	40	4	1283	1360	1778	1847	0.048	28.5
XP_012175175.1	XP_006562308.2	27.848	79	53	3	19	96	1886	1961	6.46e-04	30.8
XP_012175175.1	XP_006562311.2	27.848	79	53	3	19	96	1688	1763	0.001	30.4
XP_012175175.1	XP_006562310.2	27.848	79	53	3	19	96	1688	1763	0.001	30.4
XP_012175252.1	XP_006562311.2	28.571	77	49	3	428	499	1177	1252	0.008	29.3
XP_012175252.1	XP_006562310.2	28.571	77	49	3	428	499	1177	1252	0.008	29.3
XP_012175252.1	XP_016771028.2	28.571	77	49	3	428	499	1039	1114	0.008	29.3
XP_012175252.1	XP_006562308.2	28.571	77	49	3	428	499	1375	1450	0.008	29.3
XP_012175252.1	XP_016771029.2	28.571	77	49	3	428	499	975	1050	0.009	29.3
XP_012175323.1	XP_006562308.2	38.462	39	23	1	111	149	1193	1230	0.032	25.4
XP_012175323.1	XP_016771028.2	38.462	39	23	1	111	149	857	894	0.034	25.4
XP_012175323.1	XP_006562311.2	38.462	39	23	1	111	149	995	1032	0.034	25.4
XP_012175323.1	XP_006562310.2	38.462	39	23	1	111	149	995	1032	0.034	25.4
XP_012175323.1	XP_016771029.2	38.462	39	23	1	111	149	793	830	0.035	25.4
XP_012175399.1	XP_006562311.2	34.286	35	23	0	29	63	1609	1643	0.004	27.7
XP_012175399.1	XP_006562310.2	34.286	35	23	0	29	63	1609	1643	0.004	27.7
XP_012175399.1	XP_006562308.2	34.286	35	23	0	29	63	1807	1841	0.004	27.7
XP_012175399.1	XP_016771029.2	34.286	35	23	0	29	63	1407	1441	0.007	26.9
XP_012175399.1	XP_016771028.2	34.286	35	23	0	29	63	1471	1505	0.007	26.9
XP_012175635.1	XP_006562308.2	33.333	21	14	0	55	75	59	79	0.043	22.7
XP_012175636.1	XP_006562308.2	33.333	21	14	0	55	75	59	79	0.043	22.7
XP_012175811.1	XP_016771029.2	29.851	67	33	2	404	470	1524	1576	0.013	29.3
XP_012175811.1	XP_006562308.2	29.851	67	33	2	404	470	1924	1976	0.013	29.3
XP_012175811.1	XP_016771028.2	29.851	67	33	2	404	470	1588	1640	0.014	29.3
XP_012175811.1	XP_006562311.2	29.851	67	33	2	404	470	1726	1778	0.015	28.9
XP_012175811.1	XP_006562310.2	29.851	67	33	2	404	470	1726	1778	0.015	28.9
XP_012176056.1	XP_006562308.2	25.559	313	171	11	473	753	283	565	9.32e-19	82.8
XP_012176056.1	XP_006562311.2	25.559	313	171	11	473	753	64	346	9.88e-19	82.8
XP_012176056.1	XP_006562310.2	25.559	313	171	11	473	753	64	346	9.88e-19	82.8
XP_012176164.1	XP_006562308.2	29.944	177	101	6	609	766	331	503	1.58e-15	72.0
XP_012176164.1	XP_006562311.2	29.944	177	101	6	609	766	112	284	2.12e-15	71.6
XP_012176164.1	XP_006562310.2	29.944	177	101	6	609	766	112	284	2.12e-15	71.6
XP_012176165.1	XP_006562308.2	29.944	177	101	6	603	760	331	503	1.58e-15	72.0
XP_012176165.1	XP_006562311.2	29.944	177	101	6	603	760	112	284	2.05e-15	71.6
XP_012176165.1	XP_006562310.2	29.944	177	101	6	603	760	112	284	2.05e-15	71.6
XP_012176329.1	XP_006562308.2	29.670	273	142	13	622	861	272	527	4.56e-20	87.4
XP_012176329.1	XP_006562311.2	29.670	273	142	13	622	861	53	308	6.99e-20	86.7
XP_012176329.1	XP_006562310.2	29.670	273	142	13	622	861	53	308	6.99e-20	86.7
XP_012176330.1	XP_006562308.2	29.670	273	142	13	622	861	272	527	4.56e-20	87.4
XP_012176330.1	XP_006562311.2	29.670	273	142	13	622	861	53	308	6.99e-20	86.7
XP_012176330.1	XP_006562310.2	29.670	273	142	13	622	861	53	308	6.99e-20	86.7
XP_012176352.2	XP_006562308.2	24.123	228	145	9	156	375	238	445	9.65e-06	39.7
XP_012176352.2	XP_006562311.2	24.725	182	116	6	197	375	63	226	1.27e-05	39.3
XP_012176352.2	XP_006562310.2	24.725	182	116	6	197	375	63	226	1.27e-05	39.3
XP_012176573.1	XP_016771021.1	34.348	460	273	12	54	498	41	486	2.34e-82	263
XP_012176573.1	XP_016771020.1	34.348	460	273	12	54	498	41	486	2.34e-82	263
XP_012176580.1	XP_006562308.2	24.779	226	137	8	182	379	283	503	6.53e-13	63.2
XP_012176580.1	XP_006562311.2	24.779	226	137	8	182	379	64	284	1.37e-12	62.0
XP_012176580.1	XP_006562310.2	24.779	226	137	8	182	379	64	284	1.37e-12	62.0
XP_012176583.1	XP_006562308.2	25.664	226	135	8	141	338	283	503	5.52e-13	63.2
XP_012176583.1	XP_006562311.2	24.779	226	137	8	141	338	64	284	1.01e-12	62.4
XP_012176583.1	XP_006562310.2	24.779	226	137	8	141	338	64	284	1.01e-12	62.4
XP_012176584.1	XP_006562308.2	25.664	226	135	8	141	338	283	503	5.52e-13	63.2
XP_012176584.1	XP_006562311.2	24.779	226	137	8	141	338	64	284	1.01e-12	62.4
XP_012176584.1	XP_006562310.2	24.779	226	137	8	141	338	64	284	1.01e-12	62.4
XP_012176585.1	XP_006562308.2	24.779	226	137	8	187	384	283	503	5.40e-13	63.2
XP_012176585.1	XP_006562311.2	24.779	226	137	8	187	384	64	284	1.03e-12	62.4
XP_012176585.1	XP_006562310.2	24.779	226	137	8	187	384	64	284	1.03e-12	62.4
XP_012176586.1	XP_006562308.2	24.779	226	137	8	187	384	283	503	5.63e-13	63.2
XP_012176586.1	XP_006562311.2	24.779	226	137	8	187	384	64	284	1.08e-12	62.4
XP_012176586.1	XP_006562310.2	24.779	226	137	8	187	384	64	284	1.08e-12	62.4
XP_020718414.1	XP_006562311.2	20.890	292	182	11	135	395	446	719	0.007	29.6
XP_020718414.1	XP_006562310.2	20.890	292	182	11	135	395	446	719	0.007	29.6
XP_020718420.1	XP_006562308.2	22.222	180	111	5	867	1041	1010	1165	0.021	29.6
XP_020718420.1	XP_006562311.2	22.222	180	111	5	867	1041	812	967	0.022	29.3
XP_020718420.1	XP_006562310.2	22.222	180	111	5	867	1041	812	967	0.022	29.3
XP_020718420.1	XP_016771029.2	22.222	180	111	5	867	1041	610	765	0.040	28.5
XP_020718420.1	XP_016771028.2	22.222	180	111	5	867	1041	674	829	0.043	28.5
XP_020718505.1	XP_016771029.2	21.154	104	71	2	1019	1122	677	769	0.001	34.3
XP_020718505.1	XP_016771028.2	21.154	104	71	2	1019	1122	741	833	0.002	33.9
XP_020718505.1	XP_006562311.2	21.154	104	71	2	1019	1122	879	971	0.002	33.5
XP_020718505.1	XP_006562310.2	21.154	104	71	2	1019	1122	879	971	0.002	33.5
XP_020718505.1	XP_006562308.2	21.154	104	71	2	1019	1122	1077	1169	0.002	33.5
XP_020718506.1	XP_016771029.2	21.154	104	71	2	1019	1122	677	769	0.002	33.9
XP_020718506.1	XP_016771028.2	21.154	104	71	2	1019	1122	741	833	0.002	33.5
XP_020718506.1	XP_006562311.2	21.154	104	71	2	1019	1122	879	971	0.002	33.5
XP_020718506.1	XP_006562310.2	21.154	104	71	2	1019	1122	879	971	0.002	33.5
XP_020718506.1	XP_006562308.2	21.154	104	71	2	1019	1122	1077	1169	0.003	32.7
XP_020718563.1	XP_016771028.2	46.154	39	19	1	744	782	1361	1397	0.022	28.5
XP_020718563.1	XP_006562308.2	46.154	39	19	1	744	782	1697	1733	0.024	28.5
XP_020718563.1	XP_006562311.2	46.154	39	19	1	744	782	1499	1535	0.025	28.1
XP_020718563.1	XP_006562310.2	46.154	39	19	1	744	782	1499	1535	0.025	28.1
XP_020718563.1	XP_016771029.2	46.154	39	19	1	744	782	1297	1333	0.026	28.1
XP_020719018.1	XP_006562308.2	31.169	77	45	2	810	886	1365	1433	0.020	29.3
XP_020719018.1	XP_016771028.2	31.169	77	45	2	810	886	1029	1097	0.021	29.3
XP_020719018.1	XP_006562311.2	31.169	77	45	2	810	886	1167	1235	0.021	29.3
XP_020719018.1	XP_006562310.2	31.169	77	45	2	810	886	1167	1235	0.021	29.3
XP_020719018.1	XP_016771029.2	31.169	77	45	2	810	886	965	1033	0.026	28.9
XP_020719053.1	XP_006562308.2	26.163	172	110	2	476	630	342	513	1.00e-12	62.4
XP_020719053.1	XP_006562311.2	26.163	172	110	2	476	630	123	294	1.64e-12	61.6
XP_020719053.1	XP_006562310.2	26.163	172	110	2	476	630	123	294	1.64e-12	61.6
XP_020719195.1	XP_016771021.1	32.609	46	27	2	33	75	187	231	0.049	24.6
XP_020719195.1	XP_016771020.1	32.609	46	27	2	33	75	187	231	0.049	24.6
XP_020719308.1	XP_006562311.2	28.395	81	55	2	22	102	519	596	0.011	28.5
XP_020719308.1	XP_006562310.2	28.395	81	55	2	22	102	519	596	0.011	28.5
XP_020719308.1	XP_006562308.2	28.395	81	55	2	22	102	717	794	0.012	28.1
XP_020719308.1	XP_016771028.2	28.395	81	55	2	22	102	381	458	0.017	27.7
XP_020719308.1	XP_016771029.2	28.395	81	55	2	22	102	317	394	0.018	27.7
XP_020719311.1	XP_006562311.2	25.556	270	168	8	93	337	56	317	2.55e-19	82.8
XP_020719311.1	XP_006562310.2	25.556	270	168	8	93	337	56	317	2.55e-19	82.8
XP_020719311.1	XP_006562308.2	25.556	270	168	8	93	337	275	536	3.44e-19	82.4
XP_020719373.1	XP_016771029.2	21.354	192	124	6	577	749	1366	1549	0.015	29.3
XP_020719373.1	XP_016771028.2	21.354	192	124	6	577	749	1430	1613	0.015	29.3
XP_020719373.1	XP_006562311.2	21.354	192	124	6	577	749	1568	1751	0.020	28.9
XP_020719373.1	XP_006562310.2	21.354	192	124	6	577	749	1568	1751	0.020	28.9
XP_020719373.1	XP_006562308.2	21.354	192	124	6	577	749	1766	1949	0.023	28.5
XP_020719374.1	XP_016771029.2	21.354	192	124	6	577	749	1366	1549	0.015	29.3
XP_020719374.1	XP_016771028.2	21.354	192	124	6	577	749	1430	1613	0.015	29.3
XP_020719374.1	XP_006562311.2	21.354	192	124	6	577	749	1568	1751	0.020	28.9
XP_020719374.1	XP_006562310.2	21.354	192	124	6	577	749	1568	1751	0.020	28.9
XP_020719374.1	XP_006562308.2	21.354	192	124	6	577	749	1766	1949	0.023	28.5
XP_020719387.1	XP_016771021.1	29.114	79	38	3	461	539	322	382	0.047	26.9
XP_020719387.1	XP_016771020.1	29.114	79	38	3	461	539	322	382	0.047	26.9
XP_020719609.1	XP_016771021.1	42.500	40	12	2	33	72	33	61	0.050	25.8
XP_020719609.1	XP_016771020.1	42.500	40	12	2	33	72	33	61	0.050	25.8
XP_020719801.1	XP_016771028.2	56.250	16	7	0	139	154	104	119	0.013	26.2
XP_020719803.1	XP_006562308.2	33.898	59	38	1	393	450	891	949	0.008	30.0
XP_020719803.1	XP_006562311.2	33.898	59	38	1	393	450	693	751	0.009	29.6
XP_020719803.1	XP_006562310.2	33.898	59	38	1	393	450	693	751	0.009	29.6
XP_020719803.1	XP_016771028.2	33.898	59	38	1	393	450	555	613	0.010	29.6
XP_020719803.1	XP_016771029.2	33.898	59	38	1	393	450	491	549	0.010	29.6
XP_020719804.1	XP_006562308.2	33.898	59	38	1	393	450	891	949	0.008	30.0
XP_020719804.1	XP_006562311.2	33.898	59	38	1	393	450	693	751	0.009	29.6
XP_020719804.1	XP_006562310.2	33.898	59	38	1	393	450	693	751	0.009	29.6
XP_020719804.1	XP_016771028.2	33.898	59	38	1	393	450	555	613	0.010	29.6
XP_020719804.1	XP_016771029.2	33.898	59	38	1	393	450	491	549	0.010	29.6
XP_020719805.1	XP_006562308.2	33.898	59	38	1	393	450	891	949	0.008	30.0
XP_020719805.1	XP_006562311.2	33.898	59	38	1	393	450	693	751	0.009	29.6
XP_020719805.1	XP_006562310.2	33.898	59	38	1	393	450	693	751	0.009	29.6
XP_020719805.1	XP_016771028.2	33.898	59	38	1	393	450	555	613	0.010	29.6
XP_020719805.1	XP_016771029.2	33.898	59	38	1	393	450	491	549	0.010	29.6
XP_020719806.1	XP_006562308.2	33.898	59	38	1	393	450	891	949	0.008	30.0
XP_020719806.1	XP_006562311.2	33.898	59	38	1	393	450	693	751	0.009	29.6
XP_020719806.1	XP_006562310.2	33.898	59	38	1	393	450	693	751	0.009	29.6
XP_020719806.1	XP_016771028.2	33.898	59	38	1	393	450	555	613	0.010	29.6
XP_020719806.1	XP_016771029.2	33.898	59	38	1	393	450	491	549	0.010	29.6
XP_020719807.1	XP_006562308.2	33.898	59	38	1	393	450	891	949	0.008	30.0
XP_020719807.1	XP_006562311.2	33.898	59	38	1	393	450	693	751	0.009	29.6
XP_020719807.1	XP_006562310.2	33.898	59	38	1	393	450	693	751	0.009	29.6
XP_020719807.1	XP_016771028.2	33.898	59	38	1	393	450	555	613	0.010	29.6
XP_020719807.1	XP_016771029.2	33.898	59	38	1	393	450	491	549	0.010	29.6
XP_020719808.1	XP_006562308.2	33.898	59	38	1	393	450	891	949	0.008	30.0
XP_020719808.1	XP_006562311.2	33.898	59	38	1	393	450	693	751	0.009	29.6
XP_020719808.1	XP_006562310.2	33.898	59	38	1	393	450	693	751	0.009	29.6
XP_020719808.1	XP_016771028.2	33.898	59	38	1	393	450	555	613	0.010	29.6
XP_020719808.1	XP_016771029.2	33.898	59	38	1	393	450	491	549	0.010	29.6
XP_020719809.1	XP_006562308.2	33.898	59	38	1	383	440	891	949	0.007	30.0
XP_020719809.1	XP_006562311.2	33.898	59	38	1	383	440	693	751	0.008	30.0
XP_020719809.1	XP_006562310.2	33.898	59	38	1	383	440	693	751	0.008	30.0
XP_020719809.1	XP_016771029.2	33.898	59	38	1	383	440	491	549	0.010	29.6
XP_020719809.1	XP_016771028.2	33.898	59	38	1	383	440	555	613	0.010	29.6
XP_020719810.1	XP_006562308.2	33.898	59	38	1	324	381	891	949	0.011	29.3
XP_020719810.1	XP_006562311.2	33.898	59	38	1	324	381	693	751	0.012	29.3
XP_020719810.1	XP_006562310.2	33.898	59	38	1	324	381	693	751	0.012	29.3
XP_020719810.1	XP_016771028.2	33.898	59	38	1	324	381	555	613	0.013	29.3
XP_020719810.1	XP_016771029.2	33.898	59	38	1	324	381	491	549	0.014	28.9
XP_020719811.1	XP_006562308.2	33.898	59	38	1	286	343	891	949	0.010	29.3
XP_020719811.1	XP_006562311.2	33.898	59	38	1	286	343	693	751	0.012	29.3
XP_020719811.1	XP_006562310.2	33.898	59	38	1	286	343	693	751	0.012	29.3
XP_020719811.1	XP_016771029.2	33.898	59	38	1	286	343	491	549	0.013	29.3
XP_020719811.1	XP_016771028.2	33.898	59	38	1	286	343	555	613	0.013	29.3
XP_020719812.1	XP_006562308.2	33.898	59	38	1	286	343	891	949	0.010	29.3
XP_020719812.1	XP_006562311.2	33.898	59	38	1	286	343	693	751	0.012	29.3
XP_020719812.1	XP_006562310.2	33.898	59	38	1	286	343	693	751	0.012	29.3
XP_020719812.1	XP_016771029.2	33.898	59	38	1	286	343	491	549	0.013	29.3
XP_020719812.1	XP_016771028.2	33.898	59	38	1	286	343	555	613	0.013	29.3
XP_020719851.1	XP_006562308.2	25.581	43	32	0	622	664	2147	2189	0.016	29.3
XP_020719851.1	XP_006562311.2	25.581	43	32	0	622	664	1949	1991	0.017	29.3
XP_020719851.1	XP_006562310.2	25.581	43	32	0	622	664	1949	1991	0.017	29.3
XP_020719851.1	XP_016771029.2	25.581	43	32	0	622	664	1747	1789	0.020	28.9
XP_020719851.1	XP_016771028.2	25.581	43	32	0	622	664	1811	1853	0.025	28.5
XP_020720241.1	XP_016771029.2	42.424	33	18	1	143	174	118	150	0.046	28.1
XP_020720292.1	XP_016771021.1	31.818	88	53	4	659	742	527	611	0.029	28.9
XP_020720292.1	XP_016771020.1	31.818	88	53	4	659	742	527	611	0.029	28.9
XP_020720293.1	XP_016771021.1	31.818	88	53	4	659	742	527	611	0.029	28.9
XP_020720293.1	XP_016771020.1	31.818	88	53	4	659	742	527	611	0.029	28.9
XP_020720438.1	NP_001011612.1	38.095	21	13	0	142	162	13	33	0.043	23.1
XP_020720478.1	XP_006562308.2	43.182	44	22	1	277	320	758	798	0.030	27.3
XP_020720478.1	XP_006562311.2	43.182	44	22	1	277	320	560	600	0.032	26.9
XP_020720478.1	XP_006562310.2	43.182	44	22	1	277	320	560	600	0.032	26.9
XP_020720478.1	XP_016771028.2	43.182	44	22	1	277	320	422	462	0.037	26.9
XP_020720478.1	XP_016771029.2	43.182	44	22	1	277	320	358	398	0.039	26.9
XP_020720980.1	XP_016771021.1	28.986	69	42	2	50	111	216	284	0.042	25.4
XP_020720980.1	XP_016771020.1	28.986	69	42	2	50	111	216	284	0.042	25.4
XP_020721051.1	XP_006562308.2	28.125	64	44	1	546	607	701	764	0.004	30.8
XP_020721161.1	XP_016771028.2	20.606	165	110	5	498	656	296	445	0.002	31.6
XP_020721161.1	XP_016771029.2	20.606	165	110	5	498	656	232	381	0.002	31.6
XP_020721161.1	XP_006562311.2	20.606	165	110	5	498	656	434	583	0.003	31.2
XP_020721161.1	XP_006562310.2	20.606	165	110	5	498	656	434	583	0.003	31.2
XP_020721161.1	XP_006562308.2	20.408	147	99	4	516	656	647	781	0.034	27.7
XP_020721224.1	XP_016771028.2	32.558	43	27	1	82	124	917	957	0.031	25.8
XP_020721224.1	XP_016771029.2	32.558	43	27	1	82	124	853	893	0.034	25.8
XP_020721224.1	XP_006562311.2	32.558	43	27	1	82	124	1055	1095	0.046	25.4
XP_020721224.1	XP_006562310.2	32.558	43	27	1	82	124	1055	1095	0.046	25.4
XP_020721224.1	XP_006562308.2	32.558	43	27	1	82	124	1253	1293	0.050	25.4
XP_020721395.1	XP_016771029.2	23.214	112	73	2	961	1072	549	647	5.99e-04	34.7
XP_020721395.1	XP_016771028.2	23.214	112	73	2	961	1072	613	711	6.42e-04	34.3
XP_020721395.1	XP_006562311.2	23.214	112	73	2	961	1072	751	849	7.63e-04	34.3
XP_020721395.1	XP_006562310.2	23.214	112	73	2	961	1072	751	849	7.63e-04	34.3
XP_020721395.1	XP_006562308.2	23.214	112	73	2	961	1072	949	1047	8.14e-04	34.3
XP_020721626.1	XP_006562308.2	41.071	56	31	1	1506	1561	1069	1122	0.003	33.1
XP_020721626.1	XP_006562311.2	41.071	56	31	1	1506	1561	871	924	0.003	33.1
XP_020721626.1	XP_006562310.2	41.071	56	31	1	1506	1561	871	924	0.003	33.1
XP_020721626.1	XP_016771028.2	41.818	55	30	1	1506	1560	733	785	0.003	33.1
XP_020721626.1	XP_016771029.2	41.818	55	30	1	1506	1560	669	721	0.004	33.1
XP_020721732.1	XP_006562308.2	77.836	2283	384	57	1	2181	1	2263	0.0	3241
XP_020721732.1	XP_006562311.2	76.605	2056	338	58	249	2181	30	2065	0.0	2816
XP_020721732.1	XP_006562310.2	76.605	2056	338	58	249	2181	30	2065	0.0	2816
XP_020721732.1	XP_016771029.2	73.252	1802	336	60	505	2181	83	1863	0.0	2249
XP_020721732.1	XP_016771028.2	72.763	1766	336	59	540	2181	183	1927	0.0	2178
XP_020721733.1	XP_006562311.2	77.938	2085	338	57	1	1983	1	2065	0.0	2918
XP_020721733.1	XP_006562310.2	77.938	2085	338	57	1	1983	1	2065	0.0	2918
XP_020721733.1	XP_006562308.2	76.605	2056	338	58	30	1983	249	2263	0.0	2825
XP_020721733.1	XP_016771029.2	74.417	1802	336	59	286	1983	83	1863	0.0	2312
XP_020721733.1	XP_016771028.2	73.952	1766	336	58	321	1983	183	1927	0.0	2241
XP_020721734.1	XP_006562311.2	77.938	2085	338	57	1	1983	1	2065	0.0	2918
XP_020721734.1	XP_006562310.2	77.938	2085	338	57	1	1983	1	2065	0.0	2918
XP_020721734.1	XP_006562308.2	76.605	2056	338	58	30	1983	249	2263	0.0	2825
XP_020721734.1	XP_016771029.2	74.417	1802	336	59	286	1983	83	1863	0.0	2312
XP_020721734.1	XP_016771028.2	73.952	1766	336	58	321	1983	183	1927	0.0	2241
XP_020722057.1	XP_006562311.2	41.463	41	23	1	769	808	52	92	0.003	31.6
XP_020722057.1	XP_006562310.2	41.463	41	23	1	769	808	52	92	0.003	31.6
XP_020722057.1	XP_006562308.2	41.463	41	23	1	769	808	271	311	0.003	31.6
XP_020722058.1	XP_006562311.2	41.463	41	23	1	769	808	52	92	0.003	31.6
XP_020722058.1	XP_006562310.2	41.463	41	23	1	769	808	52	92	0.003	31.6
XP_020722058.1	XP_006562308.2	41.463	41	23	1	769	808	271	311	0.003	31.6
XP_020722093.1	XP_016771021.1	24.031	129	75	4	46	151	411	539	0.001	29.3
XP_020722093.1	XP_016771020.1	24.031	129	75	4	46	151	411	539	0.001	29.3
XP_020722196.1	XP_016771029.2	36.667	30	19	0	72	101	1496	1525	0.041	25.8
XP_020722196.1	XP_016771028.2	36.667	30	19	0	72	101	1560	1589	0.042	25.8
XP_020722196.1	XP_006562311.2	36.667	30	19	0	72	101	1698	1727	0.047	25.4
XP_020722196.1	XP_006562310.2	36.667	30	19	0	72	101	1698	1727	0.047	25.4
XP_020722196.1	XP_006562308.2	36.667	30	19	0	72	101	1896	1925	0.049	25.4
XP_020722204.1	XP_016771028.2	28.571	49	35	0	675	723	1668	1716	0.007	30.8
XP_020722204.1	XP_016771029.2	28.571	49	35	0	675	723	1604	1652	0.008	30.8
XP_020722204.1	XP_006562308.2	28.571	49	35	0	675	723	2004	2052	0.010	30.4
XP_020722204.1	XP_006562311.2	28.571	49	35	0	675	723	1806	1854	0.011	30.4
XP_020722204.1	XP_006562310.2	28.571	49	35	0	675	723	1806	1854	0.011	30.4
XP_020722240.1	XP_006562311.2	24.324	74	56	0	21	94	1903	1976	6.32e-04	31.2
XP_020722240.1	XP_006562310.2	24.324	74	56	0	21	94	1903	1976	6.32e-04	31.2
XP_020722240.1	XP_016771029.2	24.324	74	56	0	21	94	1701	1774	6.75e-04	30.8
XP_020722240.1	XP_016771028.2	24.324	74	56	0	21	94	1765	1838	6.82e-04	30.8
XP_020722240.1	XP_006562308.2	24.324	74	56	0	21	94	2101	2174	7.05e-04	30.8
XP_020722286.1	XP_006562311.2	27.778	54	37	1	75	126	35	88	0.044	25.8
XP_020722286.1	XP_006562310.2	27.778	54	37	1	75	126	35	88	0.044	25.8
XP_020722286.1	XP_006562308.2	27.778	54	37	1	75	126	254	307	0.046	25.8
XP_020722438.1	XP_016771029.2	25.352	142	78	7	319	446	1358	1485	0.015	28.1
XP_020722438.1	XP_016771028.2	25.352	142	78	7	319	446	1422	1549	0.018	27.7
XP_020722438.1	XP_006562311.2	25.352	142	78	7	319	446	1560	1687	0.018	27.7
XP_020722438.1	XP_006562310.2	25.352	142	78	7	319	446	1560	1687	0.018	27.7
XP_020722438.1	XP_006562308.2	25.352	142	78	7	319	446	1758	1885	0.019	27.7
XP_020722439.1	XP_016771029.2	25.352	142	78	7	287	414	1358	1485	0.023	27.3
XP_020722439.1	XP_006562311.2	25.352	142	78	7	287	414	1560	1687	0.027	27.3
XP_020722439.1	XP_006562310.2	25.352	142	78	7	287	414	1560	1687	0.027	27.3
XP_020722439.1	XP_016771028.2	25.352	142	78	7	287	414	1422	1549	0.028	26.9
XP_020722439.1	XP_006562308.2	25.352	142	78	7	287	414	1758	1885	0.032	26.9
XP_020722969.1	XP_016771028.2	25.000	64	47	1	76	138	76	139	0.042	26.6
XP_020722970.1	XP_016771028.2	25.000	64	47	1	76	138	76	139	0.042	26.6
XP_020722971.1	XP_016771028.2	25.000	64	47	1	76	138	76	139	0.042	26.6
XP_020722972.1	XP_016771028.2	25.000	64	47	1	76	138	76	139	0.042	26.6
XP_020722973.1	XP_016771028.2	25.000	64	47	1	76	138	76	139	0.009	26.6
XP_020723639.1	XP_006562311.2	40.000	50	20	3	82	121	1910	1959	0.021	28.5
XP_020723639.1	XP_006562310.2	40.000	50	20	3	82	121	1910	1959	0.021	28.5
XP_020723639.1	XP_016771029.2	40.000	50	20	3	82	121	1708	1757	0.021	28.5
XP_020723639.1	XP_006562308.2	40.000	50	20	3	82	121	2108	2157	0.023	28.1
XP_020723639.1	XP_016771028.2	40.000	50	20	3	82	121	1772	1821	0.025	28.1
XP_020723640.1	XP_006562311.2	40.000	50	20	3	82	121	1910	1959	0.021	28.5
XP_020723640.1	XP_006562310.2	40.000	50	20	3	82	121	1910	1959	0.021	28.5
XP_020723640.1	XP_016771029.2	40.000	50	20	3	82	121	1708	1757	0.021	28.5
XP_020723640.1	XP_006562308.2	40.000	50	20	3	82	121	2108	2157	0.023	28.1
XP_020723640.1	XP_016771028.2	40.000	50	20	3	82	121	1772	1821	0.025	28.1
XP_020723641.1	XP_006562311.2	40.000	50	20	3	76	115	1910	1959	0.018	28.5
XP_020723641.1	XP_006562310.2	40.000	50	20	3	76	115	1910	1959	0.018	28.5
XP_020723641.1	XP_016771029.2	40.000	50	20	3	76	115	1708	1757	0.019	28.5
XP_020723641.1	XP_006562308.2	40.000	50	20	3	76	115	2108	2157	0.021	28.5
XP_020723641.1	XP_016771028.2	40.000	50	20	3	76	115	1772	1821	0.024	28.1
XP_020723642.1	XP_006562311.2	40.000	50	20	3	73	112	1910	1959	0.018	28.5
XP_020723642.1	XP_006562310.2	40.000	50	20	3	73	112	1910	1959	0.018	28.5
XP_020723642.1	XP_016771029.2	40.000	50	20	3	73	112	1708	1757	0.020	28.5
XP_020723642.1	XP_006562308.2	40.000	50	20	3	73	112	2108	2157	0.021	28.5
XP_020723642.1	XP_016771028.2	40.000	50	20	3	73	112	1772	1821	0.024	28.1
XP_020723770.1	XP_006562308.2	27.848	79	53	3	19	96	1886	1961	6.46e-04	30.8
XP_020723770.1	XP_006562311.2	27.848	79	53	3	19	96	1688	1763	0.001	30.4
XP_020723770.1	XP_006562310.2	27.848	79	53	3	19	96	1688	1763	0.001	30.4
XP_020723775.1	XP_016771028.2	35.000	80	40	4	1338	1415	1842	1911	0.044	28.5
XP_020723776.1	XP_016771028.2	35.000	80	40	4	1323	1400	1842	1911	0.043	28.5
XP_020723777.1	XP_016771028.2	35.000	80	40	4	1283	1360	1842	1911	0.039	28.5
XP_020723777.1	XP_016771029.2	35.000	80	40	4	1283	1360	1778	1847	0.048	28.5
XP_020723778.1	XP_016771028.2	35.000	80	40	4	1054	1131	1842	1911	0.043	28.1
XP_020723863.1	XP_006562311.2	28.571	77	49	3	471	542	1177	1252	0.007	29.6
XP_020723863.1	XP_006562310.2	28.571	77	49	3	471	542	1177	1252	0.007	29.6
XP_020723863.1	XP_016771028.2	28.571	77	49	3	471	542	1039	1114	0.007	29.6
XP_020723863.1	XP_006562308.2	28.571	77	49	3	471	542	1375	1450	0.007	29.6
XP_020723863.1	XP_016771029.2	28.571	77	49	3	471	542	975	1050	0.008	29.3
XP_020723878.1	XP_006562308.2	21.591	264	146	12	234	475	271	495	0.019	28.1
XP_020723878.1	XP_006562311.2	21.591	264	146	12	234	475	52	276	0.023	27.7
XP_020723878.1	XP_006562310.2	21.591	264	146	12	234	475	52	276	0.023	27.7
XP_020723882.1	XP_016771029.2	59.091	22	8	1	1	22	110	130	0.003	28.9
XP_020723882.1	XP_006562311.2	59.091	22	8	1	1	22	312	332	0.003	28.9
XP_020723882.1	XP_006562310.2	59.091	22	8	1	1	22	312	332	0.003	28.9
XP_020723882.1	XP_006562308.2	59.091	22	8	1	1	22	531	551	0.003	28.9
XP_020724124.1	XP_006562311.2	25.559	313	171	11	486	766	64	346	1.24e-18	82.4
XP_020724124.1	XP_006562310.2	25.559	313	171	11	486	766	64	346	1.24e-18	82.4
XP_020724124.1	XP_006562308.2	25.559	313	171	11	486	766	283	565	1.26e-18	82.4
