XP_011250559.1	XP_016771021.1	28.244	131	78	5	214	328	109	239	0.003	29.3
XP_011250559.1	XP_016771020.1	28.244	131	78	5	214	328	109	239	0.003	29.3
XP_011250800.1	XP_016771028.2	43.590	39	19	2	37	72	1759	1797	0.027	23.9
XP_011250800.1	XP_016771029.2	43.590	39	19	2	37	72	1695	1733	0.032	23.5
XP_011250800.1	XP_006562308.2	43.590	39	19	2	37	72	2095	2133	0.034	23.5
XP_011250800.1	XP_006562311.2	43.590	39	19	2	37	72	1897	1935	0.040	23.5
XP_011250800.1	XP_006562310.2	43.590	39	19	2	37	72	1897	1935	0.040	23.5
XP_011251188.1	XP_006562311.2	33.937	221	125	6	66	265	64	284	2.08e-30	113
XP_011251188.1	XP_006562310.2	33.937	221	125	6	66	265	64	284	2.08e-30	113
XP_011251188.1	XP_006562308.2	33.937	221	125	6	66	265	283	503	2.59e-30	112
XP_011251332.1	XP_016771021.1	26.429	280	168	12	42	294	208	476	4.38e-17	72.8
XP_011251332.1	XP_016771020.1	26.429	280	168	12	42	294	208	476	4.38e-17	72.8
XP_011251394.2	NP_001011611.2	34.375	32	20	1	8	39	19	49	0.047	23.5
XP_011251606.2	XP_006562308.2	24.691	81	61	0	44	124	1871	1951	0.013	26.6
XP_011251606.2	XP_006562311.2	24.691	81	61	0	44	124	1673	1753	0.015	26.6
XP_011251606.2	XP_006562310.2	24.691	81	61	0	44	124	1673	1753	0.015	26.6
XP_011251606.2	XP_016771029.2	24.691	81	61	0	44	124	1471	1551	0.020	26.2
XP_011251606.2	XP_016771028.2	24.691	81	61	0	44	124	1535	1615	0.023	25.8
XP_011251685.2	XP_016771029.2	29.508	61	39	1	45	105	1258	1314	0.025	26.2
XP_011251685.2	XP_016771028.2	29.508	61	39	1	45	105	1322	1378	0.025	26.2
XP_011251685.2	XP_006562308.2	29.508	61	39	1	45	105	1658	1714	0.025	26.2
XP_011251685.2	XP_006562311.2	29.508	61	39	1	45	105	1460	1516	0.026	25.8
XP_011251685.2	XP_006562310.2	29.508	61	39	1	45	105	1460	1516	0.026	25.8
XP_011251930.1	XP_006562311.2	26.087	115	65	3	271	367	1451	1563	0.041	26.6
XP_011251930.1	XP_006562310.2	26.087	115	65	3	271	367	1451	1563	0.041	26.6
XP_011251930.1	XP_016771028.2	26.087	115	65	3	271	367	1313	1425	0.041	26.6
XP_011251930.1	XP_016771029.2	26.087	115	65	3	271	367	1249	1361	0.043	26.6
XP_011251930.1	XP_006562308.2	26.087	115	65	3	271	367	1649	1761	0.046	26.6
XP_011252221.1	XP_016771028.2	28.750	80	48	3	657	731	130	205	0.048	27.3
XP_011252512.1	XP_016771021.1	35.484	62	38	1	1641	1700	172	233	0.002	33.5
XP_011252512.1	XP_016771020.1	35.484	62	38	1	1641	1700	172	233	0.002	33.5
XP_011252913.2	XP_016771029.2	36.842	38	24	0	35	72	1740	1777	0.019	26.6
XP_011252913.2	XP_016771028.2	36.842	38	24	0	35	72	1804	1841	0.019	26.6
XP_011252913.2	XP_006562311.2	36.842	38	24	0	35	72	1942	1979	0.019	26.6
XP_011252913.2	XP_006562310.2	36.842	38	24	0	35	72	1942	1979	0.019	26.6
XP_011252913.2	XP_006562308.2	36.842	38	24	0	35	72	2140	2177	0.019	26.6
XP_011252914.2	XP_006562311.2	36.842	38	24	0	35	72	1942	1979	0.018	26.6
XP_011252914.2	XP_006562310.2	36.842	38	24	0	35	72	1942	1979	0.018	26.6
XP_011252914.2	XP_006562308.2	36.842	38	24	0	35	72	2140	2177	0.019	26.6
XP_011252914.2	XP_016771029.2	36.842	38	24	0	35	72	1740	1777	0.019	26.2
XP_011252914.2	XP_016771028.2	36.842	38	24	0	35	72	1804	1841	0.019	26.2
XP_011252915.2	XP_006562311.2	36.842	38	24	0	35	72	1942	1979	0.018	26.6
XP_011252915.2	XP_006562310.2	36.842	38	24	0	35	72	1942	1979	0.018	26.6
XP_011252915.2	XP_006562308.2	36.842	38	24	0	35	72	2140	2177	0.019	26.6
XP_011252915.2	XP_016771029.2	36.842	38	24	0	35	72	1740	1777	0.019	26.2
XP_011252915.2	XP_016771028.2	36.842	38	24	0	35	72	1804	1841	0.019	26.2
XP_011253241.2	XP_006562308.2	27.350	117	80	4	263	376	331	445	3.21e-05	37.7
XP_011253241.2	XP_006562311.2	27.350	117	80	4	263	376	112	226	4.12e-05	37.4
XP_011253241.2	XP_006562310.2	27.350	117	80	4	263	376	112	226	4.12e-05	37.4
XP_011253745.1	XP_016771028.2	25.490	51	33	1	55	100	1578	1628	0.019	27.7
XP_011253745.1	XP_016771029.2	25.490	51	33	1	55	100	1514	1564	0.020	27.3
XP_011253746.1	XP_016771028.2	25.490	51	33	1	55	100	1578	1628	0.021	27.3
XP_011253746.1	XP_016771029.2	25.490	51	33	1	55	100	1514	1564	0.021	27.3
XP_011253921.1	XP_006562308.2	22.222	180	113	7	198	363	347	513	1.28e-04	34.7
XP_011253921.1	XP_006562311.2	22.222	180	113	7	198	363	128	294	1.82e-04	33.9
XP_011253921.1	XP_006562310.2	22.222	180	113	7	198	363	128	294	1.82e-04	33.9
XP_011253922.1	XP_006562308.2	22.222	180	113	7	197	362	347	513	1.29e-04	34.3
XP_011253922.1	XP_006562311.2	22.222	180	113	7	197	362	128	294	1.97e-04	33.9
XP_011253922.1	XP_006562310.2	22.222	180	113	7	197	362	128	294	1.97e-04	33.9
XP_011254100.2	XP_016771028.2	26.804	97	60	4	792	879	1224	1318	0.014	29.6
XP_011254100.2	XP_006562308.2	26.804	97	60	4	792	879	1560	1654	0.016	29.6
XP_011254100.2	XP_006562311.2	26.804	97	60	4	792	879	1362	1456	0.018	29.3
XP_011254100.2	XP_006562310.2	26.804	97	60	4	792	879	1362	1456	0.018	29.3
XP_011254100.2	XP_016771029.2	26.804	97	60	4	792	879	1160	1254	0.019	29.3
XP_011254163.1	NP_001011611.2	32.143	28	19	0	206	233	14	41	0.027	24.6
XP_011254164.1	NP_001011611.2	32.143	28	19	0	205	232	14	41	0.027	24.6
XP_011254165.1	NP_001011611.2	32.143	28	19	0	103	130	14	41	0.022	24.6
XP_011254257.1	XP_016771028.2	25.758	66	46	2	76	140	76	139	0.042	26.6
XP_011254259.1	XP_016771028.2	25.758	66	46	2	76	140	76	139	0.042	26.6
XP_011254262.1	XP_016771028.2	25.758	66	46	2	76	140	76	139	0.010	26.6
XP_011254263.1	XP_016771028.2	25.000	76	49	2	76	151	76	143	0.022	25.4
XP_011254421.1	XP_016771028.2	26.389	72	51	1	56	125	399	470	0.031	25.8
XP_011254421.1	XP_016771029.2	26.389	72	51	1	56	125	335	406	0.032	25.8
XP_011254421.1	XP_006562311.2	26.389	72	51	1	56	125	537	608	0.034	25.8
XP_011254421.1	XP_006562310.2	26.389	72	51	1	56	125	537	608	0.034	25.8
XP_011254421.1	XP_006562308.2	26.389	72	51	1	56	125	735	806	0.039	25.4
XP_011254464.1	NP_001011611.2	47.059	17	9	0	105	121	16	32	0.040	23.5
XP_011254604.1	XP_016771029.2	28.571	56	34	1	228	277	513	568	0.045	28.5
XP_011254674.1	XP_006562308.2	21.429	252	139	11	239	470	283	495	0.012	28.5
XP_011254674.1	XP_006562311.2	21.429	252	139	11	239	470	64	276	0.016	28.1
XP_011254674.1	XP_006562310.2	21.429	252	139	11	239	470	64	276	0.016	28.1
XP_011254675.1	XP_006562308.2	21.429	252	139	11	239	470	283	495	0.012	28.5
XP_011254675.1	XP_006562311.2	21.429	252	139	11	239	470	64	276	0.016	28.1
XP_011254675.1	XP_006562310.2	21.429	252	139	11	239	470	64	276	0.016	28.1
XP_011255001.1	XP_006562308.2	30.556	36	25	0	174	209	404	439	0.041	25.8
XP_011255001.1	XP_006562311.2	30.556	36	25	0	174	209	185	220	0.046	25.8
XP_011255001.1	XP_006562310.2	30.556	36	25	0	174	209	185	220	0.046	25.8
XP_011255002.1	XP_006562308.2	30.556	36	25	0	172	207	404	439	0.042	25.8
XP_011255002.1	XP_006562311.2	30.556	36	25	0	172	207	185	220	0.046	25.8
XP_011255002.1	XP_006562310.2	30.556	36	25	0	172	207	185	220	0.046	25.8
XP_011255117.1	XP_016771029.2	26.923	52	38	0	520	571	1597	1648	0.018	28.1
XP_011255117.1	XP_016771028.2	26.923	52	38	0	520	571	1661	1712	0.018	28.1
XP_011255117.1	XP_006562311.2	26.923	52	38	0	520	571	1799	1850	0.018	28.1
XP_011255117.1	XP_006562310.2	26.923	52	38	0	520	571	1799	1850	0.018	28.1
XP_011255117.1	XP_006562308.2	26.531	49	36	0	523	571	2000	2048	0.037	27.3
XP_011255886.3	XP_006562308.2	26.271	236	142	8	489	697	283	513	5.50e-19	83.6
XP_011255886.3	XP_006562311.2	26.160	237	143	8	489	698	64	295	6.03e-19	83.2
XP_011255886.3	XP_006562310.2	26.160	237	143	8	489	698	64	295	6.03e-19	83.2
XP_011256189.2	XP_006562311.2	25.253	198	110	6	144	318	1080	1262	0.014	29.6
XP_011256189.2	XP_006562310.2	25.253	198	110	6	144	318	1080	1262	0.014	29.6
XP_011256189.2	XP_006562308.2	25.253	198	110	6	144	318	1278	1460	0.029	28.9
XP_011256189.2	XP_016771029.2	25.253	198	110	6	144	318	878	1060	0.033	28.5
XP_011256189.2	XP_016771028.2	25.253	198	110	6	144	318	942	1124	0.046	28.1
XP_011256190.2	XP_006562311.2	25.253	198	110	6	167	341	1080	1262	0.008	30.8
XP_011256190.2	XP_006562310.2	25.253	198	110	6	167	341	1080	1262	0.008	30.8
XP_011256190.2	XP_006562308.2	25.253	198	110	6	167	341	1278	1460	0.014	29.6
XP_011256190.2	XP_016771029.2	25.253	198	110	6	167	341	878	1060	0.018	29.3
XP_011256190.2	XP_016771028.2	25.253	198	110	6	167	341	942	1124	0.027	28.9
XP_011256468.1	XP_006562308.2	27.928	111	51	4	403	500	1816	1910	0.005	29.6
XP_011256468.1	XP_006562311.2	27.928	111	51	4	403	500	1618	1712	0.006	29.3
XP_011256468.1	XP_006562310.2	27.928	111	51	4	403	500	1618	1712	0.006	29.3
XP_011256468.1	XP_016771028.2	27.928	111	51	4	403	500	1480	1574	0.007	29.3
XP_011256468.1	XP_016771029.2	27.928	111	51	4	403	500	1416	1510	0.007	29.3
XP_011256494.1	XP_006562308.2	27.928	111	51	4	395	492	1816	1910	0.005	29.6
XP_011256494.1	XP_006562311.2	27.928	111	51	4	395	492	1618	1712	0.007	29.3
XP_011256494.1	XP_006562310.2	27.928	111	51	4	395	492	1618	1712	0.007	29.3
XP_011256494.1	XP_016771029.2	27.928	111	51	4	395	492	1416	1510	0.007	29.3
XP_011256494.1	XP_016771028.2	27.928	111	51	4	395	492	1480	1574	0.007	29.3
XP_011256529.1	XP_016771021.1	31.148	61	41	1	132	192	113	172	0.034	25.8
XP_011256529.1	XP_016771020.1	31.148	61	41	1	132	192	113	172	0.034	25.8
XP_011256530.1	XP_016771021.1	31.148	61	41	1	132	192	113	172	0.034	25.8
XP_011256530.1	XP_016771020.1	31.148	61	41	1	132	192	113	172	0.034	25.8
XP_011256531.1	XP_016771021.1	31.148	61	41	1	132	192	113	172	0.034	25.8
XP_011256531.1	XP_016771020.1	31.148	61	41	1	132	192	113	172	0.034	25.8
XP_011256575.1	XP_016771029.2	41.026	39	22	1	290	327	1206	1244	0.001	31.2
XP_011256575.1	XP_006562311.2	41.026	39	22	1	290	327	1408	1446	0.001	31.2
XP_011256575.1	XP_006562310.2	41.026	39	22	1	290	327	1408	1446	0.001	31.2
XP_011256575.1	XP_006562308.2	41.026	39	22	1	290	327	1606	1644	0.001	30.8
XP_011256575.1	XP_016771028.2	41.026	39	22	1	290	327	1270	1308	0.001	30.8
XP_011256707.1	XP_006562311.2	38.235	34	21	0	306	339	1463	1496	0.007	30.0
XP_011256707.1	XP_006562310.2	38.235	34	21	0	306	339	1463	1496	0.007	30.0
XP_011256707.1	XP_006562308.2	38.235	34	21	0	306	339	1661	1694	0.007	30.0
XP_011256707.1	XP_016771029.2	38.235	34	21	0	306	339	1261	1294	0.007	30.0
XP_011256707.1	XP_016771028.2	38.235	34	21	0	306	339	1325	1358	0.008	30.0
XP_011256719.1	XP_016771021.1	30.556	72	49	1	539	610	569	639	0.015	28.9
XP_011256719.1	XP_016771020.1	30.556	72	49	1	539	610	569	639	0.015	28.9
XP_011256720.1	XP_016771021.1	30.556	72	49	1	515	586	569	639	0.013	28.9
XP_011256720.1	XP_016771020.1	30.556	72	49	1	515	586	569	639	0.013	28.9
XP_011257052.1	XP_006562308.2	41.509	53	21	2	326	378	1648	1690	0.026	28.1
XP_011257052.1	XP_006562311.2	41.509	53	21	2	326	378	1450	1492	0.026	28.1
XP_011257052.1	XP_006562310.2	41.509	53	21	2	326	378	1450	1492	0.026	28.1
XP_011257052.1	XP_016771028.2	41.509	53	21	2	326	378	1312	1354	0.026	28.1
XP_011257052.1	XP_016771029.2	41.509	53	21	2	326	378	1248	1290	0.027	28.1
XP_011257053.1	XP_016771029.2	41.509	53	21	2	326	378	1248	1290	0.022	28.1
XP_011257053.1	XP_006562311.2	41.509	53	21	2	326	378	1450	1492	0.022	28.1
XP_011257053.1	XP_006562310.2	41.509	53	21	2	326	378	1450	1492	0.022	28.1
XP_011257053.1	XP_016771028.2	41.509	53	21	2	326	378	1312	1354	0.022	28.1
XP_011257053.1	XP_006562308.2	41.509	53	21	2	326	378	1648	1690	0.023	28.1
XP_011257144.1	XP_016771028.2	34.375	32	21	0	108	139	1226	1257	0.011	26.6
XP_011257144.1	XP_016771029.2	34.375	32	21	0	108	139	1162	1193	0.012	26.6
XP_011257144.1	XP_006562308.2	34.375	32	21	0	108	139	1562	1593	0.014	26.2
XP_011257144.1	XP_006562311.2	34.375	32	21	0	108	139	1364	1395	0.015	26.2
XP_011257144.1	XP_006562310.2	34.375	32	21	0	108	139	1364	1395	0.015	26.2
XP_011257403.1	XP_016771029.2	27.174	92	54	2	1009	1100	562	640	5.88e-04	34.7
XP_011257403.1	XP_016771028.2	27.174	92	54	2	1009	1100	626	704	6.30e-04	34.7
XP_011257403.1	XP_006562311.2	27.174	92	54	2	1009	1100	764	842	6.94e-04	34.3
XP_011257403.1	XP_006562310.2	27.174	92	54	2	1009	1100	764	842	6.94e-04	34.3
XP_011257403.1	XP_006562308.2	27.174	92	54	2	1009	1100	962	1040	7.72e-04	34.3
XP_011257404.1	XP_016771029.2	27.174	92	54	2	1009	1100	562	640	5.88e-04	34.7
XP_011257404.1	XP_016771028.2	27.174	92	54	2	1009	1100	626	704	6.30e-04	34.7
XP_011257404.1	XP_006562311.2	27.174	92	54	2	1009	1100	764	842	6.94e-04	34.3
XP_011257404.1	XP_006562310.2	27.174	92	54	2	1009	1100	764	842	6.94e-04	34.3
XP_011257404.1	XP_006562308.2	27.174	92	54	2	1009	1100	962	1040	7.72e-04	34.3
XP_011257509.1	XP_016771028.2	24.348	115	71	5	12	126	1756	1854	0.004	29.6
XP_011257509.1	XP_006562308.2	24.348	115	71	5	12	126	2092	2190	0.004	29.3
XP_011257509.1	XP_006562311.2	24.348	115	71	5	12	126	1894	1992	0.005	29.3
XP_011257509.1	XP_006562310.2	24.348	115	71	5	12	126	1894	1992	0.005	29.3
XP_011257509.1	XP_016771029.2	24.348	115	71	5	12	126	1692	1790	0.005	29.3
XP_011257790.1	XP_006562308.2	26.792	265	160	9	670	909	272	527	3.34e-19	84.3
XP_011257790.1	XP_006562311.2	26.792	265	160	9	670	909	53	308	4.12e-19	84.3
XP_011257790.1	XP_006562310.2	26.792	265	160	9	670	909	53	308	4.12e-19	84.3
XP_011257792.1	XP_006562308.2	26.792	265	160	9	630	869	272	527	4.26e-19	84.0
XP_011257792.1	XP_006562311.2	26.792	265	160	9	630	869	53	308	6.22e-19	83.6
XP_011257792.1	XP_006562310.2	26.792	265	160	9	630	869	53	308	6.22e-19	83.6
XP_011257793.1	XP_006562308.2	26.792	265	160	9	630	869	272	527	4.26e-19	84.0
XP_011257793.1	XP_006562311.2	26.792	265	160	9	630	869	53	308	6.22e-19	83.6
XP_011257793.1	XP_006562310.2	26.792	265	160	9	630	869	53	308	6.22e-19	83.6
XP_011258250.1	XP_016771021.1	42.105	19	11	0	10	28	508	526	0.020	24.3
XP_011258250.1	XP_016771020.1	42.105	19	11	0	10	28	508	526	0.020	24.3
XP_011258577.1	XP_006562311.2	25.185	270	169	8	92	336	56	317	2.14e-19	83.2
XP_011258577.1	XP_006562310.2	25.185	270	169	8	92	336	56	317	2.14e-19	83.2
XP_011258577.1	XP_006562308.2	25.185	270	169	8	92	336	275	536	2.57e-19	82.8
XP_011259006.1	XP_016771029.2	40.000	30	18	0	72	101	1496	1525	0.021	26.6
XP_011259006.1	XP_016771028.2	40.000	30	18	0	72	101	1560	1589	0.021	26.6
XP_011259006.1	XP_006562311.2	40.000	30	18	0	72	101	1698	1727	0.026	26.6
XP_011259006.1	XP_006562310.2	40.000	30	18	0	72	101	1698	1727	0.026	26.6
XP_011259006.1	XP_006562308.2	40.000	30	18	0	72	101	1896	1925	0.028	26.2
XP_011259321.1	XP_006562311.2	28.000	75	40	2	413	473	196	270	0.002	31.2
XP_011259321.1	XP_006562310.2	28.000	75	40	2	413	473	196	270	0.002	31.2
XP_011259321.1	XP_006562308.2	28.000	75	40	2	413	473	415	489	0.003	30.8
XP_011259580.1	XP_006562308.2	27.556	225	132	8	589	786	283	503	6.35e-15	70.1
XP_011259580.1	XP_006562311.2	27.556	225	132	8	589	786	64	284	7.80e-15	69.7
XP_011259580.1	XP_006562310.2	27.556	225	132	8	589	786	64	284	7.80e-15	69.7
XP_011259586.1	XP_006562308.2	27.556	225	132	8	562	759	283	503	7.71e-15	69.7
XP_011259586.1	XP_006562311.2	27.556	225	132	8	562	759	64	284	9.88e-15	69.3
XP_011259586.1	XP_006562310.2	27.556	225	132	8	562	759	64	284	9.88e-15	69.3
XP_011259702.1	XP_016771028.2	29.851	67	33	3	77	132	95	158	0.005	29.6
XP_011259703.1	XP_016771028.2	29.851	67	33	3	77	132	95	158	0.005	29.6
XP_011259705.1	XP_016771028.2	29.851	67	33	3	77	132	95	158	0.005	29.6
XP_011259949.2	XP_006562308.2	59.827	2310	752	58	19	2201	3	2263	0.0	2346
XP_011259949.2	XP_006562311.2	60.998	2064	654	55	260	2201	31	2065	0.0	2152
XP_011259949.2	XP_006562310.2	60.998	2064	654	55	260	2201	31	2065	0.0	2152
XP_011259949.2	XP_016771029.2	56.488	1811	627	58	517	2201	88	1863	0.0	1615
XP_011259949.2	XP_016771028.2	55.618	1780	629	58	548	2201	183	1927	0.0	1548
XP_011259950.2	XP_006562311.2	61.318	2094	659	55	1	1972	1	2065	0.0	2184
XP_011259950.2	XP_006562310.2	61.318	2094	659	55	1	1972	1	2065	0.0	2184
XP_011259950.2	XP_006562308.2	60.145	2065	651	56	30	1972	249	2263	0.0	2106
XP_011259950.2	XP_016771029.2	56.488	1811	627	58	288	1972	88	1863	0.0	1617
XP_011259950.2	XP_016771028.2	55.618	1780	629	58	319	1972	183	1927	0.0	1548
XP_011259951.2	XP_006562311.2	61.318	2094	659	55	1	1972	1	2065	0.0	2184
XP_011259951.2	XP_006562310.2	61.318	2094	659	55	1	1972	1	2065	0.0	2184
XP_011259951.2	XP_006562308.2	60.145	2065	651	56	30	1972	249	2263	0.0	2106
XP_011259951.2	XP_016771029.2	56.488	1811	627	58	288	1972	88	1863	0.0	1617
XP_011259951.2	XP_016771028.2	55.618	1780	629	58	319	1972	183	1927	0.0	1548
XP_011260472.1	XP_016771021.1	28.846	52	37	0	36	87	591	642	0.023	26.9
XP_011260472.1	XP_016771020.1	28.846	52	37	0	36	87	591	642	0.023	26.9
XP_011260555.1	XP_006562308.2	24.779	226	137	8	189	386	283	503	1.43e-12	62.0
XP_011260555.1	XP_006562311.2	24.779	226	137	8	189	386	64	284	2.79e-12	60.8
XP_011260555.1	XP_006562310.2	24.779	226	137	8	189	386	64	284	2.79e-12	60.8
XP_011260556.1	XP_006562308.2	24.779	226	137	8	189	386	283	503	1.07e-12	62.4
XP_011260556.1	XP_006562311.2	24.779	226	137	8	189	386	64	284	1.98e-12	61.2
XP_011260556.1	XP_006562310.2	24.779	226	137	8	189	386	64	284	1.98e-12	61.2
XP_011260557.1	XP_006562308.2	24.779	226	137	8	189	386	283	503	1.08e-12	62.4
XP_011260557.1	XP_006562311.2	24.779	226	137	8	189	386	64	284	1.97e-12	61.2
XP_011260557.1	XP_006562310.2	24.779	226	137	8	189	386	64	284	1.97e-12	61.2
XP_011260558.1	XP_006562308.2	25.664	226	135	8	114	311	283	503	2.47e-12	60.8
XP_011260558.1	XP_006562311.2	24.779	226	137	8	114	311	64	284	4.89e-12	60.1
XP_011260558.1	XP_006562310.2	24.779	226	137	8	114	311	64	284	4.89e-12	60.1
XP_011260627.1	XP_006562311.2	27.083	48	29	1	502	543	1309	1356	0.035	27.3
XP_011260627.1	XP_006562310.2	27.083	48	29	1	502	543	1309	1356	0.035	27.3
XP_011260627.1	XP_006562308.2	27.083	48	29	1	502	543	1507	1554	0.039	27.3
XP_011260627.1	XP_016771029.2	27.083	48	29	1	502	543	1107	1154	0.040	26.9
XP_011260627.1	XP_016771028.2	27.083	48	29	1	502	543	1171	1218	0.042	26.9
XP_011260628.1	XP_006562311.2	27.083	48	29	1	502	543	1309	1356	0.035	27.3
XP_011260628.1	XP_006562310.2	27.083	48	29	1	502	543	1309	1356	0.035	27.3
XP_011260628.1	XP_006562308.2	27.083	48	29	1	502	543	1507	1554	0.039	27.3
XP_011260628.1	XP_016771029.2	27.083	48	29	1	502	543	1107	1154	0.040	26.9
XP_011260628.1	XP_016771028.2	27.083	48	29	1	502	543	1171	1218	0.042	26.9
XP_011260857.1	XP_006562311.2	22.340	94	72	1	211	303	248	341	0.003	29.6
XP_011260857.1	XP_006562310.2	22.340	94	72	1	211	303	248	341	0.003	29.6
XP_011260969.1	XP_016771028.2	44.444	27	11	1	786	808	104	130	0.013	29.6
XP_011260970.1	XP_016771028.2	44.444	27	11	1	786	808	104	130	0.013	29.3
XP_011260971.1	XP_016771028.2	44.444	27	11	1	786	808	104	130	0.012	29.3
XP_011261434.1	XP_016771028.2	27.778	90	50	3	92	176	1608	1687	0.048	26.9
XP_011261578.1	XP_016771021.1	28.378	74	37	2	289	362	333	390	0.036	26.6
XP_011261578.1	XP_016771020.1	28.378	74	37	2	289	362	333	390	0.036	26.6
XP_011262021.1	XP_016771029.2	42.857	21	12	0	83	103	1734	1754	0.016	24.6
XP_011262021.1	XP_016771028.2	42.857	21	12	0	83	103	1798	1818	0.016	24.6
XP_011262021.1	XP_006562311.2	42.857	21	12	0	83	103	1936	1956	0.016	24.6
XP_011262021.1	XP_006562310.2	42.857	21	12	0	83	103	1936	1956	0.016	24.6
XP_011262021.1	XP_006562308.2	42.857	21	12	0	83	103	2134	2154	0.016	24.6
XP_011262782.1	XP_016771028.2	52.381	21	10	0	400	420	130	150	0.029	26.9
XP_011263059.1	XP_006562311.2	26.829	41	30	0	137	177	202	242	0.029	25.4
XP_011263059.1	XP_006562310.2	26.829	41	30	0	137	177	202	242	0.029	25.4
XP_011263059.1	XP_006562308.2	26.829	41	30	0	137	177	421	461	0.029	25.4
XP_011263325.2	XP_006562311.2	29.167	72	44	2	55	119	280	351	0.004	28.9
XP_011263325.2	XP_006562310.2	29.167	72	44	2	55	119	280	351	0.004	28.9
XP_011263325.2	XP_006562308.2	29.167	72	44	2	55	119	499	570	0.005	28.5
XP_011263343.1	XP_016771028.2	39.655	58	29	3	47	100	1620	1675	0.006	29.3
XP_011263343.1	XP_016771029.2	39.655	58	29	3	47	100	1556	1611	0.006	29.3
XP_011263343.1	XP_006562311.2	39.655	58	29	3	47	100	1758	1813	0.007	28.9
XP_011263343.1	XP_006562310.2	39.655	58	29	3	47	100	1758	1813	0.007	28.9
XP_011263343.1	XP_006562308.2	39.655	58	29	3	47	100	1956	2011	0.007	28.9
XP_011263385.1	XP_006562311.2	40.909	44	25	1	769	811	52	95	0.001	32.7
XP_011263385.1	XP_006562310.2	40.909	44	25	1	769	811	52	95	0.001	32.7
XP_011263385.1	XP_006562308.2	40.909	44	25	1	769	811	271	314	0.001	32.7
XP_011263386.1	XP_006562311.2	40.909	44	25	1	769	811	52	95	0.001	32.7
XP_011263386.1	XP_006562310.2	40.909	44	25	1	769	811	52	95	0.001	32.7
XP_011263386.1	XP_006562308.2	40.909	44	25	1	769	811	271	314	0.001	32.7
XP_011263387.1	XP_006562311.2	40.909	44	25	1	753	795	52	95	0.001	33.1
XP_011263387.1	XP_006562310.2	40.909	44	25	1	753	795	52	95	0.001	33.1
XP_011263387.1	XP_006562308.2	40.909	44	25	1	753	795	271	314	0.001	32.7
XP_011263906.1	XP_006562308.2	33.333	39	26	0	161	199	208	246	0.020	27.3
XP_011264051.1	XP_006562311.2	28.972	107	55	6	238	344	1872	1957	0.034	26.6
XP_011264051.1	XP_006562310.2	28.972	107	55	6	238	344	1872	1957	0.034	26.6
XP_011264051.1	XP_006562308.2	28.972	107	55	6	238	344	2070	2155	0.037	26.6
XP_011264051.1	XP_016771029.2	28.972	107	55	6	238	344	1670	1755	0.040	26.2
XP_011264051.1	XP_016771028.2	28.972	107	55	6	238	344	1734	1819	0.048	26.2
XP_011264052.1	XP_006562311.2	28.972	107	55	6	238	344	1872	1957	0.034	26.6
XP_011264052.1	XP_006562310.2	28.972	107	55	6	238	344	1872	1957	0.034	26.6
XP_011264052.1	XP_006562308.2	28.972	107	55	6	238	344	2070	2155	0.037	26.6
XP_011264052.1	XP_016771029.2	28.972	107	55	6	238	344	1670	1755	0.040	26.2
XP_011264052.1	XP_016771028.2	28.972	107	55	6	238	344	1734	1819	0.048	26.2
XP_011264053.1	XP_006562311.2	28.972	107	55	6	238	344	1872	1957	0.034	26.6
XP_011264053.1	XP_006562310.2	28.972	107	55	6	238	344	1872	1957	0.034	26.6
XP_011264053.1	XP_006562308.2	28.972	107	55	6	238	344	2070	2155	0.037	26.6
XP_011264053.1	XP_016771029.2	28.972	107	55	6	238	344	1670	1755	0.040	26.2
XP_011264053.1	XP_016771028.2	28.972	107	55	6	238	344	1734	1819	0.048	26.2
XP_011264200.1	XP_016771021.1	31.250	48	31	1	136	183	235	280	0.042	26.9
XP_011264200.1	XP_016771020.1	31.250	48	31	1	136	183	235	280	0.042	26.9
XP_011264348.1	XP_006562308.2	26.754	228	135	7	157	359	283	503	1.74e-18	80.9
XP_011264348.1	XP_006562311.2	26.754	228	135	7	157	359	64	284	2.74e-18	80.5
XP_011264348.1	XP_006562310.2	26.754	228	135	7	157	359	64	284	2.74e-18	80.5
XP_011264523.1	XP_006562308.2	35.417	48	30	1	238	285	1781	1827	0.014	27.3
XP_011264523.1	XP_006562311.2	35.417	48	30	1	238	285	1583	1629	0.014	27.3
XP_011264523.1	XP_006562310.2	35.417	48	30	1	238	285	1583	1629	0.014	27.3
XP_011264523.1	XP_016771028.2	35.417	48	30	1	238	285	1445	1491	0.017	26.9
XP_011264523.1	XP_016771029.2	35.417	48	30	1	238	285	1381	1427	0.018	26.9
XP_011264840.1	XP_006562308.2	26.066	211	136	4	487	677	355	565	3.83e-13	63.5
XP_011264840.1	XP_006562311.2	26.066	211	136	4	487	677	136	346	5.87e-13	63.2
XP_011264840.1	XP_006562310.2	26.066	211	136	4	487	677	136	346	5.87e-13	63.2
XP_011264841.1	XP_006562308.2	26.066	211	136	4	487	677	355	565	2.79e-13	64.3
XP_011264841.1	XP_006562311.2	26.066	211	136	4	487	677	136	346	5.29e-13	63.2
XP_011264841.1	XP_006562310.2	26.066	211	136	4	487	677	136	346	5.29e-13	63.2
XP_011265693.1	XP_006562311.2	24.691	81	57	1	213	289	532	612	0.004	31.2
XP_011265693.1	XP_006562310.2	24.691	81	57	1	213	289	532	612	0.004	31.2
XP_011265693.1	XP_016771029.2	24.691	81	57	1	213	289	330	410	0.004	30.8
XP_011265693.1	XP_016771028.2	24.691	81	57	1	213	289	394	474	0.005	30.8
XP_011265693.1	XP_006562308.2	24.691	81	57	1	213	289	730	810	0.005	30.8
XP_011266110.1	XP_016771028.2	35.593	59	33	3	401	458	1731	1785	0.029	27.3
XP_011266110.1	XP_016771029.2	35.593	59	33	3	401	458	1667	1721	0.031	26.9
XP_011266110.1	XP_006562311.2	35.593	59	33	3	401	458	1869	1923	0.033	26.9
XP_011266110.1	XP_006562310.2	35.593	59	33	3	401	458	1869	1923	0.033	26.9
XP_011266111.1	XP_016771028.2	35.593	59	33	3	401	458	1731	1785	0.029	27.3
XP_011266111.1	XP_016771029.2	35.593	59	33	3	401	458	1667	1721	0.031	26.9
XP_011266111.1	XP_006562311.2	35.593	59	33	3	401	458	1869	1923	0.033	26.9
XP_011266111.1	XP_006562310.2	35.593	59	33	3	401	458	1869	1923	0.033	26.9
XP_011266113.1	XP_016771028.2	35.593	59	33	3	401	458	1731	1785	0.029	27.3
XP_011266113.1	XP_016771029.2	35.593	59	33	3	401	458	1667	1721	0.031	26.9
XP_011266113.1	XP_006562311.2	35.593	59	33	3	401	458	1869	1923	0.033	26.9
XP_011266113.1	XP_006562310.2	35.593	59	33	3	401	458	1869	1923	0.033	26.9
XP_011266114.1	XP_016771028.2	35.593	59	33	3	401	458	1731	1785	0.029	27.3
XP_011266114.1	XP_016771029.2	35.593	59	33	3	401	458	1667	1721	0.031	26.9
XP_011266114.1	XP_006562311.2	35.593	59	33	3	401	458	1869	1923	0.033	26.9
XP_011266114.1	XP_006562310.2	35.593	59	33	3	401	458	1869	1923	0.033	26.9
XP_011266207.1	XP_016771021.1	29.825	57	27	1	150	206	286	329	0.038	25.8
XP_011266207.1	XP_016771020.1	29.825	57	27	1	150	206	286	329	0.038	25.8
XP_011266245.1	XP_006562308.2	41.935	31	17	1	60	90	1666	1695	0.027	26.6
XP_011266245.1	XP_016771029.2	41.935	31	17	1	60	90	1266	1295	0.028	26.6
XP_011266245.1	XP_006562311.2	41.935	31	17	1	60	90	1468	1497	0.028	26.6
XP_011266245.1	XP_006562310.2	41.935	31	17	1	60	90	1468	1497	0.028	26.6
XP_011266245.1	XP_016771028.2	41.935	31	17	1	60	90	1330	1359	0.030	26.6
XP_011266246.1	XP_006562308.2	41.935	31	17	1	60	90	1666	1695	0.027	26.6
XP_011266246.1	XP_016771029.2	41.935	31	17	1	60	90	1266	1295	0.028	26.6
XP_011266246.1	XP_006562311.2	41.935	31	17	1	60	90	1468	1497	0.028	26.6
XP_011266246.1	XP_006562310.2	41.935	31	17	1	60	90	1468	1497	0.028	26.6
XP_011266246.1	XP_016771028.2	41.935	31	17	1	60	90	1330	1359	0.030	26.6
XP_011266247.1	XP_006562308.2	41.935	31	17	1	60	90	1666	1695	0.027	26.6
XP_011266247.1	XP_016771029.2	41.935	31	17	1	60	90	1266	1295	0.028	26.6
XP_011266247.1	XP_006562311.2	41.935	31	17	1	60	90	1468	1497	0.028	26.6
XP_011266247.1	XP_006562310.2	41.935	31	17	1	60	90	1468	1497	0.028	26.6
XP_011266247.1	XP_016771028.2	41.935	31	17	1	60	90	1330	1359	0.030	26.6
XP_011266248.1	XP_006562308.2	41.935	31	17	1	60	90	1666	1695	0.027	26.6
XP_011266248.1	XP_016771029.2	41.935	31	17	1	60	90	1266	1295	0.028	26.6
XP_011266248.1	XP_006562311.2	41.935	31	17	1	60	90	1468	1497	0.028	26.6
XP_011266248.1	XP_006562310.2	41.935	31	17	1	60	90	1468	1497	0.028	26.6
XP_011266248.1	XP_016771028.2	41.935	31	17	1	60	90	1330	1359	0.030	26.6
XP_011266249.1	XP_006562308.2	41.935	31	17	1	60	90	1666	1695	0.027	26.6
XP_011266249.1	XP_016771029.2	41.935	31	17	1	60	90	1266	1295	0.028	26.6
XP_011266249.1	XP_006562311.2	41.935	31	17	1	60	90	1468	1497	0.028	26.6
XP_011266249.1	XP_006562310.2	41.935	31	17	1	60	90	1468	1497	0.028	26.6
XP_011266249.1	XP_016771028.2	41.935	31	17	1	60	90	1330	1359	0.030	26.6
XP_011266489.2	XP_006562311.2	27.211	147	87	5	266	409	1369	1498	0.004	32.3
XP_011266489.2	XP_006562310.2	27.211	147	87	5	266	409	1369	1498	0.004	32.3
XP_011266489.2	XP_016771029.2	27.211	147	87	5	266	409	1167	1296	0.005	32.3
XP_011266489.2	XP_016771028.2	27.211	147	87	5	266	409	1231	1360	0.006	32.0
XP_011266489.2	XP_006562308.2	27.211	147	87	5	266	409	1567	1696	0.010	31.2
XP_011266583.2	XP_016771029.2	46.667	30	16	0	402	431	245	274	0.043	30.4
XP_011266583.2	XP_016771028.2	46.667	30	16	0	402	431	309	338	0.046	30.0
XP_011267070.2	XP_006562308.2	31.429	35	24	0	185	219	463	497	0.010	29.3
XP_011267070.2	XP_006562311.2	31.429	35	24	0	185	219	244	278	0.012	28.9
XP_011267070.2	XP_006562310.2	31.429	35	24	0	185	219	244	278	0.012	28.9
XP_011267071.2	XP_006562308.2	31.429	35	24	0	185	219	463	497	0.010	28.9
XP_011267071.2	XP_006562311.2	31.429	35	24	0	185	219	244	278	0.012	28.9
XP_011267071.2	XP_006562310.2	31.429	35	24	0	185	219	244	278	0.012	28.9
XP_011267916.2	XP_016771028.2	30.233	86	50	3	11	90	1289	1370	0.010	27.7
XP_011267916.2	XP_006562311.2	30.233	86	50	3	11	90	1427	1508	0.010	27.7
XP_011267916.2	XP_006562310.2	30.233	86	50	3	11	90	1427	1508	0.010	27.7
XP_011267916.2	XP_016771029.2	30.233	86	50	3	11	90	1225	1306	0.010	27.7
XP_011267916.2	XP_006562308.2	30.233	86	50	3	11	90	1625	1706	0.012	27.3
XP_011268213.1	XP_016771021.1	35.294	459	270	11	50	494	41	486	2.28e-87	276
XP_011268213.1	XP_016771020.1	35.294	459	270	11	50	494	41	486	2.28e-87	276
XP_011268715.1	XP_006562308.2	36.170	47	27	2	291	336	2067	2111	0.028	27.7
XP_011268715.1	XP_006562311.2	36.170	47	27	2	291	336	1869	1913	0.032	27.3
XP_011268715.1	XP_006562310.2	36.170	47	27	2	291	336	1869	1913	0.032	27.3
XP_011268715.1	XP_016771028.2	36.170	47	27	2	291	336	1731	1775	0.037	27.3
XP_011268715.1	XP_016771029.2	36.170	47	27	2	291	336	1667	1711	0.037	27.3
XP_011268716.1	XP_006562308.2	36.170	47	27	2	291	336	2067	2111	0.028	27.7
XP_011268716.1	XP_006562311.2	36.170	47	27	2	291	336	1869	1913	0.032	27.3
XP_011268716.1	XP_006562310.2	36.170	47	27	2	291	336	1869	1913	0.032	27.3
XP_011268716.1	XP_016771028.2	36.170	47	27	2	291	336	1731	1775	0.037	27.3
XP_011268716.1	XP_016771029.2	36.170	47	27	2	291	336	1667	1711	0.037	27.3
XP_011268717.1	XP_006562308.2	36.170	47	27	2	291	336	2067	2111	0.028	27.7
XP_011268717.1	XP_006562311.2	36.170	47	27	2	291	336	1869	1913	0.032	27.3
XP_011268717.1	XP_006562310.2	36.170	47	27	2	291	336	1869	1913	0.032	27.3
XP_011268717.1	XP_016771028.2	36.170	47	27	2	291	336	1731	1775	0.037	27.3
XP_011268717.1	XP_016771029.2	36.170	47	27	2	291	336	1667	1711	0.037	27.3
XP_011268802.1	XP_016771029.2	25.758	66	41	1	123	188	1442	1499	0.009	29.3
XP_011268802.1	XP_016771028.2	25.758	66	41	1	123	188	1506	1563	0.009	29.3
XP_011268802.1	XP_006562311.2	25.758	66	41	1	123	188	1644	1701	0.013	28.5
XP_011268802.1	XP_006562310.2	25.758	66	41	1	123	188	1644	1701	0.013	28.5
XP_011268802.1	XP_006562308.2	25.758	66	41	1	123	188	1842	1899	0.015	28.5
XP_011269481.1	XP_016771028.2	34.783	23	15	0	93	115	616	638	0.021	25.0
XP_011269481.1	XP_016771029.2	34.783	23	15	0	93	115	552	574	0.021	25.0
XP_011269481.1	XP_006562308.2	34.783	23	15	0	93	115	952	974	0.024	24.6
XP_011269481.1	XP_006562311.2	34.783	23	15	0	93	115	754	776	0.025	24.6
XP_011269481.1	XP_006562310.2	34.783	23	15	0	93	115	754	776	0.025	24.6
XP_011269608.1	XP_016771021.1	37.500	40	24	1	515	553	277	316	0.009	29.3
XP_011269608.1	XP_016771020.1	37.500	40	24	1	515	553	277	316	0.009	29.3
XP_019882240.1	XP_006562311.2	26.087	115	65	3	271	367	1451	1563	0.041	26.6
XP_019882240.1	XP_006562310.2	26.087	115	65	3	271	367	1451	1563	0.041	26.6
XP_019882240.1	XP_016771028.2	26.087	115	65	3	271	367	1313	1425	0.041	26.6
XP_019882240.1	XP_016771029.2	26.087	115	65	3	271	367	1249	1361	0.043	26.6
XP_019882240.1	XP_006562308.2	26.087	115	65	3	271	367	1649	1761	0.046	26.6
XP_019882241.1	XP_016771028.2	24.074	108	69	4	84	180	1270	1375	0.023	26.6
XP_019882241.1	XP_016771029.2	24.074	108	69	4	84	180	1206	1311	0.026	26.6
XP_019882594.1	XP_006562311.2	24.561	57	42	1	94	150	440	495	0.049	24.3
XP_019882594.1	XP_006562310.2	24.561	57	42	1	94	150	440	495	0.049	24.3
XP_019882609.2	XP_016771028.2	29.762	84	55	3	445	525	13	95	0.021	28.5
XP_019882613.2	XP_016771028.2	29.762	84	55	3	445	525	13	95	0.021	28.5
XP_019882615.2	XP_016771028.2	29.762	84	55	3	445	525	13	95	0.021	28.5
XP_019882651.1	XP_006562308.2	23.105	277	186	8	367	617	283	558	1.10e-15	71.2
XP_019882651.1	XP_006562311.2	23.105	277	186	8	367	617	64	339	1.91e-15	70.5
XP_019882651.1	XP_006562310.2	23.105	277	186	8	367	617	64	339	1.91e-15	70.5
XP_019882652.1	XP_006562308.2	23.894	113	80	3	367	474	283	394	5.17e-04	33.1
XP_019882652.1	XP_006562311.2	23.894	113	80	3	367	474	64	175	7.95e-04	32.3
XP_019882652.1	XP_006562310.2	23.894	113	80	3	367	474	64	175	7.95e-04	32.3
XP_019882831.1	XP_006562308.2	21.429	252	139	11	239	470	283	495	0.012	28.5
XP_019882831.1	XP_006562311.2	21.429	252	139	11	239	470	64	276	0.016	28.1
XP_019882831.1	XP_006562310.2	21.429	252	139	11	239	470	64	276	0.016	28.1
XP_019883073.2	XP_006562311.2	25.253	198	110	6	167	341	1080	1262	0.009	30.4
XP_019883073.2	XP_006562310.2	25.253	198	110	6	167	341	1080	1262	0.009	30.4
XP_019883073.2	XP_006562308.2	25.253	198	110	6	167	341	1278	1460	0.016	29.6
XP_019883073.2	XP_016771029.2	25.253	198	110	6	167	341	878	1060	0.024	28.9
XP_019883073.2	XP_016771028.2	25.253	198	110	6	167	341	942	1124	0.032	28.5
XP_019883574.1	XP_016771028.2	30.909	55	38	0	1031	1085	28	82	0.045	28.1
XP_019883751.1	XP_016771021.1	82.380	664	113	2	1	664	1	660	0.0	1148
XP_019883751.1	XP_016771020.1	82.380	664	113	2	1	664	1	660	0.0	1148
XP_019883838.1	XP_016771021.1	28.846	52	37	0	36	87	591	642	0.023	26.9
XP_019883838.1	XP_016771020.1	28.846	52	37	0	36	87	591	642	0.023	26.9
XP_019883934.1	XP_006562311.2	22.340	94	72	1	167	259	248	341	0.002	30.0
XP_019883934.1	XP_006562310.2	22.340	94	72	1	167	259	248	341	0.002	30.0
XP_019883934.1	XP_006562308.2	22.340	94	72	1	167	259	467	560	0.002	30.0
XP_019884477.1	XP_006562311.2	40.909	44	25	1	769	811	52	95	0.001	32.7
XP_019884477.1	XP_006562310.2	40.909	44	25	1	769	811	52	95	0.001	32.7
XP_019884477.1	XP_006562308.2	40.909	44	25	1	769	811	271	314	0.001	32.7
XP_019884619.1	XP_016771021.1	35.908	479	294	7	293	762	28	502	2.04e-108	341
XP_019884619.1	XP_016771020.1	35.908	479	294	7	293	762	28	502	2.04e-108	341
XP_019884922.1	XP_016771028.2	35.593	59	33	3	401	458	1731	1785	0.029	27.3
XP_019884922.1	XP_016771029.2	35.593	59	33	3	401	458	1667	1721	0.031	26.9
XP_019884922.1	XP_006562311.2	35.593	59	33	3	401	458	1869	1923	0.033	26.9
XP_019884922.1	XP_006562310.2	35.593	59	33	3	401	458	1869	1923	0.033	26.9
XP_019884923.1	XP_016771028.2	35.593	59	33	3	401	458	1731	1785	0.029	27.3
XP_019884923.1	XP_016771029.2	35.593	59	33	3	401	458	1667	1721	0.031	26.9
XP_019884923.1	XP_006562311.2	35.593	59	33	3	401	458	1869	1923	0.033	26.9
XP_019884923.1	XP_006562310.2	35.593	59	33	3	401	458	1869	1923	0.033	26.9
XP_019884924.1	XP_016771028.2	35.593	59	33	3	401	458	1731	1785	0.029	27.3
XP_019884924.1	XP_016771029.2	35.593	59	33	3	401	458	1667	1721	0.031	26.9
XP_019884924.1	XP_006562311.2	35.593	59	33	3	401	458	1869	1923	0.033	26.9
XP_019884924.1	XP_006562310.2	35.593	59	33	3	401	458	1869	1923	0.033	26.9
XP_019884925.1	XP_016771028.2	35.593	59	33	3	401	458	1731	1785	0.029	27.3
XP_019884925.1	XP_016771029.2	35.593	59	33	3	401	458	1667	1721	0.031	26.9
XP_019884925.1	XP_006562311.2	35.593	59	33	3	401	458	1869	1923	0.033	26.9
XP_019884925.1	XP_006562310.2	35.593	59	33	3	401	458	1869	1923	0.033	26.9
XP_019884926.1	XP_016771028.2	35.593	59	33	3	401	458	1731	1785	0.029	27.3
XP_019884926.1	XP_016771029.2	35.593	59	33	3	401	458	1667	1721	0.031	26.9
XP_019884926.1	XP_006562311.2	35.593	59	33	3	401	458	1869	1923	0.033	26.9
XP_019884926.1	XP_006562310.2	35.593	59	33	3	401	458	1869	1923	0.033	26.9
XP_019884961.1	XP_006562308.2	41.935	31	17	1	60	90	1666	1695	0.027	26.6
XP_019884961.1	XP_016771029.2	41.935	31	17	1	60	90	1266	1295	0.028	26.6
XP_019884961.1	XP_006562311.2	41.935	31	17	1	60	90	1468	1497	0.028	26.6
XP_019884961.1	XP_006562310.2	41.935	31	17	1	60	90	1468	1497	0.028	26.6
XP_019884961.1	XP_016771028.2	41.935	31	17	1	60	90	1330	1359	0.030	26.6
XP_019885419.1	XP_006562311.2	38.889	36	19	1	13	45	1397	1432	0.049	22.7
XP_019885419.1	XP_006562310.2	38.889	36	19	1	13	45	1397	1432	0.049	22.7
XP_019885420.1	XP_006562311.2	38.889	36	19	1	13	45	1397	1432	0.049	22.7
XP_019885420.1	XP_006562310.2	38.889	36	19	1	13	45	1397	1432	0.049	22.7
XP_019885463.2	XP_006562308.2	34.043	47	29	1	15	59	1952	1998	0.009	28.1
XP_019885463.2	XP_006562311.2	34.043	47	29	1	15	59	1754	1800	0.010	28.1
XP_019885463.2	XP_006562310.2	34.043	47	29	1	15	59	1754	1800	0.010	28.1
XP_019885463.2	XP_016771029.2	34.043	47	29	1	15	59	1552	1598	0.012	27.7
XP_019885463.2	XP_016771028.2	34.043	47	29	1	15	59	1616	1662	0.012	27.7
XP_019885508.1	XP_016771028.2	34.375	32	21	0	14	45	1370	1401	0.039	26.9
XP_019885508.1	XP_016771029.2	34.375	32	21	0	14	45	1306	1337	0.044	26.9
XP_025262232.1	XP_016771028.2	30.233	43	30	0	94	136	506	548	0.047	24.6
XP_025262232.1	XP_016771029.2	30.233	43	30	0	94	136	442	484	0.048	24.6
XP_025262386.1	XP_006562308.2	45.714	35	19	0	1658	1692	1119	1153	0.049	29.3
XP_025262387.1	XP_006562308.2	45.714	35	19	0	1658	1692	1119	1153	0.049	29.3
XP_025262388.1	XP_006562308.2	45.714	35	19	0	1658	1692	1119	1153	0.048	29.3
XP_025262389.1	XP_006562308.2	45.714	35	19	0	1658	1692	1119	1153	0.050	29.3
XP_025262390.1	XP_006562308.2	45.714	35	19	0	1658	1692	1119	1153	0.049	29.3
XP_025262391.1	XP_006562308.2	45.714	35	19	0	1658	1692	1119	1153	0.048	29.3
XP_025262392.1	XP_006562308.2	45.714	35	19	0	1658	1692	1119	1153	0.047	29.3
XP_025262393.1	XP_006562308.2	45.714	35	19	0	1658	1692	1119	1153	0.048	29.3
XP_025262457.1	XP_006562308.2	26.066	211	136	4	487	677	355	565	3.83e-13	63.5
XP_025262457.1	XP_006562311.2	26.066	211	136	4	487	677	136	346	5.87e-13	63.2
XP_025262457.1	XP_006562310.2	26.066	211	136	4	487	677	136	346	5.87e-13	63.2
XP_025262638.1	XP_016771028.2	41.667	24	14	0	80	103	568	591	0.036	24.3
XP_025262638.1	XP_016771029.2	41.667	24	14	0	80	103	504	527	0.040	23.9
XP_025262638.1	XP_006562311.2	41.667	24	14	0	80	103	706	729	0.041	23.9
XP_025262638.1	XP_006562310.2	41.667	24	14	0	80	103	706	729	0.041	23.9
XP_025262638.1	XP_006562308.2	41.667	24	14	0	80	103	904	927	0.043	23.9
XP_025262723.1	XP_006562311.2	25.253	198	110	6	167	341	1080	1262	0.009	30.4
XP_025262723.1	XP_006562310.2	25.253	198	110	6	167	341	1080	1262	0.009	30.4
XP_025262723.1	XP_006562308.2	25.253	198	110	6	167	341	1278	1460	0.016	29.6
XP_025262723.1	XP_016771029.2	25.253	198	110	6	167	341	878	1060	0.024	28.9
XP_025262723.1	XP_016771028.2	25.253	198	110	6	167	341	942	1124	0.032	28.5
XP_025262724.1	XP_006562311.2	25.253	198	110	6	167	341	1080	1262	0.010	30.0
XP_025262724.1	XP_006562310.2	25.253	198	110	6	167	341	1080	1262	0.010	30.0
XP_025262724.1	XP_006562308.2	25.253	198	110	6	167	341	1278	1460	0.018	29.3
XP_025262724.1	XP_016771029.2	25.253	198	110	6	167	341	878	1060	0.025	28.9
XP_025262724.1	XP_016771028.2	25.253	198	110	6	167	341	942	1124	0.034	28.5
XP_025263145.1	XP_016771028.2	25.758	66	46	2	76	140	76	139	0.042	26.6
XP_025263203.1	XP_006562311.2	28.000	75	40	2	413	473	196	270	0.002	31.2
XP_025263203.1	XP_006562310.2	28.000	75	40	2	413	473	196	270	0.002	31.2
XP_025263203.1	XP_006562308.2	28.000	75	40	2	413	473	415	489	0.003	30.8
XP_025263204.1	XP_006562311.2	28.000	75	40	2	413	473	196	270	0.002	31.2
XP_025263204.1	XP_006562310.2	28.000	75	40	2	413	473	196	270	0.002	31.2
XP_025263204.1	XP_006562308.2	28.000	75	40	2	413	473	415	489	0.003	30.8
XP_025263228.1	XP_006562308.2	35.484	31	20	0	215	245	620	650	0.030	26.2
XP_025263514.1	XP_006562308.2	39.062	64	34	2	129	190	1797	1857	0.024	26.9
XP_025263514.1	XP_016771028.2	39.062	64	34	2	129	190	1461	1521	0.028	26.9
XP_025263514.1	XP_006562311.2	39.062	64	34	2	129	190	1599	1659	0.029	26.9
XP_025263514.1	XP_006562310.2	39.062	64	34	2	129	190	1599	1659	0.029	26.9
XP_025263514.1	XP_016771029.2	39.062	64	34	2	129	190	1397	1457	0.032	26.6
XP_025263522.1	XP_006562308.2	23.611	144	96	4	1011	1149	1010	1144	0.007	31.2
XP_025263522.1	XP_006562311.2	26.214	103	67	3	1047	1149	853	946	0.009	30.8
XP_025263522.1	XP_006562310.2	26.214	103	67	3	1047	1149	853	946	0.009	30.8
XP_025263522.1	XP_016771029.2	26.214	103	67	3	1047	1149	651	744	0.011	30.4
XP_025263522.1	XP_016771028.2	26.214	103	67	3	1047	1149	715	808	0.012	30.4
XP_025263551.1	XP_016771028.2	30.909	55	38	0	1031	1085	28	82	0.045	28.1
XP_025263618.1	XP_016771021.1	47.826	23	11	1	20	41	368	390	0.026	25.4
XP_025263618.1	XP_016771020.1	47.826	23	11	1	20	41	368	390	0.026	25.4
XP_025263850.1	XP_006562311.2	25.185	270	169	8	92	336	56	317	2.14e-19	83.2
XP_025263850.1	XP_006562310.2	25.185	270	169	8	92	336	56	317	2.14e-19	83.2
XP_025263850.1	XP_006562308.2	25.185	270	169	8	92	336	275	536	2.57e-19	82.8
XP_025264047.1	XP_006562311.2	26.087	115	65	3	271	367	1451	1563	0.041	26.6
XP_025264047.1	XP_006562310.2	26.087	115	65	3	271	367	1451	1563	0.041	26.6
XP_025264047.1	XP_016771028.2	26.087	115	65	3	271	367	1313	1425	0.041	26.6
XP_025264047.1	XP_016771029.2	26.087	115	65	3	271	367	1249	1361	0.043	26.6
XP_025264047.1	XP_006562308.2	26.087	115	65	3	271	367	1649	1761	0.046	26.6
XP_025264148.1	XP_006562308.2	21.429	252	139	11	239	470	283	495	0.012	28.5
XP_025264148.1	XP_006562311.2	21.429	252	139	11	239	470	64	276	0.016	28.1
XP_025264148.1	XP_006562310.2	21.429	252	139	11	239	470	64	276	0.016	28.1
XP_025264333.1	XP_006562311.2	31.707	41	28	0	94	134	644	684	0.047	24.3
XP_025264333.1	XP_006562310.2	31.707	41	28	0	94	134	644	684	0.047	24.3
XP_025264333.1	XP_016771028.2	32.500	40	27	0	95	134	507	546	0.050	24.3
XP_025265062.1	XP_016771028.2	21.930	114	80	4	211	316	1443	1555	0.020	27.7
XP_025265062.1	XP_006562308.2	21.930	114	80	4	211	316	1779	1891	0.020	27.7
XP_025265062.1	XP_006562311.2	21.930	114	80	4	211	316	1581	1693	0.022	27.7
XP_025265062.1	XP_006562310.2	21.930	114	80	4	211	316	1581	1693	0.022	27.7
XP_025265062.1	XP_016771029.2	21.930	114	80	4	211	316	1379	1491	0.022	27.7
XP_025265063.1	XP_006562308.2	21.930	114	80	4	428	533	1779	1891	0.025	28.1
XP_025265117.1	XP_006562308.2	27.350	117	80	4	277	390	331	445	3.56e-05	37.7
XP_025265117.1	XP_006562311.2	27.350	117	80	4	277	390	112	226	4.53e-05	37.4
XP_025265117.1	XP_006562310.2	27.350	117	80	4	277	390	112	226	4.53e-05	37.4
XP_025265442.1	XP_016771021.1	22.093	86	57	2	69	153	397	473	0.035	26.6
XP_025265442.1	XP_016771020.1	22.093	86	57	2	69	153	397	473	0.035	26.6
XP_025265611.1	XP_016771028.2	27.273	44	32	0	264	307	1393	1436	0.019	26.9
XP_025265611.1	XP_016771029.2	27.273	44	32	0	264	307	1329	1372	0.020	26.9
XP_025265611.1	XP_006562311.2	27.273	44	32	0	264	307	1531	1574	0.028	26.6
XP_025265611.1	XP_006562310.2	27.273	44	32	0	264	307	1531	1574	0.028	26.6
XP_025265611.1	XP_006562308.2	27.273	44	32	0	264	307	1729	1772	0.031	26.2
XP_025265623.1	XP_016771021.1	22.093	86	57	2	69	153	397	473	0.048	25.0
XP_025265623.1	XP_016771020.1	22.093	86	57	2	69	153	397	473	0.048	25.0
XP_025265769.1	XP_016771021.1	82.380	664	113	2	1	664	1	660	0.0	1148
XP_025265769.1	XP_016771020.1	82.380	664	113	2	1	664	1	660	0.0	1148
XP_025265801.1	XP_006562311.2	60.941	2061	652	56	1	1938	35	2065	0.0	2149
XP_025265801.1	XP_006562310.2	60.941	2061	652	56	1	1938	35	2065	0.0	2149
XP_025265801.1	XP_006562308.2	60.049	2060	651	56	1	1938	254	2263	0.0	2096
XP_025265801.1	XP_016771029.2	56.488	1811	627	58	254	1938	88	1863	0.0	1618
XP_025265801.1	XP_016771028.2	55.618	1780	629	58	285	1938	183	1927	0.0	1548
XP_025265900.1	XP_006562308.2	27.928	111	51	4	403	500	1816	1910	0.005	29.6
XP_025265900.1	XP_006562311.2	27.928	111	51	4	403	500	1618	1712	0.006	29.3
XP_025265900.1	XP_006562310.2	27.928	111	51	4	403	500	1618	1712	0.006	29.3
XP_025265900.1	XP_016771028.2	27.928	111	51	4	403	500	1480	1574	0.007	29.3
XP_025265900.1	XP_016771029.2	27.928	111	51	4	403	500	1416	1510	0.007	29.3
XP_025265901.1	XP_006562308.2	27.928	111	51	4	403	500	1816	1910	0.005	29.6
XP_025265901.1	XP_006562311.2	27.928	111	51	4	403	500	1618	1712	0.006	29.3
XP_025265901.1	XP_006562310.2	27.928	111	51	4	403	500	1618	1712	0.006	29.3
XP_025265901.1	XP_016771028.2	27.928	111	51	4	403	500	1480	1574	0.007	29.3
XP_025265901.1	XP_016771029.2	27.928	111	51	4	403	500	1416	1510	0.007	29.3
XP_025266063.1	XP_006562308.2	23.729	59	38	1	49	107	205	256	0.035	25.4
XP_025266070.1	XP_006562308.2	23.506	251	156	9	1076	1309	282	513	2.95e-07	45.4
XP_025266070.1	XP_006562311.2	22.353	170	108	5	1158	1308	129	293	3.61e-07	45.1
XP_025266070.1	XP_006562310.2	22.353	170	108	5	1158	1308	129	293	3.61e-07	45.1
XP_025266114.1	XP_016771021.1	68.750	16	5	0	190	205	475	490	0.009	28.1
XP_025266114.1	XP_016771020.1	68.750	16	5	0	190	205	475	490	0.009	28.1
XP_025266180.1	XP_006562311.2	24.390	123	75	6	587	699	45	159	0.005	30.4
XP_025266180.1	XP_006562310.2	24.390	123	75	6	587	699	45	159	0.005	30.4
XP_025266180.1	XP_006562308.2	24.390	123	75	6	587	699	264	378	0.005	30.4
XP_025266402.1	XP_006562308.2	22.069	145	94	5	405	532	347	489	7.24e-06	39.7
XP_025266402.1	XP_006562311.2	22.069	145	94	5	405	532	128	270	8.90e-06	39.3
XP_025266402.1	XP_006562310.2	22.069	145	94	5	405	532	128	270	8.90e-06	39.3
XP_025266962.1	XP_016771028.2	29.762	84	55	3	445	525	13	95	0.021	28.5
XP_025266963.1	XP_016771028.2	29.762	84	55	3	445	525	13	95	0.021	28.5
XP_025266969.1	XP_016771021.1	34.862	109	66	5	795	902	31	135	1.97e-10	55.1
XP_025266969.1	XP_016771021.1	26.923	78	51	2	632	707	68	141	3.91e-04	34.7
XP_025266969.1	XP_016771020.1	34.862	109	66	5	795	902	31	135	1.97e-10	55.1
XP_025266969.1	XP_016771020.1	26.923	78	51	2	632	707	68	141	3.91e-04	34.7
XP_025266970.1	XP_016771021.1	34.862	109	66	5	795	902	31	135	2.23e-10	55.1
XP_025266970.1	XP_016771021.1	26.923	78	51	2	632	707	68	141	5.47e-04	34.3
XP_025266970.1	XP_016771020.1	34.862	109	66	5	795	902	31	135	2.23e-10	55.1
XP_025266970.1	XP_016771020.1	26.923	78	51	2	632	707	68	141	5.47e-04	34.3
XP_025266971.1	XP_016771021.1	34.862	109	66	5	590	697	31	135	3.90e-10	53.9
XP_025266971.1	XP_016771021.1	26.923	78	51	2	427	502	68	141	5.90e-04	33.9
XP_025266971.1	XP_016771020.1	34.862	109	66	5	590	697	31	135	3.90e-10	53.9
XP_025266971.1	XP_016771020.1	26.923	78	51	2	427	502	68	141	5.90e-04	33.9
XP_025267059.1	XP_006562308.2	22.826	92	71	0	11	102	2004	2095	0.002	28.1
XP_025267059.1	XP_006562311.2	22.826	92	71	0	11	102	1806	1897	0.002	28.1
XP_025267059.1	XP_006562310.2	22.826	92	71	0	11	102	1806	1897	0.002	28.1
XP_025267059.1	XP_016771029.2	22.826	92	71	0	11	102	1604	1695	0.003	27.7
XP_025267059.1	XP_016771028.2	22.826	92	71	0	11	102	1668	1759	0.004	27.3
XP_025267094.1	XP_016771028.2	29.851	67	33	3	77	132	95	158	0.005	29.6
XP_025267182.1	NP_001011611.2	47.059	17	9	0	105	121	16	32	0.040	23.5
XP_025267223.1	XP_016771029.2	28.571	56	34	1	228	277	513	568	0.045	28.5
XP_025268158.1	XP_006562308.2	29.457	258	150	8	88	318	275	527	1.11e-18	78.6
XP_025268158.1	XP_006562311.2	29.457	258	150	8	88	318	56	308	1.67e-18	78.2
XP_025268158.1	XP_006562310.2	29.457	258	150	8	88	318	56	308	1.67e-18	78.2
XP_025268159.1	XP_006562308.2	29.457	258	150	8	88	318	275	527	1.11e-18	78.6
XP_025268159.1	XP_006562311.2	29.457	258	150	8	88	318	56	308	1.67e-18	78.2
XP_025268159.1	XP_006562310.2	29.457	258	150	8	88	318	56	308	1.67e-18	78.2
XP_025268160.1	XP_006562308.2	29.457	258	150	8	88	318	275	527	1.11e-18	78.6
XP_025268160.1	XP_006562311.2	29.457	258	150	8	88	318	56	308	1.67e-18	78.2
XP_025268160.1	XP_006562310.2	29.457	258	150	8	88	318	56	308	1.67e-18	78.2
XP_025268727.1	XP_016771029.2	27.174	92	54	2	1009	1100	562	640	5.48e-04	34.7
XP_025268727.1	XP_016771028.2	27.174	92	54	2	1009	1100	626	704	6.34e-04	34.7
XP_025268727.1	XP_006562311.2	27.174	92	54	2	1009	1100	764	842	6.64e-04	34.3
XP_025268727.1	XP_006562310.2	27.174	92	54	2	1009	1100	764	842	6.64e-04	34.3
XP_025268727.1	XP_006562308.2	27.174	92	54	2	1009	1100	962	1040	7.58e-04	34.3
XP_025268728.1	XP_016771029.2	27.174	92	54	2	1009	1100	562	640	6.05e-04	34.7
XP_025268728.1	XP_016771028.2	27.174	92	54	2	1009	1100	626	704	6.27e-04	34.7
XP_025268728.1	XP_006562311.2	27.174	92	54	2	1009	1100	764	842	7.14e-04	34.3
XP_025268728.1	XP_006562310.2	27.174	92	54	2	1009	1100	764	842	7.14e-04	34.3
XP_025268728.1	XP_006562308.2	27.174	92	54	2	1009	1100	962	1040	8.15e-04	34.3
XP_025268774.1	XP_006562308.2	25.664	226	135	8	142	339	283	503	1.19e-12	62.0
XP_025268774.1	XP_006562311.2	24.779	226	137	8	142	339	64	284	2.18e-12	61.2
XP_025268774.1	XP_006562310.2	24.779	226	137	8	142	339	64	284	2.18e-12	61.2
XP_025268872.1	XP_006562308.2	28.846	104	68	2	81	181	1331	1431	0.018	28.1
XP_025268872.1	XP_006562311.2	28.846	104	68	2	81	181	1133	1233	0.025	27.3
XP_025268872.1	XP_006562310.2	28.846	104	68	2	81	181	1133	1233	0.025	27.3
XP_025268873.1	XP_006562308.2	28.846	104	68	2	81	181	1331	1431	0.018	28.1
XP_025268873.1	XP_006562311.2	28.846	104	68	2	81	181	1133	1233	0.024	27.7
XP_025268873.1	XP_006562310.2	28.846	104	68	2	81	181	1133	1233	0.024	27.7
XP_025268874.1	XP_006562308.2	28.846	104	68	2	81	181	1331	1431	0.018	28.1
XP_025268874.1	XP_006562311.2	28.846	104	68	2	81	181	1133	1233	0.023	27.7
XP_025268874.1	XP_006562310.2	28.846	104	68	2	81	181	1133	1233	0.023	27.7
XP_025269074.1	NP_001011611.2	35.714	42	24	1	165	203	2	43	0.013	24.6
XP_025269478.1	XP_006562308.2	23.684	76	41	1	4	79	782	840	0.009	26.2
XP_025269478.1	XP_006562311.2	23.684	76	41	1	4	79	584	642	0.010	25.8
XP_025269478.1	XP_006562310.2	23.684	76	41	1	4	79	584	642	0.010	25.8
XP_025269478.1	XP_016771028.2	23.684	76	41	1	4	79	446	504	0.013	25.8
XP_025269478.1	XP_016771029.2	23.684	76	41	1	4	79	382	440	0.015	25.4
XP_025269677.1	XP_016771028.2	35.593	59	33	3	435	492	1731	1785	0.034	26.9
XP_025269677.1	XP_016771029.2	35.593	59	33	3	435	492	1667	1721	0.035	26.9
XP_025269678.1	XP_016771028.2	35.593	59	33	3	401	458	1731	1785	0.029	27.3
XP_025269678.1	XP_016771029.2	35.593	59	33	3	401	458	1667	1721	0.031	26.9
XP_025269678.1	XP_006562311.2	35.593	59	33	3	401	458	1869	1923	0.033	26.9
XP_025269678.1	XP_006562310.2	35.593	59	33	3	401	458	1869	1923	0.033	26.9
XP_025269680.1	XP_016771028.2	35.593	59	33	3	401	458	1731	1785	0.029	27.3
XP_025269680.1	XP_016771029.2	35.593	59	33	3	401	458	1667	1721	0.031	26.9
XP_025269680.1	XP_006562311.2	35.593	59	33	3	401	458	1869	1923	0.033	26.9
XP_025269680.1	XP_006562310.2	35.593	59	33	3	401	458	1869	1923	0.033	26.9
XP_025269923.1	XP_006562308.2	26.754	228	135	7	157	359	283	503	1.74e-18	80.9
XP_025269923.1	XP_006562311.2	26.754	228	135	7	157	359	64	284	2.74e-18	80.5
XP_025269923.1	XP_006562310.2	26.754	228	135	7	157	359	64	284	2.74e-18	80.5
XP_025269924.1	XP_006562308.2	26.754	228	135	7	157	359	283	503	1.74e-18	80.9
XP_025269924.1	XP_006562311.2	26.754	228	135	7	157	359	64	284	2.74e-18	80.5
XP_025269924.1	XP_006562310.2	26.754	228	135	7	157	359	64	284	2.74e-18	80.5
XP_025270143.1	XP_006562311.2	24.561	57	42	1	94	150	440	495	0.049	24.3
XP_025270143.1	XP_006562310.2	24.561	57	42	1	94	150	440	495	0.049	24.3
XP_025270243.1	XP_016771029.2	46.667	30	16	0	402	431	245	274	0.043	30.4
XP_025270243.1	XP_016771028.2	46.667	30	16	0	402	431	309	338	0.046	30.0
XP_025270244.1	XP_016771029.2	46.667	30	16	0	402	431	245	274	0.043	30.4
XP_025270244.1	XP_016771028.2	46.667	30	16	0	402	431	309	338	0.046	30.0
XP_025270245.1	XP_016771029.2	46.667	30	16	0	402	431	245	274	0.043	30.4
XP_025270245.1	XP_016771028.2	46.667	30	16	0	402	431	309	338	0.046	30.0
XP_025270246.1	XP_016771029.2	46.667	30	16	0	402	431	245	274	0.044	30.4
XP_025270246.1	XP_016771028.2	46.667	30	16	0	402	431	309	338	0.047	30.0
XP_025270248.1	XP_016771029.2	46.667	30	16	0	402	431	245	274	0.042	30.4
XP_025270248.1	XP_016771028.2	46.667	30	16	0	402	431	309	338	0.044	30.4
XP_025270249.1	XP_016771029.2	46.667	30	16	0	402	431	245	274	0.044	30.4
XP_025270249.1	XP_016771028.2	46.667	30	16	0	402	431	309	338	0.047	30.0
XP_025270741.1	XP_006562308.2	25.203	123	74	6	590	702	264	378	7.91e-04	33.5
XP_025270741.1	XP_006562311.2	25.203	123	74	6	590	702	45	159	8.35e-04	33.1
XP_025270741.1	XP_006562310.2	25.203	123	74	6	590	702	45	159	8.35e-04	33.1
XP_025270943.1	XP_006562308.2	34.694	49	32	0	401	449	385	433	0.006	29.3
XP_025270943.1	XP_006562311.2	34.694	49	32	0	401	449	166	214	0.006	29.3
XP_025270943.1	XP_006562310.2	34.694	49	32	0	401	449	166	214	0.006	29.3
XP_025270944.1	XP_006562308.2	34.694	49	32	0	400	448	385	433	0.006	29.3
XP_025270944.1	XP_006562311.2	34.694	49	32	0	400	448	166	214	0.006	29.3
XP_025270944.1	XP_006562310.2	34.694	49	32	0	400	448	166	214	0.006	29.3
XP_025271347.1	XP_016771028.2	32.500	40	27	0	95	134	507	546	0.035	24.6
XP_025271347.1	XP_006562308.2	32.500	40	27	0	95	134	843	882	0.035	24.6
XP_025271347.1	XP_006562311.2	32.500	40	27	0	95	134	645	684	0.036	24.6
XP_025271347.1	XP_006562310.2	32.500	40	27	0	95	134	645	684	0.036	24.6
XP_025271347.1	XP_016771029.2	32.500	40	27	0	95	134	443	482	0.037	24.3
