XP_017787403.1	XP_016771028.2	26.484	219	108	10	1236	1433	1725	1911	0.020	29.6
XP_017787403.1	XP_016771029.2	26.484	219	108	10	1236	1433	1661	1847	0.026	29.3
XP_017787403.1	XP_006562311.2	26.941	219	107	11	1236	1433	1863	2049	0.038	28.9
XP_017787403.1	XP_006562310.2	26.941	219	107	11	1236	1433	1863	2049	0.038	28.9
XP_017787489.1	XP_016771021.1	34.043	47	27	1	27	73	597	639	0.036	25.4
XP_017787489.1	XP_016771020.1	34.043	47	27	1	27	73	597	639	0.036	25.4
XP_017787649.1	XP_006562308.2	27.350	117	80	4	262	375	331	445	1.15e-04	36.2
XP_017787649.1	XP_006562311.2	27.350	117	80	4	262	375	112	226	1.45e-04	35.8
XP_017787649.1	XP_006562310.2	27.350	117	80	4	262	375	112	226	1.45e-04	35.8
XP_017787774.1	XP_016771021.1	30.137	73	44	3	74	144	507	574	0.044	26.2
XP_017787774.1	XP_016771020.1	30.137	73	44	3	74	144	507	574	0.044	26.2
XP_017787800.1	XP_016771021.1	37.500	40	24	1	509	547	277	316	0.017	28.5
XP_017787800.1	XP_016771020.1	37.500	40	24	1	509	547	277	316	0.017	28.5
XP_017787811.1	XP_006562308.2	23.913	92	63	3	65	149	826	917	0.033	27.7
XP_017787960.1	XP_016771029.2	42.105	38	16	2	281	315	1163	1197	0.036	26.2
XP_017787960.1	XP_006562311.2	42.105	38	16	2	281	315	1365	1399	0.036	26.2
XP_017787960.1	XP_006562310.2	42.105	38	16	2	281	315	1365	1399	0.036	26.2
XP_017787960.1	XP_016771028.2	42.105	38	16	2	281	315	1227	1261	0.045	26.2
XP_017787960.1	XP_006562308.2	42.105	38	16	2	281	315	1563	1597	0.047	26.2
XP_017788012.1	XP_016771028.2	36.667	30	19	0	72	101	1560	1589	0.044	25.8
XP_017788012.1	XP_016771029.2	36.667	30	19	0	72	101	1496	1525	0.045	25.8
XP_017788061.1	XP_016771021.1	30.435	46	32	0	232	277	10	55	0.013	28.5
XP_017788061.1	XP_016771020.1	30.435	46	32	0	232	277	10	55	0.013	28.5
XP_017788086.1	XP_006562308.2	18.353	583	376	21	3929	4472	1683	2204	0.002	36.2
XP_017788086.1	XP_006562311.2	18.353	583	376	21	3929	4472	1485	2006	0.002	36.2
XP_017788086.1	XP_006562310.2	18.353	583	376	21	3929	4472	1485	2006	0.002	36.2
XP_017788086.1	XP_016771029.2	18.353	583	376	21	3929	4472	1283	1804	0.012	33.9
XP_017788086.1	XP_016771028.2	17.750	400	280	11	4105	4472	1486	1868	0.029	32.7
XP_017788090.1	XP_006562308.2	24.779	226	137	8	183	380	283	503	9.10e-13	62.8
XP_017788090.1	XP_006562311.2	24.779	226	137	8	183	380	64	284	1.93e-12	61.6
XP_017788090.1	XP_006562310.2	24.779	226	137	8	183	380	64	284	1.93e-12	61.6
XP_017788095.1	XP_016771021.1	22.124	113	64	4	309	420	243	332	0.006	29.3
XP_017788095.1	XP_016771020.1	22.124	113	64	4	309	420	243	332	0.006	29.3
XP_017788097.1	XP_016771021.1	22.124	113	64	4	305	416	243	332	0.006	29.3
XP_017788097.1	XP_016771020.1	22.124	113	64	4	305	416	243	332	0.006	29.3
XP_017788112.1	XP_016771021.1	33.983	462	278	11	54	501	41	489	1.98e-81	261
XP_017788112.1	XP_016771020.1	33.983	462	278	11	54	501	41	489	1.98e-81	261
XP_017788167.1	XP_006562308.2	28.571	273	145	13	674	913	272	527	6.16e-19	83.6
XP_017788167.1	XP_006562311.2	28.571	273	145	13	674	913	53	308	7.10e-19	83.6
XP_017788167.1	XP_006562310.2	28.571	273	145	13	674	913	53	308	7.10e-19	83.6
XP_017788508.1	XP_006562308.2	26.250	240	135	7	488	695	283	512	4.10e-18	80.5
XP_017788508.1	XP_006562311.2	26.250	240	135	7	488	695	64	293	5.02e-18	80.5
XP_017788508.1	XP_006562310.2	26.250	240	135	7	488	695	64	293	5.02e-18	80.5
XP_017788713.1	XP_006562308.2	29.091	55	37	1	751	805	1751	1803	0.020	28.9
XP_017788713.1	XP_006562311.2	29.091	55	37	1	751	805	1553	1605	0.021	28.9
XP_017788713.1	XP_006562310.2	29.091	55	37	1	751	805	1553	1605	0.021	28.9
XP_017788713.1	XP_016771029.2	29.091	55	37	1	751	805	1351	1403	0.026	28.5
XP_017788713.1	XP_016771028.2	29.091	55	37	1	751	805	1415	1467	0.029	28.1
XP_017788815.1	XP_016771028.2	29.487	78	50	3	667	741	130	205	0.026	28.5
XP_017788891.1	XP_016771028.2	29.487	78	50	3	667	741	130	205	0.026	28.5
XP_017788904.1	XP_006562311.2	25.517	145	88	6	35	164	1456	1595	0.024	26.2
XP_017788904.1	XP_006562310.2	25.517	145	88	6	35	164	1456	1595	0.024	26.2
XP_017788904.1	XP_006562308.2	25.517	145	88	6	35	164	1654	1793	0.026	26.2
XP_017788904.1	XP_016771028.2	25.517	145	88	6	35	164	1318	1457	0.030	25.8
XP_017788904.1	XP_016771029.2	25.517	145	88	6	35	164	1254	1393	0.031	25.8
XP_017788958.1	XP_006562308.2	37.500	40	23	1	143	180	2038	2077	0.005	28.9
XP_017788958.1	XP_006562311.2	37.500	40	23	1	143	180	1840	1879	0.005	28.9
XP_017788958.1	XP_006562310.2	37.500	40	23	1	143	180	1840	1879	0.005	28.9
XP_017788958.1	XP_016771029.2	37.500	40	23	1	143	180	1638	1677	0.007	28.5
XP_017788958.1	XP_016771028.2	37.500	40	23	1	143	180	1702	1741	0.007	28.5
XP_017789025.1	XP_006562308.2	34.286	35	23	0	185	219	463	497	0.007	29.6
XP_017789025.1	XP_006562311.2	34.286	35	23	0	185	219	244	278	0.008	29.6
XP_017789025.1	XP_006562310.2	34.286	35	23	0	185	219	244	278	0.008	29.6
XP_017789121.1	XP_006562311.2	35.000	40	26	0	216	255	1710	1749	0.020	28.5
XP_017789121.1	XP_006562310.2	35.000	40	26	0	216	255	1710	1749	0.020	28.5
XP_017789121.1	XP_006562308.2	35.000	40	26	0	216	255	1908	1947	0.020	28.5
XP_017789121.1	XP_016771028.2	35.000	40	26	0	216	255	1572	1611	0.023	28.1
XP_017789121.1	XP_016771029.2	35.000	40	26	0	216	255	1508	1547	0.024	28.1
XP_017789176.1	XP_016771029.2	40.625	32	15	1	86	117	1683	1710	0.044	26.2
XP_017789176.1	XP_016771028.2	40.625	32	15	1	86	117	1747	1774	0.045	26.2
XP_017789176.1	XP_006562311.2	40.625	32	15	1	86	117	1885	1912	0.050	25.8
XP_017789176.1	XP_006562310.2	40.625	32	15	1	86	117	1885	1912	0.050	25.8
XP_017789395.1	XP_006562308.2	29.944	177	101	6	607	764	331	503	2.33e-15	71.6
XP_017789395.1	XP_006562311.2	29.944	177	101	6	607	764	112	284	2.72e-15	71.2
XP_017789395.1	XP_006562310.2	29.944	177	101	6	607	764	112	284	2.72e-15	71.2
XP_017789396.1	XP_006562308.2	29.944	177	101	6	601	758	331	503	2.18e-15	71.6
XP_017789396.1	XP_006562311.2	29.944	177	101	6	601	758	112	284	2.96e-15	71.2
XP_017789396.1	XP_006562310.2	29.944	177	101	6	601	758	112	284	2.96e-15	71.2
XP_017789414.1	XP_006562311.2	30.769	39	24	1	35	70	1359	1397	0.004	27.3
XP_017789414.1	XP_006562310.2	30.769	39	24	1	35	70	1359	1397	0.004	27.3
XP_017789414.1	XP_006562308.2	30.769	39	24	1	35	70	1557	1595	0.004	27.3
XP_017789414.1	XP_016771029.2	30.769	39	24	1	35	70	1157	1195	0.005	27.3
XP_017789414.1	XP_016771028.2	30.769	39	24	1	35	70	1221	1259	0.005	27.3
XP_017789458.1	XP_006562308.2	27.059	85	55	2	179	256	1036	1120	0.048	25.8
XP_017789506.1	XP_016771029.2	24.576	118	71	4	1250	1364	1184	1286	0.036	28.9
XP_017789506.1	XP_006562308.2	23.571	140	88	5	1228	1364	1563	1686	0.037	28.9
XP_017789506.1	XP_006562311.2	23.571	140	88	5	1228	1364	1365	1488	0.041	28.5
XP_017789506.1	XP_006562310.2	23.571	140	88	5	1228	1364	1365	1488	0.041	28.5
XP_017789506.1	XP_016771028.2	24.576	118	71	4	1250	1364	1248	1350	0.042	28.5
XP_017789636.1	XP_016771029.2	27.711	83	42	3	118	199	1290	1355	0.048	25.0
XP_017789901.1	XP_006562308.2	29.167	72	48	2	448	517	458	528	0.009	28.9
XP_017789901.1	XP_006562311.2	29.167	72	48	2	448	517	239	309	0.011	28.9
XP_017789901.1	XP_006562310.2	29.167	72	48	2	448	517	239	309	0.011	28.9
XP_017789913.1	XP_006562311.2	25.301	83	50	2	104	185	376	447	9.30e-05	33.5
XP_017789913.1	XP_006562310.2	25.301	83	50	2	104	185	376	447	9.30e-05	33.5
XP_017789913.1	XP_016771029.2	25.301	83	50	2	104	185	174	245	9.33e-05	33.5
XP_017789913.1	XP_016771028.2	25.301	83	50	2	104	185	238	309	1.01e-04	33.1
XP_017789913.1	XP_006562308.2	27.692	65	35	2	104	167	595	648	0.003	28.9
XP_017789941.1	XP_016771029.2	28.986	69	26	2	275	320	1734	1802	0.034	26.6
XP_017789941.1	XP_016771028.2	28.986	69	26	2	275	320	1798	1866	0.034	26.6
XP_017789941.1	XP_006562308.2	28.986	69	26	2	275	320	2134	2202	0.034	26.6
XP_017789941.1	XP_006562311.2	28.986	69	26	2	275	320	1936	2004	0.037	26.6
XP_017789941.1	XP_006562310.2	28.986	69	26	2	275	320	1936	2004	0.037	26.6
XP_017790202.1	XP_006562308.2	35.000	60	33	2	67	124	1636	1691	0.047	25.0
XP_017790252.1	XP_016771021.1	32.203	59	36	3	817	873	39	95	0.030	28.1
XP_017790252.1	XP_016771020.1	32.203	59	36	3	817	873	39	95	0.030	28.1
XP_017790253.1	XP_016771021.1	32.203	59	36	3	813	869	39	95	0.030	28.1
XP_017790253.1	XP_016771020.1	32.203	59	36	3	813	869	39	95	0.030	28.1
XP_017790265.1	XP_006562308.2	29.688	64	44	1	401	464	385	447	0.013	28.1
XP_017790265.1	XP_006562311.2	29.688	64	44	1	401	464	166	228	0.016	28.1
XP_017790265.1	XP_006562310.2	29.688	64	44	1	401	464	166	228	0.016	28.1
XP_017790428.1	XP_016771028.2	56.250	16	7	0	457	472	104	119	0.040	26.6
XP_017790506.1	XP_016771028.2	36.364	55	25	3	136	185	1388	1437	0.021	26.6
XP_017790506.1	XP_006562308.2	36.364	55	25	3	136	185	1724	1773	0.023	26.2
XP_017790506.1	XP_016771029.2	36.364	55	25	3	136	185	1324	1373	0.024	26.2
XP_017790506.1	XP_006562311.2	36.364	55	25	3	136	185	1526	1575	0.025	26.2
XP_017790506.1	XP_006562310.2	36.364	55	25	3	136	185	1526	1575	0.025	26.2
XP_017790507.1	XP_016771028.2	36.364	55	25	3	136	185	1388	1437	0.021	26.6
XP_017790507.1	XP_006562308.2	36.364	55	25	3	136	185	1724	1773	0.023	26.2
XP_017790507.1	XP_016771029.2	36.364	55	25	3	136	185	1324	1373	0.024	26.2
XP_017790507.1	XP_006562311.2	36.364	55	25	3	136	185	1526	1575	0.025	26.2
XP_017790507.1	XP_006562310.2	36.364	55	25	3	136	185	1526	1575	0.025	26.2
XP_017790542.1	XP_006562308.2	23.729	59	42	1	265	320	904	962	0.028	27.7
XP_017790542.1	XP_006562311.2	23.729	59	42	1	265	320	706	764	0.031	27.3
XP_017790542.1	XP_006562310.2	23.729	59	42	1	265	320	706	764	0.031	27.3
XP_017790542.1	XP_016771029.2	27.083	48	32	1	265	309	504	551	0.048	26.9
XP_017790542.1	XP_016771028.2	27.083	48	32	1	265	309	568	615	0.050	26.9
XP_017790644.1	XP_006562308.2	27.027	111	65	4	536	637	1743	1846	0.037	28.1
XP_017790644.1	XP_006562311.2	27.027	111	65	4	536	637	1545	1648	0.043	28.1
XP_017790644.1	XP_006562310.2	27.027	111	65	4	536	637	1545	1648	0.043	28.1
XP_017791117.1	NP_001011611.2	30.000	30	21	0	7	36	2	31	0.029	23.9
XP_017791235.1	XP_016771029.2	42.857	21	12	0	83	103	1734	1754	0.013	25.0
XP_017791235.1	XP_016771028.2	42.857	21	12	0	83	103	1798	1818	0.013	25.0
XP_017791235.1	XP_006562311.2	42.857	21	12	0	83	103	1936	1956	0.013	25.0
XP_017791235.1	XP_006562310.2	42.857	21	12	0	83	103	1936	1956	0.013	25.0
XP_017791235.1	XP_006562308.2	42.857	21	12	0	83	103	2134	2154	0.013	25.0
XP_017791373.1	XP_006562308.2	74.328	2306	453	61	1	2210	1	2263	0.0	3110
XP_017791373.1	XP_006562311.2	75.158	2057	394	59	250	2210	30	2065	0.0	2785
XP_017791373.1	XP_006562310.2	75.158	2057	394	59	250	2210	30	2065	0.0	2785
XP_017791373.1	XP_016771029.2	71.754	1802	391	60	506	2210	83	1863	0.0	2221
XP_017791373.1	XP_016771028.2	71.291	1766	390	59	541	2210	183	1927	0.0	2155
XP_017791448.1	XP_006562311.2	32.759	58	39	0	868	925	411	468	0.019	28.9
XP_017791448.1	XP_006562310.2	32.759	58	39	0	868	925	411	468	0.019	28.9
XP_017791448.1	XP_016771029.2	32.759	58	39	0	868	925	209	266	0.021	28.9
XP_017791448.1	XP_016771028.2	32.759	58	39	0	868	925	273	330	0.023	28.9
XP_017791474.1	XP_016771021.1	26.506	83	45	3	510	591	322	389	0.020	28.1
XP_017791474.1	XP_016771020.1	26.506	83	45	3	510	591	322	389	0.020	28.1
XP_017791509.1	XP_016771021.1	88.554	664	72	2	1	664	1	660	0.0	1229
XP_017791509.1	XP_016771020.1	88.554	664	72	2	1	664	1	660	0.0	1229
XP_017791545.1	XP_006562308.2	22.727	88	58	2	51	128	2094	2181	0.008	27.7
XP_017791545.1	XP_006562311.2	22.727	88	58	2	51	128	1896	1983	0.010	27.3
XP_017791545.1	XP_006562310.2	22.727	88	58	2	51	128	1896	1983	0.010	27.3
XP_017791545.1	XP_016771028.2	22.727	88	58	2	51	128	1758	1845	0.012	27.3
XP_017791545.1	XP_016771029.2	22.727	88	58	2	51	128	1694	1781	0.015	26.9
XP_017791549.1	XP_006562308.2	31.034	29	20	0	138	166	498	526	0.036	28.1
XP_017791549.1	XP_006562311.2	31.034	29	20	0	138	166	279	307	0.036	28.1
XP_017791549.1	XP_006562310.2	31.034	29	20	0	138	166	279	307	0.036	28.1
XP_017791565.1	XP_016771028.2	25.000	96	69	2	394	489	723	815	0.011	28.5
XP_017791565.1	XP_006562308.2	44.000	25	14	0	465	489	1127	1151	0.033	26.9
XP_017791565.1	XP_006562311.2	44.000	25	14	0	465	489	929	953	0.039	26.9
XP_017791565.1	XP_006562310.2	44.000	25	14	0	465	489	929	953	0.039	26.9
XP_017791565.1	XP_016771029.2	44.000	25	14	0	465	489	727	751	0.050	26.6
XP_017791814.1	NP_001011611.2	37.500	32	18	1	1	30	4	35	0.002	25.8
XP_017791814.1	NP_001011612.1	30.556	36	25	0	1	36	4	39	0.004	25.0
XP_017791950.1	XP_016771021.1	26.389	72	50	2	150	219	372	442	0.021	28.9
XP_017791950.1	XP_016771020.1	26.389	72	50	2	150	219	372	442	0.021	28.9
XP_017792151.1	XP_006562308.2	31.325	83	47	3	300	382	1970	2042	0.016	28.5
XP_017792151.1	XP_016771028.2	31.325	83	47	3	300	382	1634	1706	0.021	28.1
XP_017792151.1	XP_006562311.2	31.325	83	47	3	300	382	1772	1844	0.021	28.1
XP_017792151.1	XP_006562310.2	31.325	83	47	3	300	382	1772	1844	0.021	28.1
XP_017792151.1	XP_016771029.2	31.325	83	47	3	300	382	1570	1642	0.023	28.1
XP_017792225.1	XP_006562308.2	29.245	106	63	3	289	393	220	314	0.002	31.2
XP_017792306.1	XP_016771028.2	27.826	115	68	3	480	585	1017	1125	0.006	30.4
XP_017792306.1	XP_016771029.2	27.826	115	68	3	480	585	953	1061	0.007	30.4
XP_017792306.1	XP_006562311.2	27.826	115	68	3	480	585	1155	1263	0.014	29.3
XP_017792306.1	XP_006562310.2	27.826	115	68	3	480	585	1155	1263	0.014	29.3
XP_017792306.1	XP_006562308.2	27.826	115	68	3	480	585	1353	1461	0.014	29.3
XP_017792356.1	XP_006562311.2	25.556	270	168	8	93	337	56	317	1.40e-19	83.6
XP_017792356.1	XP_006562310.2	25.556	270	168	8	93	337	56	317	1.40e-19	83.6
XP_017792356.1	XP_006562308.2	25.556	270	168	8	93	337	275	536	2.09e-19	83.2
XP_017792394.1	XP_006562308.2	20.225	178	119	6	195	360	347	513	7.14e-04	32.0
XP_017792394.1	XP_006562311.2	20.225	178	119	6	195	360	128	294	0.001	31.2
XP_017792394.1	XP_006562310.2	20.225	178	119	6	195	360	128	294	0.001	31.2
XP_017792396.1	XP_016771021.1	30.233	129	77	3	769	885	8	135	8.89e-11	56.2
XP_017792396.1	XP_016771021.1	26.923	78	51	2	612	687	68	141	7.92e-04	33.9
XP_017792396.1	XP_016771020.1	30.233	129	77	3	769	885	8	135	8.89e-11	56.2
XP_017792396.1	XP_016771020.1	26.923	78	51	2	612	687	68	141	7.92e-04	33.9
XP_017792397.1	XP_016771021.1	30.233	129	77	3	769	885	8	135	1.11e-10	55.8
XP_017792397.1	XP_016771021.1	26.923	78	51	2	612	687	68	141	0.001	33.1
XP_017792397.1	XP_016771020.1	30.233	129	77	3	769	885	8	135	1.11e-10	55.8
XP_017792397.1	XP_016771020.1	26.923	78	51	2	612	687	68	141	0.001	33.1
XP_017792430.1	XP_006562308.2	30.882	68	44	2	850	914	263	330	0.004	31.2
XP_017792430.1	XP_006562311.2	30.882	68	44	2	850	914	44	111	0.004	31.2
XP_017792430.1	XP_006562310.2	30.882	68	44	2	850	914	44	111	0.004	31.2
XP_017792979.1	XP_016771028.2	26.027	73	51	1	498	570	300	369	0.039	30.0
XP_017793068.1	XP_016771028.2	36.170	47	30	0	112	158	1175	1221	0.021	26.9
XP_017793068.1	XP_006562308.2	36.170	47	30	0	112	158	1511	1557	0.023	26.9
XP_017793068.1	XP_016771029.2	36.170	47	30	0	112	158	1111	1157	0.025	26.9
XP_017793068.1	XP_006562311.2	36.170	47	30	0	112	158	1313	1359	0.027	26.6
XP_017793068.1	XP_006562310.2	36.170	47	30	0	112	158	1313	1359	0.027	26.6
XP_017793091.1	XP_016771021.1	23.684	76	51	2	367	442	293	361	0.041	27.3
XP_017793091.1	XP_016771020.1	23.684	76	51	2	367	442	293	361	0.041	27.3
XP_017793453.1	XP_016771029.2	38.000	50	26	1	160	209	1242	1286	0.036	27.3
XP_017793453.1	XP_016771028.2	38.000	50	26	1	160	209	1306	1350	0.038	26.9
XP_017793453.1	XP_006562311.2	38.000	50	26	1	160	209	1444	1488	0.041	26.9
XP_017793453.1	XP_006562310.2	38.000	50	26	1	160	209	1444	1488	0.041	26.9
XP_017793453.1	XP_006562308.2	38.000	50	26	1	160	209	1642	1686	0.045	26.9
XP_017793460.1	XP_016771021.1	28.767	73	44	2	9	81	595	659	0.034	26.6
XP_017793460.1	XP_016771020.1	28.767	73	44	2	9	81	595	659	0.034	26.6
XP_017793812.1	XP_016771029.2	22.115	104	70	2	510	613	677	769	0.001	34.3
XP_017793812.1	XP_016771028.2	22.115	104	70	2	510	613	741	833	0.001	34.3
XP_017793812.1	XP_006562311.2	22.115	104	70	2	510	613	879	971	0.001	33.9
XP_017793812.1	XP_006562310.2	22.115	104	70	2	510	613	879	971	0.001	33.9
XP_017793812.1	XP_006562308.2	22.115	104	70	2	510	613	1077	1169	0.002	33.5
XP_017793897.1	XP_006562308.2	35.897	39	25	0	121	159	208	246	0.032	26.6
XP_017793927.1	XP_006562308.2	23.827	277	184	8	362	612	283	558	4.53e-16	72.4
XP_017793927.1	XP_006562311.2	23.827	277	184	8	362	612	64	339	9.82e-16	71.6
XP_017793927.1	XP_006562310.2	23.827	277	184	8	362	612	64	339	9.82e-16	71.6
XP_017793951.1	XP_016771028.2	23.810	63	48	0	68	130	1206	1268	0.014	26.6
XP_017793951.1	XP_006562308.2	23.810	63	48	0	68	130	1542	1604	0.014	26.6
XP_017793951.1	XP_006562311.2	23.810	63	48	0	68	130	1344	1406	0.014	26.6
XP_017793951.1	XP_006562310.2	23.810	63	48	0	68	130	1344	1406	0.014	26.6
XP_017793951.1	XP_016771029.2	23.810	63	48	0	68	130	1142	1204	0.016	26.2
XP_017793953.1	XP_016771028.2	23.810	63	48	0	68	130	1206	1268	0.014	26.6
XP_017793953.1	XP_006562308.2	23.810	63	48	0	68	130	1542	1604	0.014	26.6
XP_017793953.1	XP_006562311.2	23.810	63	48	0	68	130	1344	1406	0.014	26.6
XP_017793953.1	XP_006562310.2	23.810	63	48	0	68	130	1344	1406	0.014	26.6
XP_017793953.1	XP_016771029.2	23.810	63	48	0	68	130	1142	1204	0.016	26.2
XP_017794020.1	XP_016771021.1	27.193	114	72	4	436	542	428	537	0.012	30.4
XP_017794020.1	XP_016771020.1	27.193	114	72	4	436	542	428	537	0.012	30.4
XP_017794214.1	XP_006562311.2	28.395	81	55	2	22	102	519	596	0.011	28.1
XP_017794214.1	XP_006562310.2	28.395	81	55	2	22	102	519	596	0.011	28.1
XP_017794214.1	XP_006562308.2	28.395	81	55	2	22	102	717	794	0.012	28.1
XP_017794214.1	XP_016771028.2	28.395	81	55	2	22	102	381	458	0.017	27.7
XP_017794214.1	XP_016771029.2	28.395	81	55	2	22	102	317	394	0.018	27.7
XP_017794234.1	XP_006562308.2	24.742	97	61	3	3	87	300	396	0.042	25.4
XP_017794234.1	XP_006562311.2	24.742	97	61	3	3	87	81	177	0.045	25.0
XP_017794234.1	XP_006562310.2	24.742	97	61	3	3	87	81	177	0.045	25.0
XP_017794378.1	XP_016771029.2	40.541	37	20	1	319	355	1463	1497	0.039	26.2
XP_017794378.1	XP_016771028.2	40.541	37	20	1	319	355	1527	1561	0.040	26.2
XP_017794378.1	XP_006562311.2	40.541	37	20	1	319	355	1665	1699	0.041	26.2
XP_017794378.1	XP_006562310.2	40.541	37	20	1	319	355	1665	1699	0.041	26.2
XP_017794378.1	XP_006562308.2	40.541	37	20	1	319	355	1863	1897	0.046	26.2
XP_017794480.1	XP_016771028.2	23.077	91	49	2	51	120	1272	1362	0.040	25.4
XP_017794480.1	XP_016771029.2	23.077	91	49	2	51	120	1208	1298	0.046	25.0
XP_017794505.1	XP_016771021.1	33.750	80	45	3	699	771	533	611	0.003	31.6
XP_017794505.1	XP_016771020.1	33.750	80	45	3	699	771	533	611	0.003	31.6
XP_017794742.1	XP_016771029.2	28.571	63	45	0	1049	1111	1270	1332	0.038	28.9
XP_017794742.1	XP_016771028.2	28.571	63	45	0	1049	1111	1334	1396	0.042	28.9
XP_017794743.1	XP_016771029.2	28.571	63	45	0	1043	1105	1270	1332	0.037	28.9
XP_017794743.1	XP_016771028.2	28.571	63	45	0	1043	1105	1334	1396	0.041	28.9
XP_017794744.1	XP_016771029.2	28.571	63	45	0	1043	1105	1270	1332	0.037	28.9
XP_017794744.1	XP_016771028.2	28.571	63	45	0	1043	1105	1334	1396	0.041	28.9
XP_017794745.1	XP_016771029.2	28.571	63	45	0	1049	1111	1270	1332	0.039	28.5
XP_017794745.1	XP_016771028.2	28.571	63	45	0	1049	1111	1334	1396	0.045	28.1
XP_017794753.1	XP_006562311.2	22.727	110	65	2	184	276	208	314	0.011	27.7
XP_017794753.1	XP_006562310.2	22.727	110	65	2	184	276	208	314	0.011	27.7
XP_017794753.1	XP_006562308.2	22.727	110	65	2	184	276	427	533	0.011	27.7
XP_017794904.1	XP_006562308.2	28.358	268	140	9	73	303	275	527	1.09e-18	78.6
XP_017794904.1	XP_006562311.2	28.358	268	140	9	73	303	56	308	1.13e-18	78.6
XP_017794904.1	XP_006562310.2	28.358	268	140	9	73	303	56	308	1.13e-18	78.6
XP_017794905.1	XP_006562308.2	28.358	268	140	9	73	303	275	527	1.09e-18	78.6
XP_017794905.1	XP_006562311.2	28.358	268	140	9	73	303	56	308	1.13e-18	78.6
XP_017794905.1	XP_006562310.2	28.358	268	140	9	73	303	56	308	1.13e-18	78.6
XP_017794906.1	XP_006562308.2	28.358	268	140	9	73	303	275	527	1.09e-18	78.6
XP_017794906.1	XP_006562311.2	28.358	268	140	9	73	303	56	308	1.13e-18	78.6
XP_017794906.1	XP_006562310.2	28.358	268	140	9	73	303	56	308	1.13e-18	78.6
XP_017794968.1	XP_006562308.2	28.723	94	61	2	56	143	735	828	0.011	27.3
XP_017794968.1	XP_016771028.2	28.723	94	61	2	56	143	399	492	0.012	27.3
XP_017794968.1	XP_006562311.2	28.723	94	61	2	56	143	537	630	0.012	27.3
XP_017794968.1	XP_006562310.2	28.723	94	61	2	56	143	537	630	0.012	27.3
XP_017794968.1	XP_016771029.2	28.723	94	61	2	56	143	335	428	0.014	26.9
XP_017794983.1	XP_016771029.2	23.214	112	73	2	961	1072	549	647	6.91e-04	34.3
XP_017794983.1	XP_016771028.2	23.214	112	73	2	961	1072	613	711	7.35e-04	34.3
XP_017794983.1	XP_006562311.2	23.214	112	73	2	961	1072	751	849	0.001	33.9
XP_017794983.1	XP_006562310.2	23.214	112	73	2	961	1072	751	849	0.001	33.9
XP_017794983.1	XP_006562308.2	23.214	112	73	2	961	1072	949	1047	0.001	33.9
XP_017794984.1	XP_016771029.2	23.214	112	73	2	961	1072	549	647	6.84e-04	34.3
XP_017794984.1	XP_016771028.2	23.214	112	73	2	961	1072	613	711	7.21e-04	34.3
XP_017794984.1	XP_006562311.2	23.214	112	73	2	961	1072	751	849	8.71e-04	33.9
XP_017794984.1	XP_006562310.2	23.214	112	73	2	961	1072	751	849	8.71e-04	33.9
XP_017794984.1	XP_006562308.2	23.214	112	73	2	961	1072	949	1047	0.001	33.9
XP_017795315.1	XP_016771021.1	26.190	84	46	3	22	98	81	155	0.045	25.0
XP_017795315.1	XP_016771020.1	26.190	84	46	3	22	98	81	155	0.045	25.0
XP_017795633.1	XP_006562308.2	23.121	173	107	7	526	679	347	512	1.95e-07	45.1
XP_017795633.1	XP_006562311.2	23.121	173	107	7	526	679	128	293	2.43e-07	44.7
XP_017795633.1	XP_006562310.2	23.121	173	107	7	526	679	128	293	2.43e-07	44.7
XP_017795662.1	XP_006562311.2	43.750	32	18	0	308	339	1543	1574	0.005	30.4
XP_017795662.1	XP_006562310.2	43.750	32	18	0	308	339	1543	1574	0.005	30.4
XP_017795662.1	XP_006562308.2	43.750	32	18	0	308	339	1741	1772	0.006	30.4
XP_017795662.1	XP_016771029.2	43.750	32	18	0	308	339	1341	1372	0.006	30.0
XP_017795662.1	XP_016771028.2	43.750	32	18	0	308	339	1405	1436	0.007	30.0
XP_017795684.1	XP_006562308.2	30.201	149	88	3	227	359	355	503	8.75e-19	82.0
XP_017795684.1	XP_006562311.2	30.201	149	88	3	227	359	136	284	9.69e-19	82.0
XP_017795684.1	XP_006562310.2	30.201	149	88	3	227	359	136	284	9.69e-19	82.0
XP_017795864.1	XP_006562308.2	28.509	228	126	11	1431	1646	1599	1801	0.013	31.2
XP_017795864.1	XP_006562311.2	28.509	228	126	11	1431	1646	1401	1603	0.015	31.2
XP_017795864.1	XP_006562310.2	28.509	228	126	11	1431	1646	1401	1603	0.015	31.2
XP_017795864.1	XP_016771029.2	29.940	167	96	9	1431	1593	1199	1348	0.018	30.8
XP_017795864.1	XP_016771028.2	29.940	167	96	9	1431	1593	1263	1412	0.019	30.8
XP_017796002.1	XP_006562311.2	27.027	222	102	5	97	259	64	284	8.45e-19	78.2
XP_017796002.1	XP_006562310.2	27.027	222	102	5	97	259	64	284	8.45e-19	78.2
XP_017796002.1	XP_006562308.2	27.149	221	103	5	97	259	283	503	4.98e-18	75.9
XP_017796089.1	XP_006562308.2	27.174	92	44	3	7	81	645	730	0.048	24.3
XP_017796105.1	XP_006562308.2	25.287	87	54	1	200	275	1490	1576	0.026	27.7
XP_017796105.1	XP_006562311.2	25.287	87	54	1	200	275	1292	1378	0.028	27.3
XP_017796105.1	XP_006562310.2	25.287	87	54	1	200	275	1292	1378	0.028	27.3
XP_017796439.1	NP_001011611.2	47.059	17	9	0	105	121	16	32	0.020	24.3
XP_017796490.1	XP_006562308.2	21.756	262	148	11	232	473	271	495	0.005	30.0
XP_017796490.1	XP_006562311.2	21.756	262	148	11	232	473	52	276	0.007	29.3
XP_017796490.1	XP_006562310.2	21.756	262	148	11	232	473	52	276	0.007	29.3
XP_017796689.1	XP_016771029.2	30.357	56	37	2	227	281	414	468	0.028	26.2
XP_017796689.1	XP_016771028.2	30.357	56	37	2	227	281	478	532	0.028	26.2
XP_017796689.1	XP_006562311.2	30.357	56	37	2	227	281	616	670	0.037	25.8
XP_017796689.1	XP_006562310.2	30.357	56	37	2	227	281	616	670	0.037	25.8
XP_017796689.1	XP_006562308.2	30.357	56	37	2	227	281	814	868	0.038	25.8
XP_017797339.1	XP_006562308.2	29.808	104	67	2	81	181	1331	1431	0.031	27.3
XP_017797339.1	XP_006562311.2	29.808	104	67	2	81	181	1133	1233	0.041	26.9
XP_017797339.1	XP_006562310.2	29.808	104	67	2	81	181	1133	1233	0.041	26.9
XP_017797570.1	XP_016771028.2	24.590	61	44	1	70	128	1013	1073	0.008	27.7
XP_017797570.1	XP_016771029.2	24.590	61	44	1	70	128	949	1009	0.009	27.7
XP_017797570.1	XP_006562311.2	24.590	61	44	1	70	128	1151	1211	0.009	27.3
XP_017797570.1	XP_006562310.2	24.590	61	44	1	70	128	1151	1211	0.009	27.3
XP_017797570.1	XP_006562308.2	24.590	61	44	1	70	128	1349	1409	0.010	27.3
XP_017797655.1	XP_016771029.2	22.026	227	122	8	115	313	52	251	0.045	25.8
XP_017797697.1	XP_006562311.2	43.243	37	18	2	766	799	56	92	0.047	27.7
XP_017797697.1	XP_006562310.2	43.243	37	18	2	766	799	56	92	0.047	27.7
XP_017797936.1	XP_006562308.2	30.000	50	31	1	310	359	2162	2207	0.021	27.7
XP_017797936.1	XP_016771028.2	30.000	50	31	1	310	359	1826	1871	0.023	27.3
XP_017797936.1	XP_016771029.2	30.000	50	31	1	310	359	1762	1807	0.024	27.3
XP_017797936.1	XP_006562311.2	30.000	50	31	1	310	359	1964	2009	0.026	27.3
XP_017797936.1	XP_006562310.2	30.000	50	31	1	310	359	1964	2009	0.026	27.3
XP_017797961.1	XP_016771021.1	38.636	44	22	2	239	277	279	322	0.031	26.2
XP_017797961.1	XP_016771020.1	38.636	44	22	2	239	277	279	322	0.031	26.2
XP_017798163.1	XP_006562308.2	21.379	145	95	5	379	506	347	489	2.24e-05	37.7
XP_017798163.1	XP_006562311.2	21.379	145	95	5	379	506	128	270	2.78e-05	37.4
XP_017798163.1	XP_006562310.2	21.379	145	95	5	379	506	128	270	2.78e-05	37.4
XP_017798199.1	XP_016771021.1	23.684	304	181	11	30	312	214	487	6.97e-14	63.2
XP_017798199.1	XP_016771020.1	23.684	304	181	11	30	312	214	487	6.97e-14	63.2
XP_017798347.1	XP_006562308.2	27.326	172	108	3	477	631	342	513	2.05e-13	64.7
XP_017798347.1	XP_006562311.2	27.326	172	108	3	477	631	123	294	3.10e-13	63.9
XP_017798347.1	XP_006562310.2	27.326	172	108	3	477	631	123	294	3.10e-13	63.9
XP_017798632.1	XP_016771021.1	37.398	492	277	12	264	738	22	499	4.16e-106	335
XP_017798632.1	XP_016771020.1	37.398	492	277	12	264	738	22	499	4.16e-106	335
XP_017798690.1	XP_016771028.2	28.571	77	49	3	428	499	1039	1114	0.006	29.6
XP_017798690.1	XP_006562311.2	28.571	77	49	3	428	499	1177	1252	0.006	29.6
XP_017798690.1	XP_006562310.2	28.571	77	49	3	428	499	1177	1252	0.006	29.6
XP_017798690.1	XP_006562308.2	28.571	77	49	3	428	499	1375	1450	0.006	29.6
XP_017798690.1	XP_016771029.2	28.571	77	49	3	428	499	975	1050	0.006	29.6
XP_017798844.1	XP_016771028.2	34.247	73	37	3	144	211	420	486	0.042	26.9
XP_017798844.1	XP_016771029.2	34.247	73	37	3	144	211	356	422	0.049	26.6
XP_017798969.1	XP_006562308.2	20.408	147	104	4	297	430	328	474	0.020	27.7
XP_017798969.1	XP_006562311.2	20.408	147	104	4	297	430	109	255	0.031	27.3
XP_017798969.1	XP_006562310.2	20.408	147	104	4	297	430	109	255	0.031	27.3
XP_017799472.1	XP_016771028.2	38.889	36	20	1	113	148	1321	1354	0.030	26.2
XP_017799472.1	XP_016771029.2	38.889	36	20	1	113	148	1257	1290	0.033	26.2
XP_017799472.1	XP_006562311.2	38.889	36	20	1	113	148	1459	1492	0.033	26.2
XP_017799472.1	XP_006562310.2	38.889	36	20	1	113	148	1459	1492	0.033	26.2
XP_017799472.1	XP_006562308.2	38.889	36	20	1	113	148	1657	1690	0.037	25.8
