XP_003699339.1	XP_016771028.2	30.645	62	40	1	224	282	1252	1313	0.037	26.9
XP_003699339.1	XP_016771029.2	30.645	62	40	1	224	282	1188	1249	0.042	26.9
XP_003699339.1	XP_006562308.2	30.645	62	40	1	224	282	1588	1649	0.043	26.9
XP_003699339.1	XP_006562311.2	30.645	62	40	1	224	282	1390	1451	0.044	26.6
XP_003699339.1	XP_006562310.2	30.645	62	40	1	224	282	1390	1451	0.044	26.6
XP_003699509.1	XP_006562308.2	28.125	64	45	1	385	448	385	447	0.008	28.9
XP_003699509.1	XP_006562311.2	28.125	64	45	1	385	448	166	228	0.010	28.5
XP_003699509.1	XP_006562310.2	28.125	64	45	1	385	448	166	228	0.010	28.5
XP_003699584.2	NP_001011612.1	33.333	27	16	1	39	65	21	45	0.014	24.6
XP_003699623.1	XP_006562311.2	24.113	141	81	7	347	474	1560	1687	0.034	26.9
XP_003699623.1	XP_006562310.2	24.113	141	81	7	347	474	1560	1687	0.034	26.9
XP_003699623.1	XP_016771029.2	24.113	141	81	7	347	474	1358	1485	0.035	26.9
XP_003699623.1	XP_006562308.2	24.113	141	81	7	347	474	1758	1885	0.042	26.9
XP_003699623.1	XP_016771028.2	24.113	141	81	7	347	474	1422	1549	0.046	26.6
XP_003699707.1	XP_006562308.2	38.462	39	24	0	122	160	208	246	0.021	26.9
XP_003699843.1	XP_006562308.2	30.189	159	92	4	626	765	345	503	3.33e-15	70.9
XP_003699843.1	XP_006562311.2	30.189	159	92	4	626	765	126	284	3.36e-15	70.9
XP_003699843.1	XP_006562310.2	30.189	159	92	4	626	765	126	284	3.36e-15	70.9
XP_003699916.1	XP_016771028.2	28.814	59	31	2	24	71	1201	1259	6.53e-04	29.6
XP_003699916.1	XP_016771029.2	28.814	59	31	2	24	71	1137	1195	7.22e-04	29.6
XP_003699916.1	XP_006562308.2	28.814	59	31	2	24	71	1537	1595	7.75e-04	29.6
XP_003699916.1	XP_006562311.2	28.814	59	31	2	24	71	1339	1397	8.48e-04	29.6
XP_003699916.1	XP_006562310.2	28.814	59	31	2	24	71	1339	1397	8.48e-04	29.6
XP_003699973.2	XP_016771021.1	29.825	57	37	1	533	586	437	493	0.017	28.5
XP_003699973.2	XP_016771020.1	29.825	57	37	1	533	586	437	493	0.017	28.5
XP_003700318.1	XP_006562311.2	30.986	71	46	2	74	143	180	248	0.021	27.7
XP_003700318.1	XP_006562310.2	30.986	71	46	2	74	143	180	248	0.021	27.7
XP_003700318.1	XP_006562308.2	30.986	71	46	2	74	143	399	467	0.021	27.7
XP_003700658.1	XP_006562308.2	24.359	78	57	2	188	265	48	123	0.001	31.6
XP_003700734.2	XP_006562311.2	36.170	47	27	1	350	396	990	1033	0.048	26.6
XP_003700734.2	XP_006562310.2	36.170	47	27	1	350	396	990	1033	0.048	26.6
XP_003700734.2	XP_006562308.2	36.170	47	27	1	350	396	1188	1231	0.049	26.6
XP_003700734.2	XP_016771029.2	36.170	47	27	1	350	396	788	831	0.049	26.6
XP_003700734.2	XP_016771028.2	36.170	47	27	1	350	396	852	895	0.049	26.6
XP_003700827.1	XP_006562311.2	25.352	71	52	1	104	173	243	313	0.029	27.7
XP_003700827.1	XP_006562310.2	25.352	71	52	1	104	173	243	313	0.029	27.7
XP_003700827.1	XP_006562308.2	25.352	71	52	1	104	173	462	532	0.029	27.7
XP_003700861.1	XP_016771028.2	31.818	44	27	1	51	91	1272	1315	0.039	25.4
XP_003700861.1	XP_016771029.2	31.818	44	27	1	51	91	1208	1251	0.043	25.0
XP_003701282.1	XP_006562308.2	73.015	2305	444	68	1	2169	1	2263	0.0	2981
XP_003701282.1	XP_006562311.2	73.638	2056	388	64	248	2169	30	2065	0.0	2671
XP_003701282.1	XP_006562310.2	73.638	2056	388	64	248	2169	30	2065	0.0	2671
XP_003701282.1	XP_016771029.2	69.906	1801	387	65	504	2169	83	1863	0.0	2103
XP_003701282.1	XP_016771028.2	69.405	1765	386	64	539	2169	183	1927	0.0	2034
XP_003701320.2	XP_016771021.1	79.091	660	138	0	1	660	1	660	0.0	1115
XP_003701320.2	XP_016771020.1	79.091	660	138	0	1	660	1	660	0.0	1115
XP_003701420.1	XP_006562311.2	22.727	110	65	2	184	276	208	314	0.007	28.1
XP_003701420.1	XP_006562310.2	22.727	110	65	2	184	276	208	314	0.007	28.1
XP_003701420.1	XP_006562308.2	22.727	110	65	2	184	276	427	533	0.009	28.1
XP_003701470.1	NP_001011611.2	47.059	17	9	0	105	121	16	32	0.039	23.5
XP_003701791.1	XP_006562311.2	29.870	77	48	3	425	496	1177	1252	0.002	31.6
XP_003701791.1	XP_006562310.2	29.870	77	48	3	425	496	1177	1252	0.002	31.6
XP_003701791.1	XP_016771028.2	29.870	77	48	3	425	496	1039	1114	0.002	31.6
XP_003701791.1	XP_006562308.2	29.870	77	48	3	425	496	1375	1450	0.002	31.6
XP_003701791.1	XP_016771029.2	29.870	77	48	3	425	496	975	1050	0.002	31.2
XP_003701884.2	XP_006562311.2	27.160	81	47	3	186	254	1683	1763	0.037	26.9
XP_003701884.2	XP_006562310.2	27.160	81	47	3	186	254	1683	1763	0.037	26.9
XP_003701897.2	XP_016771021.1	28.125	64	42	3	236	297	38	99	0.016	28.5
XP_003701897.2	XP_016771020.1	28.125	64	42	3	236	297	38	99	0.016	28.5
XP_003702038.1	XP_006562311.2	26.296	270	166	9	93	337	56	317	1.15e-19	84.0
XP_003702038.1	XP_006562310.2	26.296	270	166	9	93	337	56	317	1.15e-19	84.0
XP_003702038.1	XP_006562308.2	26.296	270	166	9	93	337	275	536	1.67e-19	83.2
XP_003702133.1	XP_006562308.2	27.111	225	138	6	157	359	283	503	2.94e-19	83.6
XP_003702133.1	XP_006562311.2	27.111	225	138	6	157	359	64	284	4.78e-19	82.8
XP_003702133.1	XP_006562310.2	27.111	225	138	6	157	359	64	284	4.78e-19	82.8
XP_003702135.1	XP_016771028.2	29.630	54	38	0	293	346	1873	1926	0.016	28.1
XP_003702135.1	XP_006562311.2	29.630	54	38	0	293	346	2011	2064	0.017	28.1
XP_003702135.1	XP_006562310.2	29.630	54	38	0	293	346	2011	2064	0.017	28.1
XP_003702135.1	XP_016771029.2	29.630	54	38	0	293	346	1809	1862	0.017	28.1
XP_003702135.1	XP_006562308.2	29.630	54	38	0	293	346	2209	2262	0.022	27.7
XP_003702178.1	XP_006562308.2	29.032	62	44	0	243	304	2107	2168	0.044	28.1
XP_003702205.1	XP_006562311.2	24.359	78	56	2	662	736	750	827	0.039	27.3
XP_003702205.1	XP_006562310.2	24.359	78	56	2	662	736	750	827	0.039	27.3
XP_003702205.1	XP_006562308.2	24.359	78	56	2	662	736	948	1025	0.043	27.3
XP_003702205.1	XP_016771028.2	24.359	78	56	2	662	736	612	689	0.043	27.3
XP_003702209.1	XP_006562308.2	22.989	174	108	7	535	689	347	513	1.64e-07	45.1
XP_003702209.1	XP_006562311.2	23.121	173	107	7	535	688	128	293	2.18e-07	44.7
XP_003702209.1	XP_006562310.2	23.121	173	107	7	535	688	128	293	2.18e-07	44.7
XP_003702256.1	XP_016771028.2	27.632	76	54	1	667	741	130	205	0.018	28.9
XP_003702678.1	XP_016771028.2	30.612	49	25	2	149	189	93	140	0.011	26.6
XP_003702891.1	XP_016771028.2	34.247	73	37	3	456	524	1418	1483	0.013	28.5
XP_003702891.1	XP_006562308.2	34.247	73	37	3	456	524	1754	1819	0.013	28.5
XP_003702891.1	XP_016771029.2	34.247	73	37	3	456	524	1354	1419	0.013	28.5
XP_003702891.1	XP_006562311.2	34.247	73	37	3	456	524	1556	1621	0.013	28.5
XP_003702891.1	XP_006562310.2	34.247	73	37	3	456	524	1556	1621	0.013	28.5
XP_003702917.1	XP_016771028.2	30.108	93	53	2	524	607	15	104	0.030	28.5
XP_003702960.1	XP_006562308.2	21.333	150	109	2	335	475	896	1045	0.016	28.9
XP_003702960.1	XP_006562311.2	24.528	106	77	1	335	437	698	803	0.028	28.1
XP_003702960.1	XP_006562310.2	24.528	106	77	1	335	437	698	803	0.028	28.1
XP_003702960.1	XP_016771028.2	24.272	103	75	1	338	437	563	665	0.032	27.7
XP_003702960.1	XP_016771029.2	24.272	103	75	1	338	437	499	601	0.043	27.3
XP_003703281.1	XP_006562308.2	34.286	35	23	0	185	219	463	497	0.005	30.0
XP_003703281.1	XP_006562311.2	34.286	35	23	0	185	219	244	278	0.006	30.0
XP_003703281.1	XP_006562310.2	34.286	35	23	0	185	219	244	278	0.006	30.0
XP_003703569.2	XP_006562308.2	34.043	47	31	0	609	655	767	813	0.023	28.1
XP_003703569.2	XP_016771028.2	34.043	47	31	0	609	655	431	477	0.027	27.7
XP_003703569.2	XP_006562311.2	34.043	47	31	0	609	655	569	615	0.030	27.7
XP_003703569.2	XP_006562310.2	34.043	47	31	0	609	655	569	615	0.030	27.7
XP_003703569.2	XP_016771029.2	34.043	47	31	0	609	655	367	413	0.033	27.7
XP_003703628.2	XP_006562308.2	21.875	192	129	6	107	294	1809	1983	0.034	26.6
XP_003703668.1	XP_006562308.2	26.966	89	50	3	414	487	415	503	0.006	29.6
XP_003703668.1	XP_006562311.2	26.966	89	50	3	414	487	196	284	0.006	29.6
XP_003703668.1	XP_006562310.2	26.966	89	50	3	414	487	196	284	0.006	29.6
XP_003703672.1	XP_006562308.2	26.316	57	36	1	12	68	343	393	0.039	26.9
XP_003703681.1	XP_006562308.2	29.630	54	34	1	609	662	872	921	0.024	28.1
XP_003703681.1	XP_006562311.2	29.630	54	34	1	609	662	674	723	0.025	28.1
XP_003703681.1	XP_006562310.2	29.630	54	34	1	609	662	674	723	0.025	28.1
XP_003703681.1	XP_016771029.2	29.630	54	34	1	609	662	472	521	0.032	27.7
XP_003703681.1	XP_016771028.2	29.630	54	34	1	609	662	536	585	0.032	27.7
XP_003703810.2	XP_016771021.1	28.125	96	63	4	150	241	149	242	0.034	27.7
XP_003703810.2	XP_016771021.1	28.125	96	63	4	400	491	149	242	0.034	27.7
XP_003703810.2	XP_016771020.1	28.125	96	63	4	150	241	149	242	0.034	27.7
XP_003703810.2	XP_016771020.1	28.125	96	63	4	400	491	149	242	0.034	27.7
XP_003704091.1	XP_016771029.2	23.214	112	73	2	960	1071	549	647	6.96e-04	34.3
XP_003704091.1	XP_016771028.2	23.214	112	73	2	960	1071	613	711	7.39e-04	34.3
XP_003704091.1	XP_006562311.2	23.214	112	73	2	960	1071	751	849	0.001	33.9
XP_003704091.1	XP_006562310.2	23.214	112	73	2	960	1071	751	849	0.001	33.9
XP_003704091.1	XP_006562308.2	23.214	112	73	2	960	1071	949	1047	0.001	33.5
XP_003704281.1	XP_006562311.2	33.333	39	26	0	262	300	528	566	0.018	28.1
XP_003704281.1	XP_006562310.2	33.333	39	26	0	262	300	528	566	0.018	28.1
XP_003704281.1	XP_006562308.2	32.500	40	27	0	262	301	726	765	0.019	27.7
XP_003704386.1	XP_016771029.2	22.849	372	189	20	244	578	1248	1558	0.044	27.7
XP_003704386.1	XP_016771028.2	22.849	372	189	20	244	578	1312	1622	0.050	27.7
XP_003704853.1	XP_006562308.2	29.808	104	67	2	81	181	1331	1431	0.027	27.3
XP_003704853.1	XP_006562311.2	29.808	104	67	2	81	181	1133	1233	0.037	26.9
XP_003704853.1	XP_006562310.2	29.808	104	67	2	81	181	1133	1233	0.037	26.9
XP_003705455.2	XP_016771021.1	30.909	55	36	1	573	627	339	391	0.026	28.5
XP_003705455.2	XP_016771020.1	30.909	55	36	1	573	627	339	391	0.026	28.5
XP_003705539.1	XP_006562311.2	41.026	39	17	1	58	90	584	622	0.037	27.3
XP_003705539.1	XP_006562310.2	41.026	39	17	1	58	90	584	622	0.037	27.3
XP_003705539.1	XP_016771029.2	41.026	39	17	1	58	90	382	420	0.038	27.3
XP_003705539.1	XP_006562308.2	41.026	39	17	1	58	90	782	820	0.038	27.3
XP_003705539.1	XP_016771028.2	41.026	39	17	1	58	90	446	484	0.040	27.3
XP_003705736.2	XP_016771029.2	26.506	83	51	3	168	240	1242	1324	0.026	27.7
XP_003705736.2	XP_016771028.2	26.506	83	51	3	168	240	1306	1388	0.028	27.7
XP_003705736.2	XP_006562311.2	26.506	83	51	3	168	240	1444	1526	0.036	27.3
XP_003705736.2	XP_006562310.2	26.506	83	51	3	168	240	1444	1526	0.036	27.3
XP_003705736.2	XP_006562308.2	26.506	83	51	3	168	240	1642	1724	0.042	26.9
XP_003706060.1	XP_016771028.2	34.211	38	18	1	278	315	1719	1749	0.039	26.2
XP_003706060.1	XP_016771029.2	34.211	38	18	1	278	315	1655	1685	0.040	26.2
XP_003706060.1	XP_006562311.2	34.211	38	18	1	278	315	1857	1887	0.044	25.8
XP_003706060.1	XP_006562310.2	34.211	38	18	1	278	315	1857	1887	0.044	25.8
XP_003706060.1	XP_006562308.2	34.211	38	18	1	278	315	2055	2085	0.046	25.8
XP_003706138.1	XP_006562308.2	29.304	273	143	13	667	906	272	527	7.23e-20	86.7
XP_003706138.1	XP_006562311.2	29.304	273	143	13	667	906	53	308	1.18e-19	85.9
XP_003706138.1	XP_006562310.2	29.304	273	143	13	667	906	53	308	1.18e-19	85.9
XP_003706159.1	XP_006562308.2	20.438	137	92	4	386	505	353	489	3.63e-05	37.4
XP_003706159.1	XP_006562311.2	20.438	137	92	4	386	505	134	270	4.24e-05	37.0
XP_003706159.1	XP_006562310.2	20.438	137	92	4	386	505	134	270	4.24e-05	37.0
XP_003706162.1	XP_006562308.2	53.846	26	8	1	24	49	1897	1918	0.014	25.0
XP_003706162.1	XP_006562311.2	53.846	26	8	1	24	49	1699	1720	0.015	25.0
XP_003706162.1	XP_006562310.2	53.846	26	8	1	24	49	1699	1720	0.015	25.0
XP_003706162.1	XP_016771028.2	53.846	26	8	1	24	49	1561	1582	0.015	25.0
XP_003706162.1	XP_016771029.2	53.846	26	8	1	24	49	1497	1518	0.016	25.0
XP_003706192.1	XP_016771021.1	24.825	286	174	11	30	297	214	476	2.68e-14	64.3
XP_003706192.1	XP_016771020.1	24.825	286	174	11	30	297	214	476	2.68e-14	64.3
XP_003706359.1	XP_016771028.2	31.818	44	30	0	57	100	167	210	0.025	25.4
XP_003706465.2	XP_006562308.2	27.326	172	108	3	491	645	342	513	2.29e-13	64.3
XP_003706465.2	XP_006562311.2	27.326	172	108	3	491	645	123	294	3.15e-13	63.9
XP_003706465.2	XP_006562310.2	27.326	172	108	3	491	645	123	294	3.15e-13	63.9
XP_003706569.1	XP_016771028.2	56.250	16	7	0	457	472	104	119	0.039	26.6
XP_003706585.1	XP_016771021.1	32.609	46	27	2	101	143	187	231	0.040	25.8
XP_003706585.1	XP_016771020.1	32.609	46	27	2	101	143	187	231	0.040	25.8
XP_003706893.1	XP_016771029.2	29.412	68	44	2	264	327	1666	1733	0.005	30.4
XP_003706893.1	XP_006562311.2	29.412	68	44	2	264	327	1868	1935	0.006	30.4
XP_003706893.1	XP_006562310.2	29.412	68	44	2	264	327	1868	1935	0.006	30.4
XP_003706893.1	XP_016771028.2	29.412	68	44	2	264	327	1730	1797	0.007	30.0
XP_003706893.1	XP_006562308.2	29.412	68	44	2	264	327	2066	2133	0.007	30.0
XP_003706951.1	XP_006562308.2	23.827	277	184	8	361	611	283	558	2.68e-16	73.2
XP_003706951.1	XP_006562311.2	23.827	277	184	8	361	611	64	339	6.17e-16	72.0
XP_003706951.1	XP_006562310.2	23.827	277	184	8	361	611	64	339	6.17e-16	72.0
XP_003707306.2	XP_006562311.2	34.234	222	123	6	97	296	64	284	1.20e-30	114
XP_003707306.2	XP_006562310.2	34.234	222	123	6	97	296	64	284	1.20e-30	114
XP_003707306.2	XP_006562308.2	34.234	222	123	6	97	296	283	503	1.62e-30	114
XP_003708019.1	XP_016771028.2	36.667	30	19	0	20	49	641	670	0.026	26.2
XP_003708019.1	XP_016771029.2	36.667	30	19	0	20	49	577	606	0.026	26.2
XP_003708019.1	XP_006562308.2	36.667	30	19	0	20	49	977	1006	0.037	25.8
XP_003708019.1	XP_006562311.2	36.667	30	19	0	20	49	779	808	0.041	25.8
XP_003708019.1	XP_006562310.2	36.667	30	19	0	20	49	779	808	0.041	25.8
XP_003708177.1	XP_006562308.2	26.250	240	135	7	487	694	283	512	2.57e-18	81.3
XP_003708177.1	XP_006562311.2	26.250	240	135	7	487	694	64	293	3.26e-18	80.9
XP_003708177.1	XP_006562310.2	26.250	240	135	7	487	694	64	293	3.26e-18	80.9
XP_003708197.1	XP_006562308.2	25.926	81	53	2	197	273	989	1066	0.013	28.9
XP_003708197.1	XP_006562311.2	25.926	81	53	2	197	273	791	868	0.013	28.9
XP_003708197.1	XP_006562310.2	25.926	81	53	2	197	273	791	868	0.013	28.9
XP_003708197.1	XP_016771028.2	25.926	81	53	2	197	273	653	730	0.014	28.9
XP_003708197.1	XP_016771029.2	25.926	81	53	2	197	273	589	666	0.014	28.9
XP_003708557.1	XP_006562311.2	27.143	70	51	0	6	75	682	751	3.22e-04	34.3
XP_003708557.1	XP_006562310.2	27.143	70	51	0	6	75	682	751	3.22e-04	34.3
XP_003708557.1	XP_006562308.2	27.143	70	51	0	6	75	880	949	3.23e-04	34.3
XP_003708557.1	XP_016771029.2	27.143	70	51	0	6	75	480	549	0.001	32.0
XP_003708557.1	XP_016771028.2	27.143	70	51	0	6	75	544	613	0.002	32.0
XP_003708683.1	XP_006562308.2	34.091	44	22	1	63	106	455	491	0.021	27.3
XP_003708683.1	XP_006562311.2	34.091	44	22	1	63	106	236	272	0.022	27.3
XP_003708683.1	XP_006562310.2	34.091	44	22	1	63	106	236	272	0.022	27.3
XP_012134537.1	XP_016771029.2	45.161	31	14	1	74	101	1446	1476	0.039	24.6
XP_012134537.1	XP_016771028.2	45.161	31	14	1	74	101	1510	1540	0.040	24.6
XP_012134770.1	XP_006562308.2	24.359	78	57	2	111	188	48	123	0.002	30.4
XP_012134775.1	XP_016771028.2	36.170	47	27	1	288	334	852	895	0.042	26.6
XP_012134775.1	XP_006562311.2	36.170	47	27	1	288	334	990	1033	0.042	26.6
XP_012134775.1	XP_006562310.2	36.170	47	27	1	288	334	990	1033	0.042	26.6
XP_012134775.1	XP_006562308.2	36.170	47	27	1	288	334	1188	1231	0.042	26.6
XP_012134775.1	XP_016771029.2	36.170	47	27	1	288	334	788	831	0.042	26.6
XP_012134939.1	XP_016771029.2	33.333	69	40	2	40	108	323	385	4.78e-04	33.1
XP_012134939.1	XP_016771028.2	33.333	69	40	2	40	108	387	449	4.79e-04	33.1
XP_012134939.1	XP_006562308.2	33.333	69	40	2	40	108	723	785	0.002	30.8
XP_012134939.1	XP_006562311.2	33.333	69	40	2	40	108	525	587	0.003	30.4
XP_012134939.1	XP_006562310.2	33.333	69	40	2	40	108	525	587	0.003	30.4
XP_012134946.1	XP_016771029.2	28.986	69	26	2	275	320	1734	1802	0.035	26.6
XP_012134946.1	XP_016771028.2	28.986	69	26	2	275	320	1798	1866	0.035	26.6
XP_012134946.1	XP_006562308.2	28.986	69	26	2	275	320	2134	2202	0.038	26.6
XP_012134946.1	XP_006562311.2	28.986	69	26	2	275	320	1936	2004	0.040	26.6
XP_012134946.1	XP_006562310.2	28.986	69	26	2	275	320	1936	2004	0.040	26.6
XP_012135369.1	XP_006562308.2	22.857	70	45	2	65	125	1701	1770	0.041	24.6
XP_012135369.1	XP_006562311.2	22.857	70	45	2	65	125	1503	1572	0.043	24.6
XP_012135369.1	XP_006562310.2	22.857	70	45	2	65	125	1503	1572	0.043	24.6
XP_012135370.1	XP_006562308.2	22.857	70	45	2	65	125	1701	1770	0.041	24.6
XP_012135370.1	XP_006562311.2	22.857	70	45	2	65	125	1503	1572	0.043	24.6
XP_012135370.1	XP_006562310.2	22.857	70	45	2	65	125	1503	1572	0.043	24.6
XP_012135775.1	XP_016771021.1	31.481	54	36	1	45	97	278	331	0.030	24.6
XP_012135775.1	XP_016771020.1	31.481	54	36	1	45	97	278	331	0.030	24.6
XP_012135776.1	XP_016771021.1	31.481	54	36	1	45	97	278	331	0.030	24.6
XP_012135776.1	XP_016771020.1	31.481	54	36	1	45	97	278	331	0.030	24.6
XP_012135777.1	XP_016771021.1	31.481	54	36	1	45	97	278	331	0.030	24.6
XP_012135777.1	XP_016771020.1	31.481	54	36	1	45	97	278	331	0.030	24.6
XP_012135778.1	XP_016771021.1	31.481	54	36	1	45	97	278	331	0.030	24.6
XP_012135778.1	XP_016771020.1	31.481	54	36	1	45	97	278	331	0.030	24.6
XP_012135779.1	XP_016771021.1	31.481	54	36	1	45	97	278	331	0.030	24.6
XP_012135779.1	XP_016771020.1	31.481	54	36	1	45	97	278	331	0.030	24.6
XP_012135780.1	XP_016771021.1	31.481	54	36	1	45	97	278	331	0.030	24.6
XP_012135780.1	XP_016771020.1	31.481	54	36	1	45	97	278	331	0.030	24.6
XP_012135781.1	XP_016771021.1	31.481	54	36	1	45	97	278	331	0.030	24.6
XP_012135781.1	XP_016771020.1	31.481	54	36	1	45	97	278	331	0.030	24.6
XP_012135782.1	XP_016771021.1	31.481	54	36	1	45	97	278	331	0.030	24.6
XP_012135782.1	XP_016771020.1	31.481	54	36	1	45	97	278	331	0.030	24.6
XP_012135783.1	XP_016771021.1	31.481	54	36	1	45	97	278	331	0.030	24.6
XP_012135783.1	XP_016771020.1	31.481	54	36	1	45	97	278	331	0.030	24.6
XP_012135785.1	XP_016771021.1	31.481	54	36	1	45	97	278	331	0.030	24.6
XP_012135785.1	XP_016771020.1	31.481	54	36	1	45	97	278	331	0.030	24.6
XP_012135786.1	XP_016771021.1	31.481	54	36	1	45	97	278	331	0.030	24.6
XP_012135786.1	XP_016771020.1	31.481	54	36	1	45	97	278	331	0.030	24.6
XP_012135787.1	XP_016771021.1	31.481	54	36	1	45	97	278	331	0.030	24.6
XP_012135787.1	XP_016771020.1	31.481	54	36	1	45	97	278	331	0.030	24.6
XP_012135788.1	XP_016771021.1	31.481	54	36	1	45	97	278	331	0.030	24.6
XP_012135788.1	XP_016771020.1	31.481	54	36	1	45	97	278	331	0.030	24.6
XP_012135789.1	XP_016771021.1	31.481	54	36	1	45	97	278	331	0.030	24.6
XP_012135789.1	XP_016771020.1	31.481	54	36	1	45	97	278	331	0.030	24.6
XP_012135963.1	XP_006562308.2	32.609	46	29	1	25	70	1867	1910	0.041	25.4
XP_012136115.1	XP_006562308.2	72.984	2306	444	69	1	2170	1	2263	0.0	2977
XP_012136115.1	XP_006562311.2	73.602	2057	388	65	248	2170	30	2065	0.0	2666
XP_012136115.1	XP_006562310.2	73.602	2057	388	65	248	2170	30	2065	0.0	2666
XP_012136115.1	XP_016771029.2	69.867	1802	387	66	504	2170	83	1863	0.0	2099
XP_012136115.1	XP_016771028.2	69.366	1766	386	65	539	2170	183	1927	0.0	2030
XP_012136117.1	XP_016771021.1	79.091	660	138	0	1	660	1	660	0.0	1115
XP_012136117.1	XP_016771020.1	79.091	660	138	0	1	660	1	660	0.0	1115
XP_012136118.1	XP_016771021.1	79.091	660	138	0	1	660	1	660	0.0	1115
XP_012136118.1	XP_016771020.1	79.091	660	138	0	1	660	1	660	0.0	1115
XP_012136167.1	XP_016771029.2	28.916	83	41	3	117	198	1290	1355	0.025	25.8
XP_012136167.1	XP_016771028.2	28.916	83	41	3	117	198	1354	1419	0.026	25.8
XP_012136167.1	XP_006562308.2	28.916	83	41	3	117	198	1690	1755	0.032	25.4
XP_012136167.1	XP_006562311.2	28.916	83	41	3	117	198	1492	1557	0.033	25.4
XP_012136167.1	XP_006562310.2	28.916	83	41	3	117	198	1492	1557	0.033	25.4
XP_012136442.1	XP_006562308.2	20.717	251	142	8	243	474	283	495	0.008	29.6
XP_012136442.1	XP_006562311.2	20.717	251	142	8	243	474	64	276	0.010	29.3
XP_012136442.1	XP_006562310.2	20.717	251	142	8	243	474	64	276	0.010	29.3
XP_012136443.1	XP_006562308.2	20.717	251	142	8	243	474	283	495	0.008	29.6
XP_012136443.1	XP_006562311.2	20.717	251	142	8	243	474	64	276	0.010	29.3
XP_012136443.1	XP_006562310.2	20.717	251	142	8	243	474	64	276	0.010	29.3
XP_012136444.1	XP_006562308.2	20.717	251	142	8	243	474	283	495	0.008	29.6
XP_012136444.1	XP_006562311.2	20.717	251	142	8	243	474	64	276	0.010	29.3
XP_012136444.1	XP_006562310.2	20.717	251	142	8	243	474	64	276	0.010	29.3
XP_012136445.1	XP_006562308.2	20.717	251	142	8	243	474	283	495	0.008	29.6
XP_012136445.1	XP_006562311.2	20.717	251	142	8	243	474	64	276	0.010	29.3
XP_012136445.1	XP_006562310.2	20.717	251	142	8	243	474	64	276	0.010	29.3
XP_012136446.1	XP_006562308.2	20.717	251	142	8	243	474	283	495	0.008	29.6
XP_012136446.1	XP_006562311.2	20.717	251	142	8	243	474	64	276	0.010	29.3
XP_012136446.1	XP_006562310.2	20.717	251	142	8	243	474	64	276	0.010	29.3
XP_012136447.1	XP_006562308.2	20.717	251	142	8	243	474	283	495	0.008	29.6
XP_012136447.1	XP_006562311.2	20.717	251	142	8	243	474	64	276	0.010	29.3
XP_012136447.1	XP_006562310.2	20.717	251	142	8	243	474	64	276	0.010	29.3
XP_012136448.1	XP_006562308.2	20.717	251	142	8	221	452	283	495	0.012	28.9
XP_012136448.1	XP_006562311.2	20.717	251	142	8	221	452	64	276	0.014	28.5
XP_012136448.1	XP_006562310.2	20.717	251	142	8	221	452	64	276	0.014	28.5
XP_012136449.1	XP_006562308.2	20.532	263	150	9	233	474	271	495	0.002	30.8
XP_012136449.1	XP_006562311.2	20.532	263	150	9	233	474	52	276	0.003	30.8
XP_012136449.1	XP_006562310.2	20.532	263	150	9	233	474	52	276	0.003	30.8
XP_012136450.1	XP_006562308.2	20.532	263	150	9	233	474	271	495	0.001	32.3
XP_012136450.1	XP_006562311.2	20.532	263	150	9	233	474	52	276	0.001	32.0
XP_012136450.1	XP_006562310.2	20.532	263	150	9	233	474	52	276	0.001	32.0
XP_012136451.1	XP_006562308.2	20.532	263	150	9	233	474	271	495	0.002	31.2
XP_012136451.1	XP_006562311.2	20.532	263	150	9	233	474	52	276	0.002	31.2
XP_012136451.1	XP_006562310.2	20.532	263	150	9	233	474	52	276	0.002	31.2
XP_012136612.1	NP_001011611.2	47.059	17	9	0	104	120	16	32	0.039	23.5
XP_012137170.1	XP_006562311.2	29.870	77	48	3	428	499	1177	1252	0.001	32.0
XP_012137170.1	XP_006562310.2	29.870	77	48	3	428	499	1177	1252	0.001	32.0
XP_012137170.1	XP_006562308.2	29.870	77	48	3	428	499	1375	1450	0.002	31.6
XP_012137170.1	XP_016771028.2	29.870	77	48	3	428	499	1039	1114	0.002	31.6
XP_012137170.1	XP_016771029.2	29.870	77	48	3	428	499	975	1050	0.002	31.6
XP_012137171.1	XP_006562311.2	26.316	76	53	1	360	432	1177	1252	0.002	30.8
XP_012137171.1	XP_006562310.2	26.316	76	53	1	360	432	1177	1252	0.002	30.8
XP_012137171.1	XP_006562308.2	26.316	76	53	1	360	432	1375	1450	0.002	30.8
XP_012137171.1	XP_016771028.2	26.316	76	53	1	360	432	1039	1114	0.003	30.8
XP_012137171.1	XP_016771029.2	26.316	76	53	1	360	432	975	1050	0.003	30.4
XP_012137396.1	XP_016771021.1	28.125	64	42	3	232	293	38	99	0.016	28.5
XP_012137396.1	XP_016771020.1	28.125	64	42	3	232	293	38	99	0.016	28.5
XP_012137397.1	XP_016771021.1	28.125	64	42	3	232	293	38	99	0.016	28.5
XP_012137397.1	XP_016771020.1	28.125	64	42	3	232	293	38	99	0.016	28.5
XP_012137398.1	XP_016771021.1	28.125	64	42	3	236	297	38	99	0.011	28.5
XP_012137398.1	XP_016771020.1	28.125	64	42	3	236	297	38	99	0.011	28.5
XP_012137399.1	XP_016771021.1	28.125	64	42	3	236	297	38	99	0.011	28.5
XP_012137399.1	XP_016771020.1	28.125	64	42	3	236	297	38	99	0.011	28.5
XP_012137481.1	XP_006562308.2	36.364	33	21	0	105	137	1256	1288	0.019	25.8
XP_012137481.1	XP_006562311.2	36.364	33	21	0	105	137	1058	1090	0.019	25.8
XP_012137481.1	XP_006562310.2	36.364	33	21	0	105	137	1058	1090	0.019	25.8
XP_012137481.1	XP_016771029.2	36.364	33	21	0	105	137	856	888	0.024	25.4
XP_012137481.1	XP_016771028.2	36.364	33	21	0	105	137	920	952	0.024	25.4
XP_012137482.1	XP_006562308.2	36.364	33	21	0	105	137	1256	1288	0.019	25.8
XP_012137482.1	XP_006562311.2	36.364	33	21	0	105	137	1058	1090	0.019	25.8
XP_012137482.1	XP_006562310.2	36.364	33	21	0	105	137	1058	1090	0.019	25.8
XP_012137482.1	XP_016771029.2	36.364	33	21	0	105	137	856	888	0.024	25.4
XP_012137482.1	XP_016771028.2	36.364	33	21	0	105	137	920	952	0.024	25.4
XP_012137483.1	XP_006562308.2	36.364	33	21	0	105	137	1256	1288	0.019	25.8
XP_012137483.1	XP_006562311.2	36.364	33	21	0	105	137	1058	1090	0.019	25.8
XP_012137483.1	XP_006562310.2	36.364	33	21	0	105	137	1058	1090	0.019	25.8
XP_012137483.1	XP_016771029.2	36.364	33	21	0	105	137	856	888	0.024	25.4
XP_012137483.1	XP_016771028.2	36.364	33	21	0	105	137	920	952	0.024	25.4
XP_012137484.1	XP_006562308.2	36.364	33	21	0	105	137	1256	1288	0.019	25.8
XP_012137484.1	XP_006562311.2	36.364	33	21	0	105	137	1058	1090	0.019	25.8
XP_012137484.1	XP_006562310.2	36.364	33	21	0	105	137	1058	1090	0.019	25.8
XP_012137484.1	XP_016771029.2	36.364	33	21	0	105	137	856	888	0.024	25.4
XP_012137484.1	XP_016771028.2	36.364	33	21	0	105	137	920	952	0.024	25.4
XP_012137485.1	XP_006562308.2	36.364	33	21	0	105	137	1256	1288	0.019	25.8
XP_012137485.1	XP_006562311.2	36.364	33	21	0	105	137	1058	1090	0.019	25.8
XP_012137485.1	XP_006562310.2	36.364	33	21	0	105	137	1058	1090	0.019	25.8
XP_012137485.1	XP_016771029.2	36.364	33	21	0	105	137	856	888	0.024	25.4
XP_012137485.1	XP_016771028.2	36.364	33	21	0	105	137	920	952	0.024	25.4
XP_012137486.1	XP_006562308.2	36.364	33	21	0	105	137	1256	1288	0.019	25.8
XP_012137486.1	XP_006562311.2	36.364	33	21	0	105	137	1058	1090	0.019	25.8
XP_012137486.1	XP_006562310.2	36.364	33	21	0	105	137	1058	1090	0.019	25.8
XP_012137486.1	XP_016771029.2	36.364	33	21	0	105	137	856	888	0.024	25.4
XP_012137486.1	XP_016771028.2	36.364	33	21	0	105	137	920	952	0.024	25.4
XP_012137487.1	XP_006562308.2	36.364	33	21	0	105	137	1256	1288	0.019	25.8
XP_012137487.1	XP_006562311.2	36.364	33	21	0	105	137	1058	1090	0.019	25.8
XP_012137487.1	XP_006562310.2	36.364	33	21	0	105	137	1058	1090	0.019	25.8
XP_012137487.1	XP_016771029.2	36.364	33	21	0	105	137	856	888	0.024	25.4
XP_012137487.1	XP_016771028.2	36.364	33	21	0	105	137	920	952	0.024	25.4
XP_012137488.1	XP_006562308.2	36.364	33	21	0	105	137	1256	1288	0.019	25.8
XP_012137488.1	XP_006562311.2	36.364	33	21	0	105	137	1058	1090	0.019	25.8
XP_012137488.1	XP_006562310.2	36.364	33	21	0	105	137	1058	1090	0.019	25.8
XP_012137488.1	XP_016771029.2	36.364	33	21	0	105	137	856	888	0.024	25.4
XP_012137488.1	XP_016771028.2	36.364	33	21	0	105	137	920	952	0.024	25.4
XP_012137489.1	XP_006562308.2	36.364	33	21	0	105	137	1256	1288	0.019	25.8
XP_012137489.1	XP_006562311.2	36.364	33	21	0	105	137	1058	1090	0.019	25.8
XP_012137489.1	XP_006562310.2	36.364	33	21	0	105	137	1058	1090	0.019	25.8
XP_012137489.1	XP_016771029.2	36.364	33	21	0	105	137	856	888	0.024	25.4
XP_012137489.1	XP_016771028.2	36.364	33	21	0	105	137	920	952	0.024	25.4
XP_012137490.1	XP_006562308.2	36.364	33	21	0	105	137	1256	1288	0.019	25.8
XP_012137490.1	XP_006562311.2	36.364	33	21	0	105	137	1058	1090	0.019	25.8
XP_012137490.1	XP_006562310.2	36.364	33	21	0	105	137	1058	1090	0.019	25.8
XP_012137490.1	XP_016771029.2	36.364	33	21	0	105	137	856	888	0.024	25.4
XP_012137490.1	XP_016771028.2	36.364	33	21	0	105	137	920	952	0.024	25.4
XP_012137491.1	XP_006562308.2	36.364	33	21	0	105	137	1256	1288	0.019	25.8
XP_012137491.1	XP_006562311.2	36.364	33	21	0	105	137	1058	1090	0.019	25.8
XP_012137491.1	XP_006562310.2	36.364	33	21	0	105	137	1058	1090	0.019	25.8
XP_012137491.1	XP_016771029.2	36.364	33	21	0	105	137	856	888	0.024	25.4
XP_012137491.1	XP_016771028.2	36.364	33	21	0	105	137	920	952	0.024	25.4
XP_012137492.1	XP_006562308.2	36.364	33	21	0	105	137	1256	1288	0.014	26.2
XP_012137492.1	XP_006562311.2	36.364	33	21	0	105	137	1058	1090	0.014	26.2
XP_012137492.1	XP_006562310.2	36.364	33	21	0	105	137	1058	1090	0.014	26.2
XP_012137492.1	XP_016771029.2	36.364	33	21	0	105	137	856	888	0.018	25.8
XP_012137492.1	XP_016771028.2	36.364	33	21	0	105	137	920	952	0.018	25.8
XP_012137713.1	XP_006562308.2	22.222	90	63	2	95	177	1071	1160	0.043	25.4
XP_012137778.1	XP_006562308.2	25.085	295	174	8	223	495	283	552	2.13e-19	84.3
XP_012137778.1	XP_006562311.2	27.111	225	138	6	223	425	64	284	3.42e-19	83.6
XP_012137778.1	XP_006562310.2	27.111	225	138	6	223	425	64	284	3.42e-19	83.6
XP_012137779.1	XP_006562308.2	25.085	295	174	8	223	495	283	552	1.95e-19	84.3
XP_012137779.1	XP_006562311.2	27.111	225	138	6	223	425	64	284	3.60e-19	83.6
XP_012137779.1	XP_006562310.2	27.111	225	138	6	223	425	64	284	3.60e-19	83.6
XP_012137780.1	XP_006562308.2	27.111	225	138	6	157	359	283	503	2.90e-19	83.6
XP_012137780.1	XP_006562311.2	27.111	225	138	6	157	359	64	284	4.33e-19	83.2
XP_012137780.1	XP_006562310.2	27.111	225	138	6	157	359	64	284	4.33e-19	83.2
XP_012137844.1	XP_016771028.2	29.630	54	38	0	210	263	1873	1926	0.009	28.5
XP_012137844.1	XP_016771029.2	29.630	54	38	0	210	263	1809	1862	0.011	28.5
XP_012137844.1	XP_006562308.2	29.630	54	38	0	210	263	2209	2262	0.011	28.5
XP_012137844.1	XP_006562311.2	29.630	54	38	0	210	263	2011	2064	0.011	28.5
XP_012137844.1	XP_006562310.2	29.630	54	38	0	210	263	2011	2064	0.011	28.5
XP_012137845.1	XP_006562311.2	29.630	54	38	0	293	346	2011	2064	0.021	27.3
XP_012137845.1	XP_006562310.2	29.630	54	38	0	293	346	2011	2064	0.021	27.3
XP_012137845.1	XP_006562308.2	29.630	54	38	0	293	346	2209	2262	0.022	27.3
XP_012137845.1	XP_016771029.2	29.630	54	38	0	293	346	1809	1862	0.030	26.9
XP_012137845.1	XP_016771028.2	29.630	54	38	0	293	346	1873	1926	0.033	26.6
XP_012137846.1	XP_016771028.2	29.630	54	38	0	168	221	1873	1926	0.009	28.5
XP_012137846.1	XP_006562311.2	29.630	54	38	0	168	221	2011	2064	0.010	28.5
XP_012137846.1	XP_006562310.2	29.630	54	38	0	168	221	2011	2064	0.010	28.5
XP_012137846.1	XP_016771029.2	29.630	54	38	0	168	221	1809	1862	0.010	28.5
XP_012137846.1	XP_006562308.2	29.630	54	38	0	168	221	2209	2262	0.010	28.5
XP_012137847.1	XP_016771028.2	29.630	54	38	0	168	221	1873	1926	0.009	28.5
XP_012137847.1	XP_006562311.2	29.630	54	38	0	168	221	2011	2064	0.010	28.5
XP_012137847.1	XP_006562310.2	29.630	54	38	0	168	221	2011	2064	0.010	28.5
XP_012137847.1	XP_016771029.2	29.630	54	38	0	168	221	1809	1862	0.010	28.5
XP_012137847.1	XP_006562308.2	29.630	54	38	0	168	221	2209	2262	0.010	28.5
XP_012137848.1	XP_016771028.2	29.630	54	38	0	168	221	1873	1926	0.009	28.5
XP_012137848.1	XP_006562311.2	29.630	54	38	0	168	221	2011	2064	0.010	28.5
XP_012137848.1	XP_006562310.2	29.630	54	38	0	168	221	2011	2064	0.010	28.5
XP_012137848.1	XP_016771029.2	29.630	54	38	0	168	221	1809	1862	0.010	28.5
XP_012137848.1	XP_006562308.2	29.630	54	38	0	168	221	2209	2262	0.010	28.5
XP_012137849.1	XP_016771028.2	29.630	54	38	0	147	200	1873	1926	0.008	28.5
XP_012137849.1	XP_016771029.2	29.630	54	38	0	147	200	1809	1862	0.008	28.5
XP_012137849.1	XP_006562311.2	29.630	54	38	0	147	200	2011	2064	0.009	28.5
XP_012137849.1	XP_006562310.2	29.630	54	38	0	147	200	2011	2064	0.009	28.5
XP_012137849.1	XP_006562308.2	29.630	54	38	0	147	200	2209	2262	0.009	28.5
XP_012137927.1	XP_006562311.2	26.296	270	166	9	93	337	56	317	1.15e-19	84.0
XP_012137927.1	XP_006562310.2	26.296	270	166	9	93	337	56	317	1.15e-19	84.0
XP_012137927.1	XP_006562308.2	26.296	270	166	9	93	337	275	536	1.67e-19	83.2
XP_012137928.1	XP_006562311.2	26.296	270	166	9	93	337	56	317	1.15e-19	84.0
XP_012137928.1	XP_006562310.2	26.296	270	166	9	93	337	56	317	1.15e-19	84.0
XP_012137928.1	XP_006562308.2	26.296	270	166	9	93	337	275	536	1.67e-19	83.2
XP_012137929.1	XP_006562311.2	26.296	270	166	9	93	337	56	317	1.15e-19	84.0
XP_012137929.1	XP_006562310.2	26.296	270	166	9	93	337	56	317	1.15e-19	84.0
XP_012137929.1	XP_006562308.2	26.296	270	166	9	93	337	275	536	1.67e-19	83.2
XP_012137930.1	XP_006562311.2	26.296	270	166	9	93	337	56	317	1.15e-19	84.0
XP_012137930.1	XP_006562310.2	26.296	270	166	9	93	337	56	317	1.15e-19	84.0
XP_012137930.1	XP_006562308.2	26.296	270	166	9	93	337	275	536	1.67e-19	83.2
XP_012137955.1	XP_016771021.1	36.585	41	25	1	510	549	277	317	0.021	28.1
XP_012137955.1	XP_016771020.1	36.585	41	25	1	510	549	277	317	0.021	28.1
XP_012137956.1	XP_016771021.1	36.585	41	25	1	510	549	277	317	0.021	28.1
XP_012137956.1	XP_016771020.1	36.585	41	25	1	510	549	277	317	0.021	28.1
XP_012137957.1	XP_016771021.1	36.585	41	25	1	508	547	277	317	0.021	28.1
XP_012137957.1	XP_016771020.1	36.585	41	25	1	508	547	277	317	0.021	28.1
XP_012137958.1	XP_016771021.1	37.500	40	24	1	504	542	277	316	0.022	28.1
XP_012137958.1	XP_016771020.1	37.500	40	24	1	504	542	277	316	0.022	28.1
XP_012137959.1	XP_016771021.1	37.500	40	24	1	510	548	277	316	0.019	28.1
XP_012137959.1	XP_016771020.1	37.500	40	24	1	510	548	277	316	0.019	28.1
XP_012137960.1	XP_016771021.1	37.500	40	24	1	510	548	277	316	0.019	28.1
XP_012137960.1	XP_016771020.1	37.500	40	24	1	510	548	277	316	0.019	28.1
XP_012137961.1	XP_016771021.1	37.500	40	24	1	510	548	277	316	0.019	28.1
XP_012137961.1	XP_016771020.1	37.500	40	24	1	510	548	277	316	0.019	28.1
XP_012137972.1	XP_016771021.1	50.000	18	9	0	5	22	121	138	0.015	22.7
XP_012137972.1	XP_016771020.1	50.000	18	9	0	5	22	121	138	0.015	22.7
XP_012138378.1	XP_006562308.2	23.333	180	107	6	891	1064	1010	1164	0.002	33.5
XP_012138378.1	XP_006562311.2	23.333	180	107	6	891	1064	812	966	0.002	33.5
XP_012138378.1	XP_006562310.2	23.333	180	107	6	891	1064	812	966	0.002	33.5
XP_012138378.1	XP_016771029.2	24.828	145	93	5	891	1029	610	744	0.003	32.3
XP_012138378.1	XP_016771028.2	24.828	145	93	5	891	1029	674	808	0.003	32.3
XP_012139128.1	XP_016771021.1	32.000	50	26	3	53	99	204	248	0.047	25.4
XP_012139128.1	XP_016771020.1	32.000	50	26	3	53	99	204	248	0.047	25.4
XP_012139140.1	XP_016771028.2	30.612	49	25	2	142	182	93	140	0.009	26.9
XP_012139322.1	XP_016771028.2	23.438	64	48	1	76	138	76	139	0.034	25.0
XP_012139476.1	XP_016771029.2	20.192	104	72	2	553	656	677	769	0.005	32.0
XP_012139476.1	XP_016771028.2	20.192	104	72	2	553	656	741	833	0.006	31.6
XP_012139476.1	XP_006562311.2	20.192	104	72	2	553	656	879	971	0.007	31.6
XP_012139476.1	XP_006562310.2	20.192	104	72	2	553	656	879	971	0.007	31.6
XP_012139476.1	XP_006562308.2	20.192	104	72	2	553	656	1077	1169	0.008	31.2
XP_012139531.1	XP_016771028.2	30.108	93	53	2	524	607	15	104	0.030	28.5
XP_012139544.1	XP_016771029.2	20.192	104	72	2	523	626	677	769	0.005	32.0
XP_012139544.1	XP_006562311.2	20.192	104	72	2	523	626	879	971	0.007	31.6
XP_012139544.1	XP_006562310.2	20.192	104	72	2	523	626	879	971	0.007	31.6
XP_012139544.1	XP_016771028.2	20.192	104	72	2	523	626	741	833	0.007	31.6
XP_012139544.1	XP_006562308.2	20.192	104	72	2	523	626	1077	1169	0.009	31.2
XP_012139570.1	XP_016771021.1	37.603	484	287	10	244	718	22	499	2.90e-108	340
XP_012139570.1	XP_016771020.1	37.603	484	287	10	244	718	22	499	2.90e-108	340
XP_012139618.1	XP_016771029.2	20.192	104	72	2	523	626	677	769	0.005	32.0
XP_012139618.1	XP_006562311.2	20.192	104	72	2	523	626	879	971	0.007	31.6
XP_012139618.1	XP_006562310.2	20.192	104	72	2	523	626	879	971	0.007	31.6
XP_012139618.1	XP_016771028.2	20.192	104	72	2	523	626	741	833	0.007	31.6
XP_012139618.1	XP_006562308.2	20.192	104	72	2	523	626	1077	1169	0.009	31.2
XP_012139690.1	XP_016771029.2	20.192	104	72	2	986	1089	677	769	0.006	32.3
XP_012139690.1	XP_016771028.2	20.192	104	72	2	986	1089	741	833	0.006	32.0
XP_012139690.1	XP_006562311.2	20.192	104	72	2	986	1089	879	971	0.008	31.6
XP_012139690.1	XP_006562310.2	20.192	104	72	2	986	1089	879	971	0.008	31.6
XP_012139690.1	XP_006562308.2	20.192	104	72	2	986	1089	1077	1169	0.009	31.6
XP_012139730.1	XP_006562308.2	21.333	150	109	2	335	475	896	1045	0.018	28.5
XP_012139730.1	XP_006562311.2	24.528	106	77	1	335	437	698	803	0.029	27.7
XP_012139730.1	XP_006562310.2	24.528	106	77	1	335	437	698	803	0.029	27.7
XP_012139730.1	XP_016771028.2	24.272	103	75	1	338	437	563	665	0.034	27.7
XP_012139730.1	XP_016771029.2	24.272	103	75	1	338	437	499	601	0.046	27.3
XP_012139731.1	XP_006562308.2	21.333	150	109	2	335	475	896	1045	0.017	28.5
XP_012139731.1	XP_006562311.2	24.528	106	77	1	335	437	698	803	0.026	28.1
XP_012139731.1	XP_006562310.2	24.528	106	77	1	335	437	698	803	0.026	28.1
XP_012139731.1	XP_016771028.2	24.272	103	75	1	338	437	563	665	0.030	27.7
XP_012139731.1	XP_016771029.2	24.272	103	75	1	338	437	499	601	0.040	27.3
XP_012140152.1	XP_006562311.2	31.481	54	27	1	45	98	1220	1263	0.012	25.4
XP_012140152.1	XP_006562310.2	31.481	54	27	1	45	98	1220	1263	0.012	25.4
XP_012140152.1	XP_006562308.2	31.481	54	27	1	45	98	1418	1461	0.012	25.4
XP_012140152.1	XP_016771029.2	31.481	54	27	1	45	98	1018	1061	0.013	25.4
XP_012140152.1	XP_016771028.2	31.481	54	27	1	45	98	1082	1125	0.014	25.4
XP_012140353.1	XP_006562308.2	20.225	178	119	6	195	360	347	513	7.33e-04	32.0
XP_012140353.1	XP_006562311.2	20.225	178	119	6	195	360	128	294	0.001	31.6
XP_012140353.1	XP_006562310.2	20.225	178	119	6	195	360	128	294	0.001	31.6
XP_012140522.1	XP_006562311.2	34.286	70	34	3	761	830	1182	1239	0.037	28.1
XP_012140522.1	XP_006562310.2	34.286	70	34	3	761	830	1182	1239	0.037	28.1
XP_012140522.1	XP_006562308.2	34.286	70	34	3	761	830	1380	1437	0.038	28.1
XP_012140522.1	XP_016771028.2	34.286	70	34	3	761	830	1044	1101	0.043	28.1
XP_012140522.1	XP_016771029.2	34.286	70	34	3	761	830	980	1037	0.046	27.7
XP_012140523.1	NP_001011612.1	25.926	27	20	0	44	70	19	45	0.045	23.1
XP_012140563.1	XP_016771028.2	45.000	20	11	0	17	36	102	121	0.038	23.9
XP_012140696.1	XP_006562308.2	34.286	35	23	0	185	219	463	497	0.005	30.0
XP_012140696.1	XP_006562311.2	34.286	35	23	0	185	219	244	278	0.006	30.0
XP_012140696.1	XP_006562310.2	34.286	35	23	0	185	219	244	278	0.006	30.0
XP_012140902.1	XP_006562308.2	34.043	47	31	0	602	648	767	813	0.022	28.1
XP_012140902.1	XP_016771028.2	34.043	47	31	0	602	648	431	477	0.028	27.7
XP_012140902.1	XP_006562311.2	34.043	47	31	0	602	648	569	615	0.029	27.7
XP_012140902.1	XP_006562310.2	34.043	47	31	0	602	648	569	615	0.029	27.7
XP_012140902.1	XP_016771029.2	34.043	47	31	0	602	648	367	413	0.031	27.7
XP_012140904.1	XP_006562308.2	34.043	47	31	0	516	562	767	813	0.028	27.3
XP_012140904.1	XP_016771028.2	34.043	47	31	0	516	562	431	477	0.031	27.3
XP_012140904.1	XP_016771029.2	34.043	47	31	0	516	562	367	413	0.037	26.9
XP_012140904.1	XP_006562311.2	34.043	47	31	0	516	562	569	615	0.039	26.9
XP_012140904.1	XP_006562310.2	34.043	47	31	0	516	562	569	615	0.039	26.9
XP_012141265.1	XP_006562311.2	25.000	88	54	2	99	185	371	447	1.26e-04	33.1
XP_012141265.1	XP_006562310.2	25.000	88	54	2	99	185	371	447	1.26e-04	33.1
XP_012141265.1	XP_016771029.2	25.000	88	54	2	99	185	169	245	1.44e-04	32.7
XP_012141265.1	XP_016771028.2	25.000	88	54	2	99	185	233	309	1.51e-04	32.7
XP_012141265.1	XP_006562308.2	27.143	70	39	2	99	167	590	648	0.004	28.5
XP_012141266.1	XP_006562311.2	25.000	88	54	2	74	160	371	447	1.39e-04	32.3
XP_012141266.1	XP_006562310.2	25.000	88	54	2	74	160	371	447	1.39e-04	32.3
XP_012141266.1	XP_016771029.2	25.301	83	50	2	79	160	174	245	1.68e-04	32.3
XP_012141266.1	XP_016771028.2	25.301	83	50	2	79	160	238	309	1.81e-04	32.0
XP_012141266.1	XP_006562308.2	27.143	70	39	2	74	142	590	648	0.003	28.1
XP_012141350.1	XP_006562308.2	23.729	118	71	4	414	517	415	527	0.005	29.6
XP_012141350.1	XP_006562311.2	23.529	119	72	4	414	518	196	309	0.006	29.6
XP_012141350.1	XP_006562310.2	23.529	119	72	4	414	518	196	309	0.006	29.6
XP_012141351.1	XP_006562308.2	23.729	118	71	4	414	517	415	527	0.005	29.6
XP_012141351.1	XP_006562311.2	23.529	119	72	4	414	518	196	309	0.006	29.6
XP_012141351.1	XP_006562310.2	23.529	119	72	4	414	518	196	309	0.006	29.6
XP_012141352.1	XP_006562311.2	23.529	119	72	4	400	504	196	309	0.004	30.0
XP_012141352.1	XP_006562310.2	23.529	119	72	4	400	504	196	309	0.004	30.0
XP_012141352.1	XP_006562308.2	23.729	118	71	4	400	503	415	527	0.005	30.0
XP_012141353.1	XP_006562311.2	26.966	89	50	3	414	487	196	284	0.004	30.4
XP_012141353.1	XP_006562310.2	26.966	89	50	3	414	487	196	284	0.004	30.4
XP_012141353.1	XP_006562308.2	26.966	89	50	3	414	487	415	503	0.004	30.0
XP_012141354.1	XP_006562311.2	23.529	119	72	4	389	493	196	309	0.005	30.0
XP_012141354.1	XP_006562310.2	23.529	119	72	4	389	493	196	309	0.005	30.0
XP_012141354.1	XP_006562308.2	23.729	118	71	4	389	492	415	527	0.005	30.0
XP_012141367.1	XP_006562311.2	24.113	141	81	7	347	474	1560	1687	0.034	26.9
XP_012141367.1	XP_006562310.2	24.113	141	81	7	347	474	1560	1687	0.034	26.9
XP_012141367.1	XP_016771029.2	24.113	141	81	7	347	474	1358	1485	0.035	26.9
XP_012141367.1	XP_006562308.2	24.113	141	81	7	347	474	1758	1885	0.042	26.9
XP_012141367.1	XP_016771028.2	24.113	141	81	7	347	474	1422	1549	0.046	26.6
XP_012141548.1	XP_006562308.2	25.275	91	60	1	2	84	882	972	0.039	26.6
XP_012141548.1	XP_016771029.2	25.275	91	60	1	2	84	482	572	0.042	26.6
XP_012141548.1	XP_006562311.2	25.275	91	60	1	2	84	684	774	0.045	26.6
XP_012141548.1	XP_006562310.2	25.275	91	60	1	2	84	684	774	0.045	26.6
XP_012141548.1	XP_016771028.2	25.275	91	60	1	2	84	546	636	0.046	26.6
XP_012141853.1	XP_016771028.2	35.484	31	20	0	70	100	1503	1533	0.041	26.2
XP_012141853.1	XP_016771029.2	35.484	31	20	0	70	100	1439	1469	0.044	26.2
XP_012141853.1	XP_006562311.2	35.484	31	20	0	70	100	1641	1671	0.045	26.2
XP_012141853.1	XP_006562310.2	35.484	31	20	0	70	100	1641	1671	0.045	26.2
XP_012141853.1	XP_006562308.2	30.769	39	27	0	70	108	1839	1877	0.047	26.2
XP_012141854.1	XP_016771028.2	35.484	31	20	0	70	100	1503	1533	0.041	26.2
XP_012141854.1	XP_016771029.2	35.484	31	20	0	70	100	1439	1469	0.044	26.2
XP_012141854.1	XP_006562311.2	35.484	31	20	0	70	100	1641	1671	0.045	26.2
XP_012141854.1	XP_006562310.2	35.484	31	20	0	70	100	1641	1671	0.045	26.2
XP_012141854.1	XP_006562308.2	30.769	39	27	0	70	108	1839	1877	0.047	26.2
XP_012141946.1	XP_016771029.2	42.105	38	16	2	271	305	1163	1197	0.039	26.2
XP_012141946.1	XP_006562311.2	42.105	38	16	2	271	305	1365	1399	0.039	26.2
XP_012141946.1	XP_006562310.2	42.105	38	16	2	271	305	1365	1399	0.039	26.2
XP_012141946.1	XP_016771028.2	42.105	38	16	2	271	305	1227	1261	0.048	25.8
XP_012141947.1	XP_016771029.2	42.105	38	16	2	271	305	1163	1197	0.039	26.2
XP_012141947.1	XP_006562311.2	42.105	38	16	2	271	305	1365	1399	0.039	26.2
XP_012141947.1	XP_006562310.2	42.105	38	16	2	271	305	1365	1399	0.039	26.2
XP_012141947.1	XP_016771028.2	42.105	38	16	2	271	305	1227	1261	0.048	25.8
XP_012142213.1	XP_016771021.1	26.000	50	37	0	43	92	310	359	0.048	26.9
XP_012142213.1	XP_016771020.1	26.000	50	37	0	43	92	310	359	0.048	26.9
XP_012142214.1	XP_016771021.1	26.000	50	37	0	43	92	310	359	0.048	26.9
XP_012142214.1	XP_016771020.1	26.000	50	37	0	43	92	310	359	0.048	26.9
XP_012142320.1	XP_006562308.2	24.779	226	137	8	141	338	283	503	8.07e-13	62.8
XP_012142320.1	XP_006562311.2	24.779	226	137	8	141	338	64	284	1.29e-12	62.0
XP_012142320.1	XP_006562310.2	24.779	226	137	8	141	338	64	284	1.29e-12	62.0
XP_012142321.1	XP_006562308.2	25.664	226	135	8	141	338	283	503	7.45e-13	62.8
XP_012142321.1	XP_006562311.2	24.779	226	137	8	141	338	64	284	1.56e-12	61.6
XP_012142321.1	XP_006562310.2	24.779	226	137	8	141	338	64	284	1.56e-12	61.6
XP_012142322.1	XP_006562308.2	24.779	226	137	8	87	284	283	503	1.24e-12	62.0
XP_012142322.1	XP_006562311.2	24.779	226	137	8	87	284	64	284	2.23e-12	61.2
XP_012142322.1	XP_006562310.2	24.779	226	137	8	87	284	64	284	2.23e-12	61.2
XP_012142323.1	XP_006562308.2	24.779	226	137	8	141	338	283	503	5.80e-13	63.2
XP_012142323.1	XP_006562311.2	24.779	226	137	8	141	338	64	284	1.12e-12	62.0
XP_012142323.1	XP_006562310.2	24.779	226	137	8	141	338	64	284	1.12e-12	62.0
XP_012142324.1	XP_006562308.2	24.779	226	137	8	141	338	283	503	6.25e-13	62.8
XP_012142324.1	XP_006562311.2	24.779	226	137	8	141	338	64	284	1.14e-12	62.0
XP_012142324.1	XP_006562310.2	24.779	226	137	8	141	338	64	284	1.14e-12	62.0
XP_012142347.1	XP_016771021.1	35.512	459	269	12	53	497	41	486	5.00e-84	267
XP_012142347.1	XP_016771020.1	35.512	459	269	12	53	497	41	486	5.00e-84	267
XP_012142552.1	XP_016771029.2	23.214	112	73	2	960	1071	549	647	6.97e-04	34.3
XP_012142552.1	XP_016771028.2	23.214	112	73	2	960	1071	613	711	7.41e-04	34.3
XP_012142552.1	XP_006562311.2	23.214	112	73	2	960	1071	751	849	0.001	33.9
XP_012142552.1	XP_006562310.2	23.214	112	73	2	960	1071	751	849	0.001	33.9
XP_012142552.1	XP_006562308.2	23.214	112	73	2	960	1071	949	1047	0.001	33.9
XP_012142554.1	XP_016771029.2	23.214	112	73	2	960	1071	549	647	6.97e-04	34.3
XP_012142554.1	XP_016771028.2	23.214	112	73	2	960	1071	613	711	7.41e-04	34.3
XP_012142554.1	XP_006562311.2	23.214	112	73	2	960	1071	751	849	0.001	33.9
XP_012142554.1	XP_006562310.2	23.214	112	73	2	960	1071	751	849	0.001	33.9
XP_012142554.1	XP_006562308.2	23.214	112	73	2	960	1071	949	1047	0.001	33.9
XP_012142555.1	XP_016771029.2	23.214	112	73	2	960	1071	549	647	6.97e-04	34.3
XP_012142555.1	XP_016771028.2	23.214	112	73	2	960	1071	613	711	7.41e-04	34.3
XP_012142555.1	XP_006562311.2	23.214	112	73	2	960	1071	751	849	0.001	33.9
XP_012142555.1	XP_006562310.2	23.214	112	73	2	960	1071	751	849	0.001	33.9
XP_012142555.1	XP_006562308.2	23.214	112	73	2	960	1071	949	1047	0.001	33.9
XP_012142556.1	XP_016771029.2	23.214	112	73	2	960	1071	549	647	6.97e-04	34.3
XP_012142556.1	XP_016771028.2	23.214	112	73	2	960	1071	613	711	7.41e-04	34.3
XP_012142556.1	XP_006562311.2	23.214	112	73	2	960	1071	751	849	0.001	33.9
XP_012142556.1	XP_006562310.2	23.214	112	73	2	960	1071	751	849	0.001	33.9
XP_012142556.1	XP_006562308.2	23.214	112	73	2	960	1071	949	1047	0.001	33.9
XP_012142557.1	XP_016771029.2	23.214	112	73	2	960	1071	549	647	7.04e-04	34.3
XP_012142557.1	XP_016771028.2	23.214	112	73	2	960	1071	613	711	7.74e-04	34.3
XP_012142557.1	XP_006562311.2	23.214	112	73	2	960	1071	751	849	8.53e-04	33.9
XP_012142557.1	XP_006562310.2	23.214	112	73	2	960	1071	751	849	8.53e-04	33.9
XP_012142557.1	XP_006562308.2	23.214	112	73	2	960	1071	949	1047	0.001	33.5
XP_012142558.1	XP_016771029.2	23.214	112	73	2	856	967	549	647	6.38e-04	34.3
XP_012142558.1	XP_016771028.2	23.214	112	73	2	856	967	613	711	6.67e-04	34.3
XP_012142558.1	XP_006562311.2	23.214	112	73	2	856	967	751	849	8.27e-04	33.9
XP_012142558.1	XP_006562310.2	23.214	112	73	2	856	967	751	849	8.27e-04	33.9
XP_012142558.1	XP_006562308.2	23.214	112	73	2	856	967	949	1047	0.001	33.9
XP_012142559.1	XP_006562311.2	23.214	112	73	2	960	1071	751	849	7.08e-04	33.9
XP_012142559.1	XP_006562310.2	23.214	112	73	2	960	1071	751	849	7.08e-04	33.9
XP_012142559.1	XP_016771028.2	23.214	112	73	2	960	1071	613	711	7.11e-04	33.9
XP_012142559.1	XP_016771029.2	23.214	112	73	2	960	1071	549	647	7.22e-04	33.9
XP_012142559.1	XP_006562308.2	23.214	112	73	2	960	1071	949	1047	8.50e-04	33.9
XP_012142770.1	XP_016771021.1	30.435	46	30	1	67	110	609	654	0.005	26.9
XP_012142770.1	XP_016771020.1	30.435	46	30	1	67	110	609	654	0.005	26.9
XP_012142771.1	XP_016771021.1	30.435	46	30	1	57	100	609	654	0.004	26.9
XP_012142771.1	XP_016771020.1	30.435	46	30	1	57	100	609	654	0.004	26.9
XP_012142772.1	XP_016771021.1	30.435	46	30	1	57	100	609	654	0.004	26.9
XP_012142772.1	XP_016771020.1	30.435	46	30	1	57	100	609	654	0.004	26.9
XP_012142773.1	XP_016771021.1	30.435	46	30	1	57	100	609	654	0.004	26.9
XP_012142773.1	XP_016771020.1	30.435	46	30	1	57	100	609	654	0.004	26.9
XP_012142958.1	XP_016771029.2	32.558	43	27	1	132	172	357	399	0.033	25.0
XP_012142958.1	XP_016771028.2	32.558	43	27	1	132	172	421	463	0.033	25.0
XP_012142958.1	XP_006562311.2	32.558	43	27	1	132	172	559	601	0.035	25.0
XP_012142958.1	XP_006562310.2	32.558	43	27	1	132	172	559	601	0.035	25.0
XP_012142958.1	XP_006562308.2	32.558	43	27	1	132	172	757	799	0.035	25.0
XP_012143070.1	XP_006562311.2	33.333	39	26	0	262	300	528	566	0.018	28.1
XP_012143070.1	XP_006562310.2	33.333	39	26	0	262	300	528	566	0.018	28.1
XP_012143070.1	XP_006562308.2	32.500	40	27	0	262	301	726	765	0.019	27.7
XP_012143071.1	XP_006562311.2	33.333	39	26	0	262	300	528	566	0.018	28.1
XP_012143071.1	XP_006562310.2	33.333	39	26	0	262	300	528	566	0.018	28.1
XP_012143071.1	XP_006562308.2	32.500	40	27	0	262	301	726	765	0.019	27.7
XP_012143072.1	XP_006562311.2	33.333	39	26	0	262	300	528	566	0.018	28.1
XP_012143072.1	XP_006562310.2	33.333	39	26	0	262	300	528	566	0.018	28.1
XP_012143072.1	XP_006562308.2	32.500	40	27	0	262	301	726	765	0.019	27.7
XP_012143119.1	XP_006562308.2	26.772	127	80	4	222	343	1051	1169	0.047	25.8
XP_012143627.1	XP_016771029.2	29.508	61	36	2	55	108	443	503	0.028	25.0
XP_012143627.1	XP_016771028.2	29.508	61	36	2	55	108	507	567	0.028	25.0
XP_012143627.1	XP_006562311.2	29.508	61	36	2	55	108	645	705	0.028	25.0
XP_012143627.1	XP_006562310.2	29.508	61	36	2	55	108	645	705	0.028	25.0
XP_012143627.1	XP_006562308.2	29.508	61	36	2	55	108	843	903	0.028	25.0
XP_012143735.1	XP_006562308.2	21.569	102	76	2	131	232	1828	1925	0.010	28.9
XP_012143735.1	XP_006562311.2	21.569	102	76	2	131	232	1630	1727	0.011	28.5
XP_012143735.1	XP_006562310.2	21.569	102	76	2	131	232	1630	1727	0.011	28.5
XP_012143735.1	XP_016771028.2	21.569	102	76	2	131	232	1492	1589	0.013	28.5
XP_012143735.1	XP_016771029.2	21.569	102	76	2	131	232	1428	1525	0.013	28.5
XP_012143736.1	XP_006562308.2	21.569	102	76	2	131	232	1828	1925	0.010	28.9
XP_012143736.1	XP_006562311.2	21.569	102	76	2	131	232	1630	1727	0.011	28.5
XP_012143736.1	XP_006562310.2	21.569	102	76	2	131	232	1630	1727	0.011	28.5
XP_012143736.1	XP_016771028.2	21.569	102	76	2	131	232	1492	1589	0.013	28.5
XP_012143736.1	XP_016771029.2	21.569	102	76	2	131	232	1428	1525	0.013	28.5
XP_012143737.1	XP_006562308.2	21.569	102	76	2	131	232	1828	1925	0.010	28.9
XP_012143737.1	XP_006562311.2	21.569	102	76	2	131	232	1630	1727	0.011	28.5
XP_012143737.1	XP_006562310.2	21.569	102	76	2	131	232	1630	1727	0.011	28.5
XP_012143737.1	XP_016771028.2	21.569	102	76	2	131	232	1492	1589	0.013	28.5
XP_012143737.1	XP_016771029.2	21.569	102	76	2	131	232	1428	1525	0.013	28.5
XP_012143767.1	XP_006562308.2	38.462	39	24	0	139	177	208	246	0.022	26.9
XP_012143782.1	XP_006562308.2	38.462	39	24	0	83	121	208	246	0.025	26.6
XP_012143814.1	XP_016771029.2	41.176	34	17	1	6	39	740	770	0.035	27.7
XP_012143814.1	XP_006562311.2	41.176	34	17	1	6	39	942	972	0.036	27.3
XP_012143814.1	XP_006562310.2	41.176	34	17	1	6	39	942	972	0.036	27.3
XP_012143814.1	XP_016771028.2	41.176	34	17	1	6	39	804	834	0.039	27.3
XP_012143936.1	XP_006562311.2	25.000	72	51	1	278	349	432	500	0.008	29.6
XP_012143936.1	XP_006562310.2	25.000	72	51	1	278	349	432	500	0.008	29.6
XP_012144142.1	XP_006562308.2	29.808	104	67	2	81	181	1331	1431	0.027	27.3
XP_012144142.1	XP_006562311.2	29.808	104	67	2	81	181	1133	1233	0.037	26.9
XP_012144142.1	XP_006562310.2	29.808	104	67	2	81	181	1133	1233	0.037	26.9
XP_012144143.1	XP_006562308.2	29.808	104	67	2	75	175	1331	1431	0.036	26.9
XP_012144143.1	XP_006562311.2	29.808	104	67	2	75	175	1133	1233	0.048	26.6
XP_012144143.1	XP_006562310.2	29.808	104	67	2	75	175	1133	1233	0.048	26.6
XP_012144144.1	XP_006562308.2	29.808	104	67	2	75	175	1331	1431	0.036	26.9
XP_012144144.1	XP_006562311.2	29.808	104	67	2	75	175	1133	1233	0.048	26.6
XP_012144144.1	XP_006562310.2	29.808	104	67	2	75	175	1133	1233	0.048	26.6
XP_012144145.1	XP_006562308.2	29.808	104	67	2	75	175	1331	1431	0.036	26.9
XP_012144145.1	XP_006562311.2	29.808	104	67	2	75	175	1133	1233	0.048	26.6
XP_012144145.1	XP_006562310.2	29.808	104	67	2	75	175	1133	1233	0.048	26.6
XP_012144146.1	XP_006562308.2	29.808	104	67	2	74	174	1331	1431	0.034	26.9
XP_012144146.1	XP_006562311.2	29.808	104	67	2	74	174	1133	1233	0.046	26.6
XP_012144146.1	XP_006562310.2	29.808	104	67	2	74	174	1133	1233	0.046	26.6
XP_012144147.1	XP_006562308.2	29.808	104	67	2	81	181	1331	1431	0.025	27.3
XP_012144147.1	XP_006562311.2	29.808	104	67	2	81	181	1133	1233	0.030	27.3
XP_012144147.1	XP_006562310.2	29.808	104	67	2	81	181	1133	1233	0.030	27.3
XP_012144148.1	XP_006562308.2	29.808	104	67	2	48	148	1331	1431	0.023	27.3
XP_012144148.1	XP_006562311.2	29.808	104	67	2	48	148	1133	1233	0.031	26.9
XP_012144148.1	XP_006562310.2	29.808	104	67	2	48	148	1133	1233	0.031	26.9
XP_012144552.1	XP_016771021.1	27.451	51	34	2	83	132	607	655	0.029	25.0
XP_012144552.1	XP_016771020.1	27.451	51	34	2	83	132	607	655	0.029	25.0
XP_012144865.1	XP_006562308.2	25.397	63	44	1	209	271	249	308	0.034	26.2
XP_012144865.1	XP_006562311.2	26.230	61	42	1	209	269	30	87	0.037	26.2
XP_012144865.1	XP_006562310.2	26.230	61	42	1	209	269	30	87	0.037	26.2
XP_012144866.1	XP_006562308.2	25.397	63	44	1	209	271	249	308	0.035	26.2
XP_012144866.1	XP_006562311.2	25.397	63	44	1	209	271	30	89	0.039	25.8
XP_012144866.1	XP_006562310.2	25.397	63	44	1	209	271	30	89	0.039	25.8
XP_012144867.1	XP_006562308.2	26.230	61	42	1	209	269	249	306	0.027	26.6
XP_012144867.1	XP_006562311.2	26.230	61	42	1	209	269	30	87	0.029	26.2
XP_012144867.1	XP_006562310.2	26.230	61	42	1	209	269	30	87	0.029	26.2
XP_012144980.1	XP_006562311.2	30.952	42	29	0	385	426	524	565	0.008	28.9
XP_012144980.1	XP_006562310.2	30.952	42	29	0	385	426	524	565	0.008	28.9
XP_012144980.1	XP_006562308.2	30.952	42	29	0	385	426	722	763	0.009	28.5
XP_012144980.1	XP_016771029.2	30.952	42	29	0	385	426	322	363	0.011	28.5
XP_012144980.1	XP_016771028.2	30.952	42	29	0	385	426	386	427	0.012	28.1
XP_012145422.1	XP_006562308.2	43.902	41	22	1	756	795	271	311	0.001	32.7
XP_012145422.1	XP_006562311.2	43.902	41	22	1	756	795	52	92	0.001	32.7
XP_012145422.1	XP_006562310.2	43.902	41	22	1	756	795	52	92	0.001	32.7
XP_012145427.1	XP_006562308.2	43.902	41	22	1	756	795	271	311	0.001	32.7
XP_012145427.1	XP_006562311.2	43.902	41	22	1	756	795	52	92	0.001	32.7
XP_012145427.1	XP_006562310.2	43.902	41	22	1	756	795	52	92	0.001	32.7
XP_012145433.1	XP_006562311.2	43.902	41	22	1	751	790	52	92	0.001	32.7
XP_012145433.1	XP_006562310.2	43.902	41	22	1	751	790	52	92	0.001	32.7
XP_012145433.1	XP_006562308.2	43.902	41	22	1	751	790	271	311	0.001	32.7
XP_012145439.1	XP_006562311.2	43.902	41	22	1	716	755	52	92	0.001	32.7
XP_012145439.1	XP_006562310.2	43.902	41	22	1	716	755	52	92	0.001	32.7
XP_012145439.1	XP_006562308.2	43.902	41	22	1	716	755	271	311	0.001	32.7
XP_012145493.1	XP_006562308.2	28.731	268	139	9	73	303	275	527	5.77e-19	79.3
XP_012145493.1	XP_006562311.2	28.731	268	139	9	73	303	56	308	6.30e-19	79.3
XP_012145493.1	XP_006562310.2	28.731	268	139	9	73	303	56	308	6.30e-19	79.3
XP_012145494.1	XP_006562308.2	28.731	268	139	9	73	303	275	527	5.77e-19	79.3
XP_012145494.1	XP_006562311.2	28.731	268	139	9	73	303	56	308	6.30e-19	79.3
XP_012145494.1	XP_006562310.2	28.731	268	139	9	73	303	56	308	6.30e-19	79.3
XP_012145495.1	XP_006562308.2	28.731	268	139	9	73	303	275	527	5.77e-19	79.3
XP_012145495.1	XP_006562311.2	28.731	268	139	9	73	303	56	308	6.30e-19	79.3
XP_012145495.1	XP_006562310.2	28.731	268	139	9	73	303	56	308	6.30e-19	79.3
XP_012145496.1	XP_006562308.2	28.731	268	139	9	73	303	275	527	5.77e-19	79.3
XP_012145496.1	XP_006562311.2	28.731	268	139	9	73	303	56	308	6.30e-19	79.3
XP_012145496.1	XP_006562310.2	28.731	268	139	9	73	303	56	308	6.30e-19	79.3
XP_012145497.1	XP_006562308.2	28.731	268	139	9	73	303	275	527	5.77e-19	79.3
XP_012145497.1	XP_006562311.2	28.731	268	139	9	73	303	56	308	6.30e-19	79.3
XP_012145497.1	XP_006562310.2	28.731	268	139	9	73	303	56	308	6.30e-19	79.3
XP_012146164.1	XP_016771021.1	23.834	193	112	6	323	499	217	390	4.74e-04	33.1
XP_012146164.1	XP_016771020.1	23.834	193	112	6	323	499	217	390	4.74e-04	33.1
XP_012146165.1	XP_016771021.1	23.834	193	112	6	425	601	217	390	4.36e-04	33.5
XP_012146165.1	XP_016771020.1	23.834	193	112	6	425	601	217	390	4.36e-04	33.5
XP_012146167.1	XP_016771028.2	48.276	29	15	0	77	105	951	979	0.005	29.6
XP_012146167.1	XP_006562308.2	48.276	29	15	0	77	105	1287	1315	0.005	29.6
XP_012146167.1	XP_006562311.2	48.276	29	15	0	77	105	1089	1117	0.005	29.6
XP_012146167.1	XP_006562310.2	48.276	29	15	0	77	105	1089	1117	0.005	29.6
XP_012146167.1	XP_016771029.2	48.276	29	15	0	77	105	887	915	0.006	29.6
XP_012146168.1	XP_006562308.2	48.276	29	15	0	77	105	1287	1315	0.005	30.0
XP_012146168.1	XP_016771028.2	48.276	29	15	0	77	105	951	979	0.005	29.6
XP_012146168.1	XP_006562311.2	48.276	29	15	0	77	105	1089	1117	0.005	29.6
XP_012146168.1	XP_006562310.2	48.276	29	15	0	77	105	1089	1117	0.005	29.6
XP_012146168.1	XP_016771029.2	48.276	29	15	0	77	105	887	915	0.006	29.6
XP_012146169.1	XP_006562308.2	48.276	29	15	0	77	105	1287	1315	0.006	29.6
XP_012146169.1	XP_016771028.2	48.276	29	15	0	77	105	951	979	0.006	29.6
XP_012146169.1	XP_006562311.2	48.276	29	15	0	77	105	1089	1117	0.006	29.6
XP_012146169.1	XP_006562310.2	48.276	29	15	0	77	105	1089	1117	0.006	29.6
XP_012146169.1	XP_016771029.2	48.276	29	15	0	77	105	887	915	0.006	29.6
XP_012146170.1	XP_016771028.2	48.276	29	15	0	77	105	951	979	0.005	29.6
XP_012146170.1	XP_006562308.2	48.276	29	15	0	77	105	1287	1315	0.005	29.6
XP_012146170.1	XP_016771029.2	48.276	29	15	0	77	105	887	915	0.005	29.6
XP_012146170.1	XP_006562311.2	48.276	29	15	0	77	105	1089	1117	0.005	29.6
XP_012146170.1	XP_006562310.2	48.276	29	15	0	77	105	1089	1117	0.005	29.6
XP_012146171.1	XP_006562308.2	48.276	29	15	0	77	105	1287	1315	0.006	29.3
XP_012146171.1	XP_016771028.2	48.276	29	15	0	77	105	951	979	0.007	29.3
XP_012146171.1	XP_016771029.2	48.276	29	15	0	77	105	887	915	0.007	29.3
XP_012146171.1	XP_006562311.2	48.276	29	15	0	77	105	1089	1117	0.007	28.9
XP_012146171.1	XP_006562310.2	48.276	29	15	0	77	105	1089	1117	0.007	28.9
XP_012146172.1	XP_006562308.2	48.276	29	15	0	77	105	1287	1315	0.003	30.4
XP_012146172.1	XP_006562311.2	48.276	29	15	0	77	105	1089	1117	0.003	30.4
XP_012146172.1	XP_006562310.2	48.276	29	15	0	77	105	1089	1117	0.003	30.4
XP_012146172.1	XP_016771028.2	48.276	29	15	0	77	105	951	979	0.003	30.0
XP_012146172.1	XP_016771029.2	48.276	29	15	0	77	105	887	915	0.003	30.0
XP_012146173.1	XP_006562308.2	48.276	29	15	0	77	105	1287	1315	0.003	30.0
XP_012146173.1	XP_016771028.2	48.276	29	15	0	77	105	951	979	0.003	30.0
XP_012146173.1	XP_006562311.2	48.276	29	15	0	77	105	1089	1117	0.004	30.0
XP_012146173.1	XP_006562310.2	48.276	29	15	0	77	105	1089	1117	0.004	30.0
XP_012146173.1	XP_016771029.2	48.276	29	15	0	77	105	887	915	0.004	30.0
XP_012146174.1	XP_006562308.2	48.276	29	15	0	77	105	1287	1315	0.003	30.0
XP_012146174.1	XP_016771028.2	48.276	29	15	0	77	105	951	979	0.003	30.0
XP_012146174.1	XP_006562311.2	48.276	29	15	0	77	105	1089	1117	0.004	30.0
XP_012146174.1	XP_006562310.2	48.276	29	15	0	77	105	1089	1117	0.004	30.0
XP_012146174.1	XP_016771029.2	48.276	29	15	0	77	105	887	915	0.004	29.6
XP_012146389.1	XP_016771029.2	26.506	83	51	3	168	240	1242	1324	0.026	27.7
XP_012146389.1	XP_016771028.2	26.506	83	51	3	168	240	1306	1388	0.028	27.7
XP_012146389.1	XP_006562311.2	26.506	83	51	3	168	240	1444	1526	0.036	27.3
XP_012146389.1	XP_006562310.2	26.506	83	51	3	168	240	1444	1526	0.036	27.3
XP_012146389.1	XP_006562308.2	26.506	83	51	3	168	240	1642	1724	0.042	26.9
XP_012146390.1	XP_016771029.2	26.506	83	51	3	168	240	1242	1324	0.026	27.7
XP_012146390.1	XP_016771028.2	26.506	83	51	3	168	240	1306	1388	0.028	27.7
XP_012146390.1	XP_006562311.2	26.506	83	51	3	168	240	1444	1526	0.036	27.3
XP_012146390.1	XP_006562310.2	26.506	83	51	3	168	240	1444	1526	0.036	27.3
XP_012146390.1	XP_006562308.2	26.506	83	51	3	168	240	1642	1724	0.042	26.9
XP_012146437.1	XP_006562308.2	35.088	57	36	1	22	77	2197	2253	0.048	26.2
XP_012146438.1	XP_016771028.2	34.043	47	31	0	22	68	1861	1907	0.046	26.2
XP_012146438.1	XP_006562308.2	35.088	57	36	1	22	77	2197	2253	0.049	25.8
XP_012146561.1	XP_006562308.2	44.000	25	12	1	26	50	164	186	0.023	27.3
XP_012146708.1	XP_006562311.2	30.909	55	36	1	47	99	449	503	0.050	25.4
XP_012146708.1	XP_006562310.2	30.909	55	36	1	47	99	449	503	0.050	25.4
XP_012146743.1	XP_006562308.2	30.189	159	92	4	661	800	345	503	2.89e-15	71.2
XP_012146743.1	XP_006562311.2	30.189	159	92	4	661	800	126	284	3.10e-15	71.2
XP_012146743.1	XP_006562310.2	30.189	159	92	4	661	800	126	284	3.10e-15	71.2
XP_012146753.1	XP_006562308.2	30.189	159	92	4	620	759	345	503	2.86e-15	71.2
XP_012146753.1	XP_006562311.2	30.189	159	92	4	620	759	126	284	3.45e-15	70.9
XP_012146753.1	XP_006562310.2	30.189	159	92	4	620	759	126	284	3.45e-15	70.9
XP_012146760.1	XP_006562308.2	28.000	225	131	8	556	753	283	503	2.28e-15	71.6
XP_012146760.1	XP_006562311.2	30.189	159	92	4	614	753	126	284	2.77e-15	71.2
XP_012146760.1	XP_006562310.2	30.189	159	92	4	614	753	126	284	2.77e-15	71.2
XP_012146767.1	XP_006562308.2	30.189	159	92	4	661	800	345	503	3.00e-15	70.9
XP_012146767.1	XP_006562311.2	30.189	159	92	4	661	800	126	284	3.33e-15	70.9
XP_012146767.1	XP_006562310.2	30.189	159	92	4	661	800	126	284	3.33e-15	70.9
XP_012147127.1	XP_006562308.2	27.692	130	75	4	181	303	2090	2207	0.002	30.4
XP_012147127.1	XP_006562311.2	27.692	130	75	4	181	303	1892	2009	0.003	30.4
XP_012147127.1	XP_006562310.2	27.692	130	75	4	181	303	1892	2009	0.003	30.4
XP_012147127.1	XP_016771029.2	27.692	130	75	4	181	303	1690	1807	0.006	29.3
XP_012147127.1	XP_016771028.2	27.692	130	75	4	181	303	1754	1871	0.006	29.3
XP_012147128.1	XP_006562308.2	32.000	50	30	1	253	302	2162	2207	0.009	28.5
XP_012147128.1	XP_016771028.2	32.000	50	30	1	253	302	1826	1871	0.010	28.5
XP_012147128.1	XP_006562311.2	32.000	50	30	1	253	302	1964	2009	0.011	28.5
XP_012147128.1	XP_006562310.2	32.000	50	30	1	253	302	1964	2009	0.011	28.5
XP_012147128.1	XP_016771029.2	32.000	50	30	1	253	302	1762	1807	0.011	28.5
XP_012147153.1	XP_016771028.2	34.211	38	18	1	281	318	1719	1749	0.035	26.2
XP_012147153.1	XP_016771029.2	34.211	38	18	1	281	318	1655	1685	0.036	26.2
XP_012147154.1	XP_016771028.2	34.211	38	18	1	281	318	1719	1749	0.035	26.2
XP_012147154.1	XP_016771029.2	34.211	38	18	1	281	318	1655	1685	0.036	26.2
XP_012147154.1	XP_006562311.2	34.211	38	18	1	281	318	1857	1887	0.036	26.2
XP_012147154.1	XP_006562310.2	34.211	38	18	1	281	318	1857	1887	0.036	26.2
XP_012147155.1	XP_016771028.2	34.211	38	18	1	275	312	1719	1749	0.035	26.2
XP_012147155.1	XP_016771029.2	34.211	38	18	1	275	312	1655	1685	0.035	26.2
XP_012147155.1	XP_006562311.2	34.211	38	18	1	275	312	1857	1887	0.038	26.2
XP_012147155.1	XP_006562310.2	34.211	38	18	1	275	312	1857	1887	0.038	26.2
XP_012147348.1	XP_006562308.2	29.304	273	143	13	631	870	272	527	1.05e-19	85.9
XP_012147348.1	XP_006562311.2	29.304	273	143	13	631	870	53	308	1.40e-19	85.5
XP_012147348.1	XP_006562310.2	29.304	273	143	13	631	870	53	308	1.40e-19	85.5
XP_012147443.1	XP_016771021.1	24.825	286	174	11	30	297	214	476	2.68e-14	64.3
XP_012147443.1	XP_016771020.1	24.825	286	174	11	30	297	214	476	2.68e-14	64.3
XP_012147453.1	XP_006562308.2	20.438	137	92	4	394	513	353	489	4.72e-05	37.0
XP_012147453.1	XP_006562311.2	20.438	137	92	4	394	513	134	270	5.42e-05	36.6
XP_012147453.1	XP_006562310.2	20.438	137	92	4	394	513	134	270	5.42e-05	36.6
XP_012147454.1	XP_006562308.2	20.438	137	92	4	386	505	353	489	3.92e-05	37.0
XP_012147454.1	XP_006562311.2	20.438	137	92	4	386	505	134	270	4.35e-05	37.0
XP_012147454.1	XP_006562310.2	20.438	137	92	4	386	505	134	270	4.35e-05	37.0
XP_012147896.1	XP_016771028.2	31.818	44	30	0	57	100	167	210	0.025	25.4
XP_012147898.1	XP_016771028.2	31.818	44	30	0	57	100	167	210	0.025	25.4
XP_012147899.1	XP_016771028.2	31.818	44	30	0	57	100	167	210	0.025	25.4
XP_012147900.1	XP_016771028.2	31.818	44	30	0	57	100	167	210	0.025	25.4
XP_012147959.1	XP_006562308.2	27.350	117	80	4	262	375	331	445	7.39e-05	36.6
XP_012147959.1	XP_006562311.2	27.350	117	80	4	262	375	112	226	9.31e-05	36.2
XP_012147959.1	XP_006562310.2	27.350	117	80	4	262	375	112	226	9.31e-05	36.2
XP_012147985.1	XP_016771021.1	29.825	57	37	1	517	570	437	493	0.017	28.9
XP_012147985.1	XP_016771020.1	29.825	57	37	1	517	570	437	493	0.017	28.9
XP_012147991.1	XP_016771021.1	29.825	57	37	1	533	586	437	493	0.013	28.9
XP_012147991.1	XP_016771020.1	29.825	57	37	1	533	586	437	493	0.013	28.9
XP_012148030.1	XP_006562308.2	27.326	172	108	3	477	631	342	513	1.95e-13	64.7
XP_012148030.1	XP_006562311.2	27.326	172	108	3	477	631	123	294	2.99e-13	63.9
XP_012148030.1	XP_006562310.2	27.326	172	108	3	477	631	123	294	2.99e-13	63.9
XP_012148031.1	XP_006562308.2	27.326	172	108	3	477	631	342	513	1.95e-13	64.7
XP_012148031.1	XP_006562311.2	27.326	172	108	3	477	631	123	294	2.99e-13	63.9
XP_012148031.1	XP_006562310.2	27.326	172	108	3	477	631	123	294	2.99e-13	63.9
XP_012148280.1	XP_016771021.1	32.609	46	27	2	101	143	187	231	0.040	25.8
XP_012148280.1	XP_016771020.1	32.609	46	27	2	101	143	187	231	0.040	25.8
XP_012148294.1	XP_016771021.1	27.907	129	80	3	812	928	8	135	1.98e-09	52.0
XP_012148294.1	XP_016771021.1	28.205	78	50	3	657	732	68	141	4.27e-04	34.7
XP_012148294.1	XP_016771020.1	27.907	129	80	3	812	928	8	135	1.98e-09	52.0
XP_012148294.1	XP_016771020.1	28.205	78	50	3	657	732	68	141	4.27e-04	34.7
XP_012148295.1	XP_016771021.1	27.907	129	80	3	812	928	8	135	1.98e-09	52.0
XP_012148295.1	XP_016771021.1	28.205	78	50	3	657	732	68	141	4.27e-04	34.7
XP_012148295.1	XP_016771020.1	27.907	129	80	3	812	928	8	135	1.98e-09	52.0
XP_012148295.1	XP_016771020.1	28.205	78	50	3	657	732	68	141	4.27e-04	34.7
XP_012148296.1	XP_016771021.1	27.907	129	80	3	812	928	8	135	2.19e-09	51.6
XP_012148296.1	XP_016771021.1	28.205	78	50	3	657	732	68	141	4.95e-04	34.3
XP_012148296.1	XP_016771020.1	27.907	129	80	3	812	928	8	135	2.19e-09	51.6
XP_012148296.1	XP_016771020.1	28.205	78	50	3	657	732	68	141	4.95e-04	34.3
XP_012148297.1	XP_016771021.1	27.907	129	80	3	592	708	8	135	8.30e-09	49.7
XP_012148297.1	XP_016771021.1	28.205	78	50	3	437	512	68	141	4.20e-04	34.3
XP_012148297.1	XP_016771020.1	27.907	129	80	3	592	708	8	135	8.30e-09	49.7
XP_012148297.1	XP_016771020.1	28.205	78	50	3	437	512	68	141	4.20e-04	34.3
XP_012149177.1	XP_006562308.2	30.769	65	41	2	297	359	1050	1112	0.043	26.9
XP_012149177.1	XP_006562311.2	30.769	65	41	2	297	359	852	914	0.044	26.9
XP_012149177.1	XP_006562310.2	30.769	65	41	2	297	359	852	914	0.044	26.9
XP_012149177.1	XP_016771029.2	30.769	65	41	2	297	359	650	712	0.049	26.6
XP_012149178.1	XP_006562311.2	30.769	65	41	2	287	349	852	914	0.041	26.9
XP_012149178.1	XP_006562310.2	30.769	65	41	2	287	349	852	914	0.041	26.9
XP_012149178.1	XP_006562308.2	30.769	65	41	2	287	349	1050	1112	0.044	26.9
XP_012149178.1	XP_016771029.2	30.769	65	41	2	287	349	650	712	0.046	26.6
XP_012149178.1	XP_016771028.2	30.769	65	41	2	287	349	714	776	0.050	26.6
XP_012149179.1	XP_006562311.2	30.769	65	41	2	297	359	852	914	0.043	26.9
XP_012149179.1	XP_006562310.2	30.769	65	41	2	297	359	852	914	0.043	26.9
XP_012149179.1	XP_006562308.2	30.769	65	41	2	297	359	1050	1112	0.043	26.9
XP_012149179.1	XP_016771029.2	30.769	65	41	2	297	359	650	712	0.047	26.6
XP_012149180.1	XP_006562311.2	30.769	65	41	2	297	359	852	914	0.040	26.9
XP_012149180.1	XP_006562310.2	30.769	65	41	2	297	359	852	914	0.040	26.9
XP_012149180.1	XP_006562308.2	30.769	65	41	2	297	359	1050	1112	0.042	26.9
XP_012149180.1	XP_016771029.2	30.769	65	41	2	297	359	650	712	0.045	26.6
XP_012149180.1	XP_016771028.2	30.769	65	41	2	297	359	714	776	0.048	26.6
XP_012149204.1	XP_016771028.2	33.333	66	31	2	200	252	442	507	0.041	28.5
XP_012149205.1	XP_016771028.2	33.333	66	31	2	200	252	442	507	0.044	28.1
XP_012149225.1	XP_006562311.2	29.412	68	44	2	81	144	1868	1935	0.009	29.3
XP_012149225.1	XP_006562310.2	29.412	68	44	2	81	144	1868	1935	0.009	29.3
XP_012149225.1	XP_016771029.2	29.412	68	44	2	81	144	1666	1733	0.010	29.3
XP_012149225.1	XP_016771028.2	29.412	68	44	2	81	144	1730	1797	0.011	28.9
XP_012149225.1	XP_006562308.2	29.412	68	44	2	81	144	2066	2133	0.011	28.9
XP_012149734.1	XP_016771021.1	31.707	41	27	1	265	304	162	202	0.020	26.9
XP_012149734.1	XP_016771020.1	31.707	41	27	1	265	304	162	202	0.020	26.9
XP_012150127.1	XP_016771028.2	30.000	40	28	0	43	82	1674	1713	0.011	27.7
XP_012150127.1	XP_016771029.2	30.000	40	28	0	43	82	1610	1649	0.012	27.7
XP_012150127.1	XP_006562311.2	30.000	40	28	0	43	82	1812	1851	0.020	26.9
XP_012150127.1	XP_006562310.2	30.000	40	28	0	43	82	1812	1851	0.020	26.9
XP_012150127.1	XP_006562308.2	30.000	40	28	0	43	82	2010	2049	0.021	26.9
XP_012150151.1	XP_006562308.2	36.264	182	100	4	121	286	322	503	8.03e-29	108
XP_012150151.1	XP_006562311.2	36.264	182	100	4	121	286	103	284	3.42e-28	107
XP_012150151.1	XP_006562310.2	36.264	182	100	4	121	286	103	284	3.42e-28	107
XP_012150152.1	XP_006562311.2	36.264	182	100	4	107	272	103	284	9.97e-29	108
XP_012150152.1	XP_006562310.2	36.264	182	100	4	107	272	103	284	9.97e-29	108
XP_012150152.1	XP_006562308.2	36.264	182	100	4	107	272	322	503	1.32e-28	107
XP_012150390.1	XP_006562308.2	28.571	91	55	3	294	380	836	920	0.041	27.7
XP_012150391.1	XP_006562308.2	28.571	91	55	3	294	380	836	920	0.048	27.3
XP_012150392.1	XP_006562308.2	28.571	91	55	3	294	380	836	920	0.046	27.3
XP_012150937.1	XP_016771028.2	26.250	160	85	7	291	428	1495	1643	0.049	26.6
XP_012151306.1	XP_016771029.2	30.337	89	56	2	56	144	1694	1776	0.005	27.7
XP_012151306.1	XP_016771028.2	30.337	89	56	2	56	144	1758	1840	0.006	27.3
XP_012151306.1	XP_006562311.2	30.337	89	56	2	56	144	1896	1978	0.006	27.3
XP_012151306.1	XP_006562310.2	30.337	89	56	2	56	144	1896	1978	0.006	27.3
XP_012151306.1	XP_006562308.2	30.337	89	56	2	56	144	2094	2176	0.008	27.3
XP_012151333.1	XP_006562311.2	31.884	69	38	2	48	116	481	540	0.012	28.9
XP_012151333.1	XP_006562310.2	31.884	69	38	2	48	116	481	540	0.012	28.9
XP_012151333.1	XP_006562308.2	31.884	69	38	2	48	116	679	738	0.012	28.9
XP_012151333.1	XP_016771028.2	31.884	69	38	2	48	116	343	402	0.014	28.5
XP_012151333.1	XP_016771029.2	31.884	69	38	2	48	116	279	338	0.014	28.5
XP_012152027.1	XP_016771028.2	39.394	33	18	1	72	102	116	148	0.033	26.6
XP_012152114.1	XP_016771021.1	29.032	31	22	0	179	209	121	151	0.028	26.9
XP_012152114.1	XP_016771020.1	29.032	31	22	0	179	209	121	151	0.028	26.9
XP_012152233.1	XP_006562308.2	35.556	45	27	1	43	87	256	298	0.006	28.1
XP_012152233.1	XP_006562311.2	35.556	45	27	1	43	87	37	79	0.007	27.7
XP_012152233.1	XP_006562310.2	35.556	45	27	1	43	87	37	79	0.007	27.7
XP_012152239.1	XP_006562311.2	25.926	81	53	2	197	273	791	868	0.009	28.9
XP_012152239.1	XP_006562310.2	25.926	81	53	2	197	273	791	868	0.009	28.9
XP_012152239.1	XP_006562308.2	25.926	81	53	2	197	273	989	1066	0.009	28.9
XP_012152239.1	XP_016771029.2	25.926	81	53	2	197	273	589	666	0.010	28.9
XP_012152239.1	XP_016771028.2	25.926	81	53	2	197	273	653	730	0.010	28.9
XP_012152448.1	XP_006562308.2	40.909	22	13	0	77	98	306	327	0.019	25.8
XP_012152448.1	XP_006562311.2	40.909	22	13	0	77	98	87	108	0.020	25.8
XP_012152448.1	XP_006562310.2	40.909	22	13	0	77	98	87	108	0.020	25.8
XP_012153145.1	XP_006562311.2	36.364	33	21	0	263	295	1612	1644	0.042	26.6
XP_012153145.1	XP_006562310.2	36.364	33	21	0	263	295	1612	1644	0.042	26.6
XP_012153145.1	XP_006562308.2	36.364	33	21	0	263	295	1810	1842	0.045	26.6
XP_012153227.1	XP_006562311.2	28.571	56	33	2	9	59	44	97	0.047	25.4
XP_012153227.1	XP_006562310.2	28.571	56	33	2	9	59	44	97	0.047	25.4
XP_012153227.1	XP_006562308.2	28.571	56	33	2	9	59	263	316	0.047	25.4
XP_012153348.1	XP_006562308.2	34.146	41	27	0	55	95	2193	2233	0.039	25.0
XP_012153348.1	XP_006562311.2	34.146	41	27	0	55	95	1995	2035	0.048	25.0
XP_012153348.1	XP_006562310.2	34.146	41	27	0	55	95	1995	2035	0.048	25.0
XP_012153467.1	XP_006562311.2	27.143	70	51	0	6	75	682	751	3.22e-04	34.3
XP_012153467.1	XP_006562310.2	27.143	70	51	0	6	75	682	751	3.22e-04	34.3
XP_012153467.1	XP_006562308.2	27.143	70	51	0	6	75	880	949	3.23e-04	34.3
XP_012153467.1	XP_016771029.2	27.143	70	51	0	6	75	480	549	0.001	32.0
XP_012153467.1	XP_016771028.2	27.143	70	51	0	6	75	544	613	0.002	32.0
XP_012153468.1	XP_006562311.2	27.143	70	51	0	6	75	682	751	3.22e-04	34.3
XP_012153468.1	XP_006562310.2	27.143	70	51	0	6	75	682	751	3.22e-04	34.3
XP_012153468.1	XP_006562308.2	27.143	70	51	0	6	75	880	949	3.23e-04	34.3
XP_012153468.1	XP_016771029.2	27.143	70	51	0	6	75	480	549	0.001	32.0
XP_012153468.1	XP_016771028.2	27.143	70	51	0	6	75	544	613	0.002	32.0
XP_012153614.1	XP_006562308.2	34.091	44	22	1	63	106	455	491	0.023	27.3
XP_012153614.1	XP_006562311.2	34.091	44	22	1	63	106	236	272	0.025	27.3
XP_012153614.1	XP_006562310.2	34.091	44	22	1	63	106	236	272	0.025	27.3
XP_012153615.1	XP_006562308.2	34.091	44	22	1	63	106	455	491	0.021	27.3
XP_012153615.1	XP_006562311.2	34.091	44	22	1	63	106	236	272	0.022	27.3
XP_012153615.1	XP_006562310.2	34.091	44	22	1	63	106	236	272	0.022	27.3
XP_012153668.1	XP_016771029.2	30.303	66	40	2	285	345	1681	1745	0.048	28.9
XP_012153676.1	XP_006562311.2	28.037	107	52	4	517	598	367	473	0.037	28.1
XP_012153676.1	XP_006562310.2	28.037	107	52	4	517	598	367	473	0.037	28.1
XP_012153904.1	XP_016771029.2	27.049	122	67	4	2	119	22	125	0.031	27.7
XP_012154338.1	XP_016771028.2	30.645	62	40	1	193	251	1252	1313	0.039	26.9
XP_012154338.1	XP_006562311.2	30.645	62	40	1	193	251	1390	1451	0.041	26.6
XP_012154338.1	XP_006562310.2	30.645	62	40	1	193	251	1390	1451	0.041	26.6
XP_012154338.1	XP_006562308.2	30.645	62	40	1	193	251	1588	1649	0.042	26.6
XP_012154338.1	XP_016771029.2	30.645	62	40	1	193	251	1188	1249	0.042	26.6
XP_012154344.1	XP_016771028.2	30.645	62	40	1	187	245	1252	1313	0.039	26.9
XP_012154344.1	XP_016771029.2	30.645	62	40	1	187	245	1188	1249	0.039	26.9
XP_012154344.1	XP_006562311.2	30.645	62	40	1	187	245	1390	1451	0.040	26.6
XP_012154344.1	XP_006562310.2	30.645	62	40	1	187	245	1390	1451	0.040	26.6
XP_012154344.1	XP_006562308.2	30.645	62	40	1	187	245	1588	1649	0.041	26.6
XP_012154457.1	XP_016771028.2	40.541	37	22	0	240	276	54	90	0.043	26.2
XP_012154464.1	XP_016771028.2	40.541	37	22	0	198	234	54	90	0.042	26.2
