NP_001128395.1	XP_016771028.2	23.913	92	65	2	2	88	515	606	0.027	26.9
NP_001128395.1	XP_016771029.2	23.913	92	65	2	2	88	451	542	0.029	26.6
NP_001128395.1	XP_006562308.2	23.913	92	65	2	2	88	851	942	0.031	26.6
NP_001128395.1	XP_006562311.2	23.913	92	65	2	2	88	653	744	0.031	26.6
NP_001128395.1	XP_006562310.2	23.913	92	65	2	2	88	653	744	0.031	26.6
NP_001128396.1	XP_016771029.2	40.000	65	32	2	186	248	38	97	0.006	29.3
NP_001154975.1	XP_016771028.2	34.884	43	19	3	33	67	1193	1234	0.027	26.9
NP_001154975.1	XP_016771029.2	34.884	43	19	3	33	67	1129	1170	0.031	26.9
NP_001154990.1	XP_006562308.2	28.736	87	57	2	268	354	614	695	0.032	26.9
NP_001156898.1	XP_006562308.2	29.268	41	25	1	25	61	1665	1705	0.050	21.9
NP_001161199.1	XP_016771021.1	23.214	56	31	1	13	56	3	58	0.014	24.3
NP_001161199.1	XP_016771020.1	23.214	56	31	1	13	56	3	58	0.014	24.3
NP_001161255.1	XP_006562311.2	54.545	22	9	1	228	249	1830	1850	0.044	25.4
NP_001161255.1	XP_006562310.2	54.545	22	9	1	228	249	1830	1850	0.044	25.4
NP_001161255.1	XP_006562308.2	54.545	22	9	1	228	249	2028	2048	0.044	25.4
NP_001161255.1	XP_016771029.2	54.545	22	9	1	228	249	1628	1648	0.047	25.4
NP_001161255.1	XP_016771028.2	54.545	22	9	1	228	249	1692	1712	0.049	25.4
NP_001166008.1	XP_006562311.2	31.034	87	50	4	83	164	1773	1854	0.003	30.4
NP_001166008.1	XP_006562310.2	31.034	87	50	4	83	164	1773	1854	0.003	30.4
NP_001166008.1	XP_006562308.2	31.034	87	50	4	83	164	1971	2052	0.003	30.4
NP_001166008.1	XP_016771028.2	31.034	87	50	4	83	164	1635	1716	0.008	28.9
NP_001166008.1	XP_016771029.2	31.034	87	50	4	83	164	1571	1652	0.009	28.9
NP_001177450.1	NP_001011612.1	42.857	28	15	1	272	299	3	29	0.012	25.0
XP_001599040.1	XP_016771029.2	29.091	55	35	1	29	83	1407	1457	0.014	26.2
XP_001599040.1	XP_016771028.2	29.091	55	35	1	29	83	1471	1521	0.014	26.2
XP_001599040.1	XP_006562311.2	29.091	55	35	1	29	83	1609	1659	0.014	26.2
XP_001599040.1	XP_006562310.2	29.091	55	35	1	29	83	1609	1659	0.014	26.2
XP_001599040.1	XP_006562308.2	29.091	55	35	1	29	83	1807	1857	0.014	26.2
XP_001599344.2	XP_006562308.2	21.875	160	107	6	363	505	331	489	1.84e-06	41.2
XP_001599344.2	XP_006562311.2	21.898	137	90	5	386	505	134	270	1.96e-06	41.2
XP_001599344.2	XP_006562310.2	21.898	137	90	5	386	505	134	270	1.96e-06	41.2
XP_001599663.2	XP_016771029.2	27.500	80	49	3	109	179	1504	1583	0.009	27.7
XP_001599663.2	XP_016771028.2	27.500	80	49	3	109	179	1568	1647	0.009	27.7
XP_001599663.2	XP_006562311.2	27.500	80	49	3	109	179	1706	1785	0.009	27.7
XP_001599663.2	XP_006562310.2	27.500	80	49	3	109	179	1706	1785	0.009	27.7
XP_001599663.2	XP_006562308.2	27.500	80	49	3	109	179	1904	1983	0.009	27.7
XP_001600298.1	XP_016771021.1	68.421	665	197	5	4	660	1	660	0.0	961
XP_001600298.1	XP_016771020.1	68.421	665	197	5	4	660	1	660	0.0	961
XP_001600394.2	XP_006562308.2	26.471	238	137	8	483	690	283	512	1.36e-18	82.0
XP_001600394.2	XP_006562311.2	26.471	238	137	8	483	690	64	293	1.46e-18	82.0
XP_001600394.2	XP_006562310.2	26.471	238	137	8	483	690	64	293	1.46e-18	82.0
XP_001600747.2	XP_016771028.2	35.417	48	26	1	48	90	999	1046	0.011	28.1
XP_001600747.2	XP_006562308.2	35.417	48	26	1	48	90	1335	1382	0.012	27.7
XP_001600747.2	XP_016771029.2	35.417	48	26	1	48	90	935	982	0.012	27.7
XP_001600747.2	XP_006562311.2	35.417	48	26	1	48	90	1137	1184	0.012	27.7
XP_001600747.2	XP_006562310.2	35.417	48	26	1	48	90	1137	1184	0.012	27.7
XP_001601096.1	XP_016771028.2	37.931	58	30	2	771	827	1284	1336	0.049	28.1
XP_001601907.2	XP_016771029.2	30.263	76	46	3	88	162	383	452	0.043	26.6
XP_001601907.2	XP_016771028.2	30.263	76	46	3	88	162	447	516	0.043	26.6
XP_001601907.2	XP_006562311.2	30.263	76	46	3	88	162	585	654	0.043	26.6
XP_001601907.2	XP_006562310.2	30.263	76	46	3	88	162	585	654	0.043	26.6
XP_001601907.2	XP_006562308.2	30.263	76	46	3	88	162	783	852	0.043	26.6
XP_001602051.2	NP_001011611.2	31.034	29	18	1	332	360	4	30	0.040	23.9
XP_001602124.1	XP_016771029.2	36.000	25	16	0	41	65	1440	1464	0.027	27.3
XP_001602124.1	XP_016771028.2	36.000	25	16	0	41	65	1504	1528	0.027	27.3
XP_001602124.1	XP_006562311.2	36.000	25	16	0	41	65	1642	1666	0.027	27.3
XP_001602124.1	XP_006562310.2	36.000	25	16	0	41	65	1642	1666	0.027	27.3
XP_001602124.1	XP_006562308.2	36.000	25	16	0	41	65	1840	1864	0.027	27.3
XP_001602365.1	XP_016771029.2	35.484	31	20	0	115	145	739	769	0.042	24.3
XP_001602365.1	XP_016771028.2	35.484	31	20	0	115	145	803	833	0.043	24.3
XP_001602365.1	XP_006562308.2	35.484	31	20	0	115	145	1139	1169	0.045	24.3
XP_001602365.1	XP_006562311.2	35.484	31	20	0	115	145	941	971	0.046	24.3
XP_001602365.1	XP_006562310.2	35.484	31	20	0	115	145	941	971	0.046	24.3
XP_001602392.2	XP_006562308.2	21.212	264	147	11	226	467	271	495	0.003	30.4
XP_001602392.2	XP_006562311.2	21.212	264	147	11	226	467	52	276	0.004	30.4
XP_001602392.2	XP_006562310.2	21.212	264	147	11	226	467	52	276	0.004	30.4
XP_001602744.1	XP_016771028.2	30.556	36	25	0	123	158	983	1018	0.026	28.5
XP_001602744.1	XP_016771029.2	30.556	36	25	0	123	158	919	954	0.029	28.1
XP_001602744.1	XP_006562311.2	30.556	36	25	0	123	158	1121	1156	0.032	28.1
XP_001602744.1	XP_006562310.2	30.556	36	25	0	123	158	1121	1156	0.032	28.1
XP_001602744.1	XP_006562308.2	30.556	36	25	0	123	158	1319	1354	0.035	27.7
XP_001602880.1	XP_016771021.1	35.360	444	259	11	65	490	53	486	3.33e-84	267
XP_001602880.1	XP_016771020.1	35.360	444	259	11	65	490	53	486	3.33e-84	267
XP_001603244.1	XP_016771028.2	24.074	108	71	3	618	720	1775	1876	8.54e-04	33.9
XP_001603244.1	XP_016771029.2	24.074	108	71	3	618	720	1711	1812	0.001	33.5
XP_001603244.1	XP_006562311.2	24.074	108	71	3	618	720	1913	2014	0.001	33.5
XP_001603244.1	XP_006562310.2	24.074	108	71	3	618	720	1913	2014	0.001	33.5
XP_001603244.1	XP_006562308.2	24.545	110	72	3	616	720	2109	2212	0.001	33.5
XP_001603612.2	XP_016771028.2	32.143	28	19	0	64	91	62	89	0.045	24.6
XP_001603670.1	XP_016771028.2	31.373	51	33	1	391	441	130	178	0.031	26.9
XP_001604702.1	XP_006562311.2	38.298	47	22	2	63	108	1326	1366	0.002	29.6
XP_001604702.1	XP_006562310.2	38.298	47	22	2	63	108	1326	1366	0.002	29.6
XP_001604702.1	XP_006562308.2	38.298	47	22	2	63	108	1524	1564	0.002	29.3
XP_001604702.1	XP_016771029.2	38.298	47	22	2	63	108	1124	1164	0.002	29.3
XP_001604702.1	XP_016771028.2	38.298	47	22	2	63	108	1188	1228	0.002	29.3
XP_001604753.1	XP_006562308.2	28.261	46	29	1	641	682	398	443	0.043	27.3
XP_001604753.1	XP_006562311.2	28.261	46	29	1	641	682	179	224	0.045	27.3
XP_001604753.1	XP_006562310.2	28.261	46	29	1	641	682	179	224	0.045	27.3
XP_001604807.2	XP_006562308.2	33.333	42	28	0	1138	1179	618	659	0.003	32.3
XP_001605156.1	XP_006562308.2	32.558	43	23	1	9	51	174	210	0.019	27.3
XP_001605320.2	XP_006562308.2	27.778	234	137	10	550	756	275	503	2.23e-17	78.2
XP_001605320.2	XP_006562311.2	27.778	234	137	10	550	756	56	284	2.49e-17	77.8
XP_001605320.2	XP_006562310.2	27.778	234	137	10	550	756	56	284	2.49e-17	77.8
XP_001605444.2	XP_006562308.2	23.478	115	73	3	486	586	415	528	0.002	31.6
XP_001605444.2	XP_006562311.2	23.478	115	73	3	486	586	196	309	0.002	31.6
XP_001605444.2	XP_006562310.2	23.478	115	73	3	486	586	196	309	0.002	31.6
XP_001605751.1	XP_006562308.2	25.253	99	56	3	15	95	1314	1412	0.023	26.2
XP_001605751.1	XP_006562311.2	25.253	99	56	3	15	95	1116	1214	0.030	25.8
XP_001605751.1	XP_006562310.2	25.253	99	56	3	15	95	1116	1214	0.030	25.8
XP_001605751.1	XP_016771029.2	25.253	99	56	3	15	95	914	1012	0.042	25.4
XP_001605751.1	XP_016771028.2	25.253	99	56	3	15	95	978	1076	0.047	25.0
XP_001606088.1	XP_006562308.2	30.357	56	34	1	219	274	609	659	0.021	27.7
XP_001606472.1	XP_016771021.1	31.250	64	43	1	236	298	576	639	0.034	26.2
XP_001606472.1	XP_016771020.1	31.250	64	43	1	236	298	576	639	0.034	26.2
XP_001606811.2	XP_016771029.2	32.812	64	29	2	137	199	717	767	0.048	26.9
XP_001606811.2	XP_016771028.2	32.812	64	29	2	137	199	781	831	0.048	26.9
XP_001606811.2	XP_006562311.2	32.812	64	29	2	137	199	919	969	0.048	26.9
XP_001606811.2	XP_006562310.2	32.812	64	29	2	137	199	919	969	0.048	26.9
XP_001606811.2	XP_006562308.2	32.812	64	29	2	137	199	1117	1167	0.049	26.9
XP_001606819.2	XP_006562308.2	24.896	241	147	9	154	366	269	503	2.06e-12	61.2
XP_001606819.2	XP_006562311.2	24.896	241	147	9	154	366	50	284	3.20e-12	60.8
XP_001606819.2	XP_006562310.2	24.896	241	147	9	154	366	50	284	3.20e-12	60.8
XP_001607442.1	XP_016771021.1	47.368	19	10	0	128	146	60	78	0.035	25.8
XP_001607442.1	XP_016771020.1	47.368	19	10	0	128	146	60	78	0.035	25.8
XP_001607471.2	XP_006562308.2	26.036	169	106	5	58	214	282	443	9.64e-07	41.2
XP_001607471.2	XP_006562311.2	26.036	169	106	5	58	214	63	224	1.07e-06	41.2
XP_001607471.2	XP_006562310.2	26.036	169	106	5	58	214	63	224	1.07e-06	41.2
XP_001607677.1	XP_016771021.1	30.769	65	40	1	62	121	91	155	0.025	26.9
XP_001607677.1	XP_016771020.1	30.769	65	40	1	62	121	91	155	0.025	26.9
XP_001608003.2	XP_016771029.2	27.869	61	44	0	33	93	986	1046	0.015	28.1
XP_001608003.2	XP_016771028.2	27.869	61	44	0	33	93	1050	1110	0.015	28.1
XP_001608003.2	XP_006562308.2	27.869	61	44	0	33	93	1386	1446	0.021	27.7
XP_001608003.2	XP_006562311.2	27.869	61	44	0	33	93	1188	1248	0.021	27.7
XP_001608003.2	XP_006562310.2	27.869	61	44	0	33	93	1188	1248	0.021	27.7
XP_001608182.2	XP_006562308.2	23.200	125	80	4	144	263	1007	1120	1.32e-04	36.2
XP_001608182.2	XP_006562311.2	23.200	125	80	4	144	263	809	922	1.60e-04	35.8
XP_001608182.2	XP_006562310.2	23.200	125	80	4	144	263	809	922	1.60e-04	35.8
XP_001608182.2	XP_016771029.2	23.200	125	80	4	144	263	607	720	3.15e-04	35.0
XP_001608182.2	XP_016771028.2	23.200	125	80	4	144	263	671	784	3.15e-04	35.0
XP_001608289.1	XP_006562308.2	30.899	178	100	5	202	360	330	503	6.46e-19	82.4
XP_001608289.1	XP_006562311.2	30.899	178	100	5	202	360	111	284	7.85e-19	82.0
XP_001608289.1	XP_006562310.2	30.899	178	100	5	202	360	111	284	7.85e-19	82.0
XP_003423810.1	XP_006562308.2	26.667	30	22	0	40	69	812	841	0.043	22.3
XP_003423810.1	XP_006562311.2	26.667	30	22	0	40	69	614	643	0.045	22.3
XP_003423810.1	XP_006562310.2	26.667	30	22	0	40	69	614	643	0.045	22.3
XP_003423968.1	XP_016771029.2	22.321	112	74	3	1081	1192	549	647	0.001	33.9
XP_003423968.1	XP_016771028.2	22.321	112	74	3	1081	1192	613	711	0.001	33.9
XP_003423968.1	XP_006562311.2	22.321	112	74	3	1081	1192	751	849	0.001	33.5
XP_003423968.1	XP_006562310.2	22.321	112	74	3	1081	1192	751	849	0.001	33.5
XP_003423968.1	XP_006562308.2	23.810	105	67	3	1081	1185	949	1040	0.002	33.1
XP_003424065.1	XP_016771028.2	26.316	57	40	1	306	360	1458	1514	0.046	27.3
XP_003424065.1	XP_016771029.2	26.316	57	40	1	306	360	1394	1450	0.047	27.3
XP_003424158.1	XP_016771028.2	36.585	41	24	2	44	84	1804	1842	0.008	26.9
XP_003424158.1	XP_016771029.2	36.585	41	24	2	44	84	1740	1778	0.008	26.9
XP_003424158.1	XP_006562311.2	36.585	41	24	2	44	84	1942	1980	0.009	26.9
XP_003424158.1	XP_006562310.2	36.585	41	24	2	44	84	1942	1980	0.009	26.9
XP_003424158.1	XP_006562308.2	36.585	41	24	2	44	84	2140	2178	0.010	26.6
XP_003424162.1	XP_006562308.2	28.986	69	46	1	200	265	694	762	0.013	27.3
XP_003424162.1	XP_006562311.2	28.986	69	46	1	200	265	496	564	0.013	27.3
XP_003424162.1	XP_006562310.2	28.986	69	46	1	200	265	496	564	0.013	27.3
XP_003424162.1	XP_016771028.2	28.986	69	46	1	200	265	358	426	0.015	26.9
XP_003424162.1	XP_016771029.2	28.986	69	46	1	200	265	294	362	0.018	26.9
XP_003424460.1	XP_016771028.2	36.364	33	21	0	252	284	569	601	0.041	27.3
XP_003424460.1	XP_016771029.2	36.364	33	21	0	252	284	505	537	0.042	27.3
XP_003424551.1	XP_006562311.2	35.294	34	22	0	44	77	1188	1221	0.040	23.9
XP_003424551.1	XP_006562310.2	35.294	34	22	0	44	77	1188	1221	0.040	23.9
XP_003424551.1	XP_016771028.2	35.294	34	22	0	44	77	1050	1083	0.042	23.9
XP_003424551.1	XP_016771029.2	35.294	34	22	0	44	77	986	1019	0.043	23.9
XP_003424551.1	XP_006562308.2	35.294	34	22	0	44	77	1386	1419	0.044	23.9
XP_003424901.1	XP_006562311.2	28.571	70	47	1	305	371	439	508	0.049	26.9
XP_003424901.1	XP_006562310.2	28.571	70	47	1	305	371	439	508	0.049	26.9
XP_003424956.2	XP_016771028.2	25.000	128	84	3	387	513	273	389	0.015	28.1
XP_003424956.2	XP_006562311.2	25.000	128	84	3	387	513	411	527	0.016	28.1
XP_003424956.2	XP_006562310.2	25.000	128	84	3	387	513	411	527	0.016	28.1
XP_003424956.2	XP_016771029.2	25.000	128	84	3	387	513	209	325	0.018	28.1
XP_003425088.2	XP_016771028.2	46.875	32	17	0	25	56	945	976	0.048	26.6
XP_003425088.2	XP_006562308.2	46.875	32	17	0	25	56	1281	1312	0.048	26.6
XP_003425960.1	XP_016771029.2	28.302	53	32	1	116	162	1504	1556	0.015	26.9
XP_003425960.1	XP_016771028.2	28.302	53	32	1	116	162	1568	1620	0.015	26.9
XP_003425960.1	XP_006562311.2	28.302	53	32	1	116	162	1706	1758	0.015	26.9
XP_003425960.1	XP_006562310.2	28.302	53	32	1	116	162	1706	1758	0.015	26.9
XP_003425960.1	XP_006562308.2	28.302	53	32	1	116	162	1904	1956	0.015	26.9
XP_003425960.1	XP_016771021.1	23.077	169	111	6	67	228	365	521	0.037	25.8
XP_003425961.1	XP_016771028.2	22.819	149	95	6	102	244	258	392	0.031	26.2
XP_003425961.1	XP_016771029.2	22.819	149	95	6	102	244	194	328	0.036	25.8
XP_003425961.1	XP_006562311.2	22.819	149	95	6	102	244	396	530	0.038	25.8
XP_003425961.1	XP_006562310.2	22.819	149	95	6	102	244	396	530	0.038	25.8
XP_003426059.1	NP_001011612.1	38.095	21	13	0	167	187	25	45	0.022	23.5
XP_003426096.3	XP_006562308.2	23.466	277	185	8	362	612	283	558	1.61e-15	70.9
XP_003426096.3	XP_006562311.2	23.466	277	185	8	362	612	64	339	2.77e-15	70.1
XP_003426096.3	XP_006562310.2	23.466	277	185	8	362	612	64	339	2.77e-15	70.1
XP_003426707.1	XP_006562308.2	39.286	28	17	0	29	56	2119	2146	0.049	23.9
XP_003426724.1	XP_006562308.2	24.725	182	116	6	195	373	282	445	1.48e-05	38.9
XP_003426724.1	XP_006562311.2	24.725	182	116	6	195	373	63	226	2.00e-05	38.5
XP_003426724.1	XP_006562310.2	24.725	182	116	6	195	373	63	226	2.00e-05	38.5
XP_003426862.3	XP_016771021.1	33.333	39	25	1	175	213	621	658	0.045	25.4
XP_003426862.3	XP_016771020.1	33.333	39	25	1	175	213	621	658	0.045	25.4
XP_003426983.1	XP_016771028.2	30.000	80	47	3	664	738	130	205	0.040	27.7
XP_003427843.1	XP_006562311.2	40.476	42	23	2	753	793	52	92	0.035	28.1
XP_003427843.1	XP_006562310.2	40.476	42	23	2	753	793	52	92	0.035	28.1
XP_003427843.1	XP_006562308.2	40.476	42	23	2	753	793	271	311	0.038	28.1
XP_008201859.1	XP_006562311.2	40.000	30	18	0	191	220	1699	1728	0.015	27.7
XP_008201859.1	XP_006562310.2	40.000	30	18	0	191	220	1699	1728	0.015	27.7
XP_008201921.1	XP_016771029.2	28.571	77	50	2	129	202	363	437	0.026	27.7
XP_008201921.1	XP_016771028.2	28.571	77	50	2	129	202	427	501	0.028	27.7
XP_008201921.1	XP_006562311.2	28.571	77	50	2	129	202	565	639	0.029	27.7
XP_008201921.1	XP_006562310.2	28.571	77	50	2	129	202	565	639	0.029	27.7
XP_008201921.1	XP_006562308.2	28.571	77	50	2	129	202	763	837	0.035	27.3
XP_008201922.1	XP_006562311.2	28.571	77	50	2	129	202	565	639	0.018	28.1
XP_008201922.1	XP_006562310.2	28.571	77	50	2	129	202	565	639	0.018	28.1
XP_008201922.1	XP_016771028.2	28.571	77	50	2	129	202	427	501	0.019	28.1
XP_008201922.1	XP_016771029.2	28.571	77	50	2	129	202	363	437	0.019	28.1
XP_008201922.1	XP_006562308.2	28.571	77	50	2	129	202	763	837	0.022	27.7
XP_008202397.1	XP_016771028.2	30.556	36	25	0	123	158	983	1018	0.026	28.5
XP_008202397.1	XP_016771029.2	30.556	36	25	0	123	158	919	954	0.029	28.1
XP_008202397.1	XP_006562311.2	30.556	36	25	0	123	158	1121	1156	0.032	28.1
XP_008202397.1	XP_006562310.2	30.556	36	25	0	123	158	1121	1156	0.032	28.1
XP_008202397.1	XP_006562308.2	30.556	36	25	0	123	158	1319	1354	0.035	27.7
XP_008202398.1	XP_016771028.2	30.556	36	25	0	123	158	983	1018	0.026	28.5
XP_008202398.1	XP_016771029.2	30.556	36	25	0	123	158	919	954	0.029	28.1
XP_008202398.1	XP_006562311.2	30.556	36	25	0	123	158	1121	1156	0.032	28.1
XP_008202398.1	XP_006562310.2	30.556	36	25	0	123	158	1121	1156	0.032	28.1
XP_008202398.1	XP_006562308.2	30.556	36	25	0	123	158	1319	1354	0.035	27.7
XP_008202567.1	XP_006562308.2	21.212	264	147	11	226	467	271	495	0.003	30.4
XP_008202567.1	XP_006562311.2	21.212	264	147	11	226	467	52	276	0.004	30.4
XP_008202567.1	XP_006562310.2	21.212	264	147	11	226	467	52	276	0.004	30.4
XP_008203091.1	XP_016771028.2	48.000	25	13	0	71	95	71	95	0.029	26.2
XP_008203441.1	XP_016771029.2	30.263	76	46	3	88	162	383	452	0.043	26.6
XP_008203441.1	XP_016771028.2	30.263	76	46	3	88	162	447	516	0.043	26.6
XP_008203441.1	XP_006562311.2	30.263	76	46	3	88	162	585	654	0.043	26.6
XP_008203441.1	XP_006562310.2	30.263	76	46	3	88	162	585	654	0.043	26.6
XP_008203441.1	XP_006562308.2	30.263	76	46	3	88	162	783	852	0.043	26.6
XP_008203829.2	XP_016771028.2	23.684	190	129	5	226	409	1401	1580	0.003	30.0
XP_008203829.2	XP_006562308.2	25.225	222	133	9	196	409	1720	1916	0.006	28.9
XP_008203829.2	XP_006562311.2	25.225	222	133	9	196	409	1522	1718	0.011	28.5
XP_008203829.2	XP_006562310.2	25.225	222	133	9	196	409	1522	1718	0.011	28.5
XP_008203829.2	XP_016771029.2	25.225	222	133	9	196	409	1320	1516	0.040	26.6
XP_008204177.2	XP_016771021.1	30.303	33	23	0	26	58	27	59	0.050	25.4
XP_008204177.2	XP_016771020.1	30.303	33	23	0	26	58	27	59	0.050	25.4
XP_008204871.1	XP_006562311.2	36.585	41	25	1	4	43	1176	1216	0.011	26.2
XP_008204871.1	XP_006562310.2	36.585	41	25	1	4	43	1176	1216	0.011	26.2
XP_008204871.1	XP_006562308.2	36.585	41	25	1	4	43	1374	1414	0.012	25.8
XP_008204871.1	XP_016771028.2	36.585	41	25	1	4	43	1038	1078	0.013	25.8
XP_008204871.1	XP_016771029.2	36.585	41	25	1	4	43	974	1014	0.013	25.8
XP_008204964.1	XP_006562311.2	26.316	38	22	1	109	140	614	651	0.031	27.3
XP_008204964.1	XP_006562310.2	26.316	38	22	1	109	140	614	651	0.031	27.3
XP_008204964.1	XP_006562308.2	26.316	38	22	1	109	140	812	849	0.033	27.3
XP_008205768.1	XP_016771021.1	28.070	57	39	1	57	113	584	638	0.022	25.0
XP_008205768.1	XP_016771020.1	28.070	57	39	1	57	113	584	638	0.022	25.0
XP_008206800.1	XP_016771028.2	32.609	46	31	0	224	269	1067	1112	0.020	27.7
XP_008206800.1	XP_016771029.2	32.609	46	31	0	224	269	1003	1048	0.021	27.7
XP_008207308.1	XP_006562308.2	26.036	169	106	5	58	214	282	443	9.64e-07	41.2
XP_008207308.1	XP_006562311.2	26.036	169	106	5	58	214	63	224	1.07e-06	41.2
XP_008207308.1	XP_006562310.2	26.036	169	106	5	58	214	63	224	1.07e-06	41.2
XP_008207690.1	XP_016771021.1	36.327	490	297	9	168	649	20	502	3.27e-113	351
XP_008207690.1	XP_016771020.1	36.327	490	297	9	168	649	20	502	3.27e-113	351
XP_008207961.1	XP_016771028.2	35.417	48	26	1	48	90	999	1046	0.012	28.1
XP_008207961.1	XP_016771029.2	35.417	48	26	1	48	90	935	982	0.013	27.7
XP_008207961.1	XP_006562308.2	35.417	48	26	1	48	90	1335	1382	0.016	27.7
XP_008207961.1	XP_006562311.2	35.417	48	26	1	48	90	1137	1184	0.016	27.7
XP_008207961.1	XP_006562310.2	35.417	48	26	1	48	90	1137	1184	0.016	27.7
XP_008208165.1	XP_006562308.2	48.412	2425	884	88	1	2220	1	2263	0.0	1709
XP_008208165.1	XP_006562311.2	49.653	2159	776	80	249	2220	31	2065	0.0	1569
XP_008208165.1	XP_006562310.2	49.653	2159	776	80	249	2220	31	2065	0.0	1569
XP_008208165.1	XP_016771029.2	43.954	1902	757	80	507	2220	83	1863	0.0	1026
XP_008208165.1	XP_016771028.2	43.033	1866	755	79	542	2220	183	1927	0.0	961
XP_008208253.2	XP_016771021.1	33.333	39	25	1	175	213	621	658	0.034	25.8
XP_008208253.2	XP_016771020.1	33.333	39	25	1	175	213	621	658	0.034	25.8
XP_008208750.1	XP_006562308.2	20.879	182	113	4	194	359	347	513	1.41e-05	37.7
XP_008208750.1	XP_006562311.2	20.879	182	113	4	194	359	128	294	2.10e-05	37.0
XP_008208750.1	XP_006562310.2	20.879	182	113	4	194	359	128	294	2.10e-05	37.0
XP_008208873.1	XP_006562308.2	40.426	47	28	0	48	94	914	960	0.041	27.3
XP_008208973.1	XP_006562308.2	27.326	172	108	3	477	631	342	513	6.90e-13	62.8
XP_008208973.1	XP_006562311.2	27.326	172	108	3	477	631	123	294	1.07e-12	62.4
XP_008208973.1	XP_006562310.2	27.326	172	108	3	477	631	123	294	1.07e-12	62.4
XP_008209365.1	XP_006562308.2	26.471	238	137	8	483	690	283	512	1.39e-18	82.0
XP_008209365.1	XP_006562311.2	26.471	238	137	8	483	690	64	293	1.54e-18	82.0
XP_008209365.1	XP_006562310.2	26.471	238	137	8	483	690	64	293	1.54e-18	82.0
XP_008209671.2	XP_006562308.2	25.714	70	49	1	661	727	1861	1930	0.026	28.9
XP_008209671.2	XP_006562311.2	25.714	70	49	1	661	727	1663	1732	0.029	28.5
XP_008209671.2	XP_006562310.2	25.714	70	49	1	661	727	1663	1732	0.029	28.5
XP_008209671.2	XP_016771028.2	25.714	70	49	1	661	727	1525	1594	0.045	28.1
XP_008209671.2	XP_016771029.2	25.714	70	49	1	661	727	1461	1530	0.048	28.1
XP_008209906.1	XP_016771029.2	36.842	38	21	1	132	166	709	746	0.025	27.7
XP_008209906.1	XP_016771028.2	32.812	64	29	2	137	199	781	831	0.050	26.9
XP_008210148.1	XP_006562308.2	24.896	241	147	9	163	375	269	503	2.34e-12	61.2
XP_008210148.1	XP_006562311.2	24.896	241	147	9	163	375	50	284	3.44e-12	60.8
XP_008210148.1	XP_006562310.2	24.896	241	147	9	163	375	50	284	3.44e-12	60.8
XP_008210149.1	XP_006562308.2	24.896	241	147	9	163	375	269	503	2.13e-12	61.2
XP_008210149.1	XP_006562311.2	24.896	241	147	9	163	375	50	284	4.18e-12	60.5
XP_008210149.1	XP_006562310.2	24.896	241	147	9	163	375	50	284	4.18e-12	60.5
XP_008210151.1	XP_006562308.2	24.896	241	147	9	154	366	269	503	1.98e-12	61.6
XP_008210151.1	XP_006562311.2	24.896	241	147	9	154	366	50	284	3.51e-12	60.5
XP_008210151.1	XP_006562310.2	24.896	241	147	9	154	366	50	284	3.51e-12	60.5
XP_008210152.1	XP_006562308.2	24.896	241	147	9	163	375	269	503	1.62e-12	61.6
XP_008210152.1	XP_006562311.2	24.896	241	147	9	163	375	50	284	2.27e-12	61.2
XP_008210152.1	XP_006562310.2	24.896	241	147	9	163	375	50	284	2.27e-12	61.2
XP_008210153.1	XP_006562308.2	24.896	241	147	9	163	375	269	503	2.25e-12	61.2
XP_008210153.1	XP_006562311.2	24.896	241	147	9	163	375	50	284	3.79e-12	60.5
XP_008210153.1	XP_006562310.2	24.896	241	147	9	163	375	50	284	3.79e-12	60.5
XP_008210154.1	XP_006562308.2	24.896	241	147	9	163	375	269	503	2.43e-12	61.2
XP_008210154.1	XP_006562311.2	24.896	241	147	9	163	375	50	284	3.54e-12	60.5
XP_008210154.1	XP_006562310.2	24.896	241	147	9	163	375	50	284	3.54e-12	60.5
XP_008210155.1	XP_006562308.2	24.896	241	147	9	154	366	269	503	1.56e-12	61.6
XP_008210155.1	XP_006562311.2	24.896	241	147	9	154	366	50	284	2.27e-12	61.2
XP_008210155.1	XP_006562310.2	24.896	241	147	9	154	366	50	284	2.27e-12	61.2
XP_008210347.1	XP_016771021.1	33.333	48	28	2	105	149	187	233	0.020	26.6
XP_008210347.1	XP_016771020.1	33.333	48	28	2	105	149	187	233	0.020	26.6
XP_008212272.2	XP_006562308.2	30.769	52	30	2	171	216	17	68	0.017	26.6
XP_008212411.1	XP_006562308.2	33.632	223	123	8	66	265	283	503	2.71e-30	112
XP_008212411.1	XP_006562311.2	33.632	223	123	8	66	265	64	284	4.20e-30	112
XP_008212411.1	XP_006562310.2	33.632	223	123	8	66	265	64	284	4.20e-30	112
XP_008213618.1	XP_006562308.2	34.884	43	28	0	99	141	48	90	0.029	27.3
XP_008215148.1	XP_006562308.2	27.106	273	171	6	84	331	275	544	1.31e-19	81.6
XP_008215148.1	XP_006562311.2	26.007	273	174	5	84	331	56	325	6.32e-19	79.3
XP_008215148.1	XP_006562310.2	26.007	273	174	5	84	331	56	325	6.32e-19	79.3
XP_008215505.1	XP_016771029.2	22.321	112	74	3	1081	1192	549	647	0.001	33.9
XP_008215505.1	XP_016771028.2	22.321	112	74	3	1081	1192	613	711	0.001	33.9
XP_008215505.1	XP_006562311.2	22.321	112	74	3	1081	1192	751	849	0.001	33.5
XP_008215505.1	XP_006562310.2	22.321	112	74	3	1081	1192	751	849	0.001	33.5
XP_008215505.1	XP_006562308.2	23.810	105	67	3	1081	1185	949	1040	0.002	33.1
XP_008215620.1	XP_016771021.1	30.769	65	40	1	62	121	91	155	0.025	26.9
XP_008215620.1	XP_016771020.1	30.769	65	40	1	62	121	91	155	0.025	26.9
XP_008215622.1	XP_016771021.1	30.769	65	40	1	62	121	91	155	0.025	26.9
XP_008215622.1	XP_016771020.1	30.769	65	40	1	62	121	91	155	0.025	26.9
XP_008216275.1	XP_006562308.2	28.986	69	46	1	209	274	694	762	0.011	27.7
XP_008216275.1	XP_006562311.2	28.986	69	46	1	209	274	496	564	0.012	27.3
XP_008216275.1	XP_006562310.2	28.986	69	46	1	209	274	496	564	0.012	27.3
XP_008216275.1	XP_016771028.2	28.986	69	46	1	209	274	358	426	0.015	26.9
XP_008216275.1	XP_016771029.2	28.986	69	46	1	209	274	294	362	0.017	26.9
XP_008216328.1	XP_006562308.2	33.333	42	28	0	1150	1191	618	659	0.003	32.3
XP_008216331.1	XP_006562308.2	33.333	42	28	0	1143	1184	618	659	0.003	32.3
XP_008216334.1	XP_006562308.2	33.333	42	28	0	1026	1067	618	659	0.002	32.3
XP_008216356.1	XP_006562308.2	26.667	30	22	0	40	69	812	841	0.043	22.3
XP_008216356.1	XP_006562311.2	26.667	30	22	0	40	69	614	643	0.045	22.3
XP_008216356.1	XP_006562310.2	26.667	30	22	0	40	69	614	643	0.045	22.3
XP_008216635.1	XP_006562308.2	46.875	32	17	0	76	107	1281	1312	0.043	26.9
XP_008216635.1	XP_016771028.2	46.875	32	17	0	76	107	945	976	0.047	26.9
XP_008216642.1	XP_006562308.2	46.875	32	17	0	76	107	1281	1312	0.043	26.9
XP_008216642.1	XP_016771028.2	46.875	32	17	0	76	107	945	976	0.047	26.9
XP_008216662.1	XP_006562308.2	46.875	32	17	0	76	107	1281	1312	0.037	26.9
XP_008216662.1	XP_016771028.2	46.875	32	17	0	76	107	945	976	0.039	26.9
XP_008216662.1	XP_006562311.2	46.875	32	17	0	76	107	1083	1114	0.045	26.9
XP_008216662.1	XP_006562310.2	46.875	32	17	0	76	107	1083	1114	0.045	26.9
XP_008216662.1	XP_016771029.2	46.875	32	17	0	76	107	881	912	0.046	26.9
XP_008217166.1	XP_016771028.2	43.590	39	18	1	101	135	160	198	0.049	26.6
XP_008217167.1	XP_016771028.2	43.590	39	18	1	78	112	160	198	0.047	26.6
XP_008217203.1	XP_006562311.2	35.294	34	22	0	44	77	1188	1221	0.040	23.9
XP_008217203.1	XP_006562310.2	35.294	34	22	0	44	77	1188	1221	0.040	23.9
XP_008217203.1	XP_016771028.2	35.294	34	22	0	44	77	1050	1083	0.042	23.9
XP_008217203.1	XP_016771029.2	35.294	34	22	0	44	77	986	1019	0.043	23.9
XP_008217203.1	XP_006562308.2	35.294	34	22	0	44	77	1386	1419	0.044	23.9
XP_008217336.1	XP_006562308.2	28.889	90	51	3	23	110	1977	2055	0.002	27.7
XP_008217336.1	XP_006562311.2	28.889	90	51	3	23	110	1779	1857	0.003	27.7
XP_008217336.1	XP_006562310.2	28.889	90	51	3	23	110	1779	1857	0.003	27.7
XP_008217336.1	XP_016771029.2	28.889	90	51	3	23	110	1577	1655	0.004	27.3
XP_008217336.1	XP_016771028.2	28.889	90	51	3	23	110	1641	1719	0.004	27.3
XP_008217345.1	XP_006562308.2	28.889	90	51	3	23	110	1977	2055	0.002	27.7
XP_008217345.1	XP_006562311.2	28.889	90	51	3	23	110	1779	1857	0.003	27.7
XP_008217345.1	XP_006562310.2	28.889	90	51	3	23	110	1779	1857	0.003	27.7
XP_008217345.1	XP_016771029.2	28.889	90	51	3	23	110	1577	1655	0.004	27.3
XP_008217345.1	XP_016771028.2	28.889	90	51	3	23	110	1641	1719	0.004	27.3
XP_008217712.1	XP_006562311.2	38.298	47	22	2	59	104	1326	1366	0.002	29.3
XP_008217712.1	XP_006562310.2	38.298	47	22	2	59	104	1326	1366	0.002	29.3
XP_008217712.1	XP_006562308.2	38.298	47	22	2	59	104	1524	1564	0.002	29.3
XP_008217712.1	XP_016771029.2	38.298	47	22	2	59	104	1124	1164	0.002	28.9
XP_008217712.1	XP_016771028.2	38.298	47	22	2	59	104	1188	1228	0.002	28.9
XP_016836493.1	NP_001011611.2	31.034	29	18	1	340	368	4	30	0.041	23.9
XP_016836495.1	NP_001011611.2	31.034	29	18	1	249	277	4	30	0.033	23.9
XP_016836669.1	XP_016771029.2	22.321	112	74	3	1081	1192	549	647	0.001	33.9
XP_016836669.1	XP_016771028.2	22.321	112	74	3	1081	1192	613	711	0.001	33.9
XP_016836669.1	XP_006562311.2	22.321	112	74	3	1081	1192	751	849	0.001	33.5
XP_016836669.1	XP_006562310.2	22.321	112	74	3	1081	1192	751	849	0.001	33.5
XP_016836669.1	XP_006562308.2	23.810	105	67	3	1081	1185	949	1040	0.002	33.1
XP_016836892.2	XP_006562308.2	30.769	52	30	2	171	216	17	68	0.017	26.6
XP_016836893.2	XP_006562308.2	30.769	52	30	2	171	216	17	68	0.017	26.6
XP_016836894.2	XP_006562308.2	30.769	52	30	2	171	216	17	68	0.017	26.6
XP_016836896.2	XP_006562308.2	30.769	52	30	2	166	211	17	68	0.018	26.2
XP_016836904.1	NP_001011612.1	44.000	25	14	0	1	25	2	26	0.014	25.0
XP_016837156.1	XP_006562308.2	27.778	234	137	10	550	756	275	503	2.23e-17	78.2
XP_016837156.1	XP_006562311.2	27.778	234	137	10	550	756	56	284	2.49e-17	77.8
XP_016837156.1	XP_006562310.2	27.778	234	137	10	550	756	56	284	2.49e-17	77.8
XP_016837160.1	XP_006562308.2	26.471	238	137	8	483	690	283	512	1.32e-18	82.4
XP_016837160.1	XP_006562311.2	26.471	238	137	8	483	690	64	293	1.54e-18	82.0
XP_016837160.1	XP_006562310.2	26.471	238	137	8	483	690	64	293	1.54e-18	82.0
XP_016837216.1	XP_006562308.2	25.714	70	49	1	661	727	1861	1930	0.027	28.9
XP_016837216.1	XP_006562311.2	25.714	70	49	1	661	727	1663	1732	0.029	28.9
XP_016837216.1	XP_006562310.2	25.714	70	49	1	661	727	1663	1732	0.029	28.9
XP_016837216.1	XP_016771028.2	25.714	70	49	1	661	727	1525	1594	0.045	28.1
XP_016837216.1	XP_016771029.2	25.714	70	49	1	661	727	1461	1530	0.048	28.1
XP_016837222.1	XP_006562308.2	32.558	43	23	1	9	51	174	210	0.019	27.3
XP_016837574.1	XP_016771028.2	30.435	69	33	2	265	318	513	581	0.017	27.7
XP_016837574.1	XP_016771029.2	30.435	69	33	2	265	318	449	517	0.019	27.3
XP_016837574.1	XP_006562308.2	30.435	69	33	2	265	318	849	917	0.019	27.3
XP_016837574.1	XP_006562311.2	30.435	69	33	2	265	318	651	719	0.020	27.3
XP_016837574.1	XP_006562310.2	30.435	69	33	2	265	318	651	719	0.020	27.3
XP_016837580.1	XP_016771029.2	23.881	67	42	2	167	225	1500	1565	0.018	27.3
XP_016837580.1	XP_006562311.2	23.881	67	42	2	167	225	1702	1767	0.019	26.9
XP_016837580.1	XP_006562310.2	23.881	67	42	2	167	225	1702	1767	0.019	26.9
XP_016837580.1	XP_016771028.2	23.881	67	42	2	167	225	1564	1629	0.020	26.9
XP_016837580.1	XP_006562308.2	23.881	67	42	2	167	225	1900	1965	0.023	26.9
XP_016837842.1	XP_006562311.2	28.571	70	47	1	305	371	439	508	0.049	26.9
XP_016837842.1	XP_006562310.2	28.571	70	47	1	305	371	439	508	0.049	26.9
XP_016837843.1	XP_006562311.2	28.235	85	56	2	259	338	424	508	0.045	26.9
XP_016837843.1	XP_006562310.2	28.235	85	56	2	259	338	424	508	0.045	26.9
XP_016837844.1	XP_006562311.2	28.235	85	56	2	208	287	424	508	0.040	26.9
XP_016837844.1	XP_006562310.2	28.235	85	56	2	208	287	424	508	0.040	26.9
XP_016837933.1	XP_006562308.2	33.333	42	28	0	1149	1190	618	659	0.003	32.3
XP_016838127.1	XP_006562308.2	31.429	35	24	0	185	219	463	497	0.013	28.9
XP_016838127.1	XP_006562311.2	31.429	35	24	0	185	219	244	278	0.016	28.5
XP_016838127.1	XP_006562310.2	31.429	35	24	0	185	219	244	278	0.016	28.5
XP_016838618.1	XP_006562311.2	26.316	38	22	1	109	140	614	651	0.031	27.3
XP_016838618.1	XP_006562310.2	26.316	38	22	1	109	140	614	651	0.031	27.3
XP_016838618.1	XP_006562308.2	26.316	38	22	1	109	140	812	849	0.033	27.3
XP_016839147.2	XP_006562308.2	26.437	87	56	2	525	603	750	836	0.030	28.5
XP_016839147.2	XP_016771028.2	26.437	87	56	2	525	603	414	500	0.038	28.1
XP_016839147.2	XP_006562311.2	26.437	87	56	2	525	603	552	638	0.039	28.1
XP_016839147.2	XP_006562310.2	26.437	87	56	2	525	603	552	638	0.039	28.1
XP_016839147.2	XP_016771029.2	26.437	87	56	2	525	603	350	436	0.047	27.7
XP_016839631.1	XP_006562308.2	24.138	174	106	7	528	682	347	513	2.74e-08	47.8
XP_016839631.1	XP_006562311.2	25.000	164	97	7	528	672	128	284	3.06e-08	47.4
XP_016839631.1	XP_006562310.2	25.000	164	97	7	528	672	128	284	3.06e-08	47.4
XP_016839632.1	XP_006562308.2	24.138	174	106	7	527	681	347	513	2.71e-08	47.8
XP_016839632.1	XP_006562311.2	24.138	174	106	7	527	681	128	294	3.14e-08	47.4
XP_016839632.1	XP_006562310.2	24.138	174	106	7	527	681	128	294	3.14e-08	47.4
XP_016840212.1	XP_016771021.1	33.333	48	28	2	105	149	187	233	0.020	26.6
XP_016840212.1	XP_016771020.1	33.333	48	28	2	105	149	187	233	0.020	26.6
XP_016840213.1	XP_016771021.1	33.333	48	28	2	105	149	187	233	0.020	26.6
XP_016840213.1	XP_016771020.1	33.333	48	28	2	105	149	187	233	0.020	26.6
XP_016841225.2	XP_006562308.2	30.000	50	34	1	127	176	264	312	0.041	25.0
XP_016841225.2	XP_006562311.2	30.000	50	34	1	127	176	45	93	0.042	25.0
XP_016841225.2	XP_006562310.2	30.000	50	34	1	127	176	45	93	0.042	25.0
XP_016842448.1	XP_016771028.2	28.571	77	50	2	129	202	427	501	0.028	27.7
XP_016842448.1	XP_016771029.2	28.571	77	50	2	129	202	363	437	0.029	27.7
XP_016842448.1	XP_006562311.2	28.571	77	50	2	129	202	565	639	0.030	27.3
XP_016842448.1	XP_006562310.2	28.571	77	50	2	129	202	565	639	0.030	27.3
XP_016842448.1	XP_006562308.2	28.571	77	50	2	129	202	763	837	0.040	26.9
XP_016842557.1	XP_016771021.1	30.508	59	32	1	65	123	402	451	0.001	29.3
XP_016842557.1	XP_016771020.1	30.508	59	32	1	65	123	402	451	0.001	29.3
XP_016842753.2	XP_016771029.2	28.846	104	60	4	19	109	18	120	0.040	28.1
XP_016842908.1	XP_016771029.2	29.091	55	35	1	41	95	1407	1457	0.016	26.2
XP_016842908.1	XP_016771028.2	29.091	55	35	1	41	95	1471	1521	0.016	26.2
XP_016842908.1	XP_006562311.2	29.091	55	35	1	41	95	1609	1659	0.016	26.2
XP_016842908.1	XP_006562310.2	29.091	55	35	1	41	95	1609	1659	0.016	26.2
XP_016842908.1	XP_006562308.2	29.091	55	35	1	41	95	1807	1857	0.016	26.2
XP_016842909.1	XP_016771029.2	29.091	55	35	1	41	95	1407	1457	0.012	26.2
XP_016842909.1	XP_016771028.2	29.091	55	35	1	41	95	1471	1521	0.012	26.2
XP_016842909.1	XP_006562311.2	29.091	55	35	1	41	95	1609	1659	0.012	26.2
XP_016842909.1	XP_006562310.2	29.091	55	35	1	41	95	1609	1659	0.012	26.2
XP_016842909.1	XP_006562308.2	29.091	55	35	1	41	95	1807	1857	0.013	26.2
XP_016843075.1	XP_006562311.2	25.882	85	50	3	701	772	1626	1710	0.050	28.1
XP_016843075.1	XP_006562310.2	25.882	85	50	3	701	772	1626	1710	0.050	28.1
XP_016843259.1	XP_006562308.2	23.529	119	78	3	179	288	772	886	0.022	26.6
XP_016843259.1	XP_016771028.2	23.529	119	78	3	179	288	436	550	0.024	26.6
XP_016843259.1	XP_006562311.2	23.529	119	78	3	179	288	574	688	0.025	26.6
XP_016843259.1	XP_006562310.2	23.529	119	78	3	179	288	574	688	0.025	26.6
XP_016843259.1	XP_016771029.2	23.529	119	78	3	179	288	372	486	0.027	26.6
XP_016843564.1	XP_006562308.2	28.571	84	57	1	419	499	712	795	0.005	30.4
XP_016843564.1	XP_006562311.2	28.571	84	57	1	419	499	514	597	0.006	30.0
XP_016843564.1	XP_006562310.2	28.571	84	57	1	419	499	514	597	0.006	30.0
XP_016843564.1	XP_016771028.2	30.556	72	47	1	431	499	388	459	0.008	29.6
XP_016843564.1	XP_016771029.2	30.556	72	47	1	431	499	324	395	0.009	29.6
XP_016843855.1	XP_016771028.2	24.359	78	53	3	487	561	135	209	0.030	27.3
XP_016843909.1	XP_006562308.2	24.896	241	147	9	163	375	269	503	1.61e-12	61.6
XP_016843909.1	XP_006562311.2	24.896	241	147	9	163	375	50	284	2.30e-12	61.2
XP_016843909.1	XP_006562310.2	24.896	241	147	9	163	375	50	284	2.30e-12	61.2
XP_016844597.1	XP_016771028.2	24.183	153	108	7	307	454	655	804	0.004	30.4
XP_016844597.1	XP_006562308.2	24.183	153	108	7	307	454	991	1140	0.005	30.0
XP_016844597.1	XP_016771029.2	24.183	153	108	7	307	454	591	740	0.005	30.0
XP_016844597.1	XP_006562311.2	24.183	153	108	7	307	454	793	942	0.007	29.6
XP_016844597.1	XP_006562310.2	24.183	153	108	7	307	454	793	942	0.007	29.6
XP_016844736.1	XP_006562311.2	35.294	34	22	0	44	77	1188	1221	0.040	23.9
XP_016844736.1	XP_006562310.2	35.294	34	22	0	44	77	1188	1221	0.040	23.9
XP_016844736.1	XP_016771028.2	35.294	34	22	0	44	77	1050	1083	0.042	23.9
XP_016844736.1	XP_016771029.2	35.294	34	22	0	44	77	986	1019	0.043	23.9
XP_016844736.1	XP_006562308.2	35.294	34	22	0	44	77	1386	1419	0.044	23.9
XP_016844756.1	XP_006562308.2	28.682	129	78	4	148	273	2041	2158	0.042	28.1
XP_016845094.1	XP_016771021.1	29.688	64	42	2	199	262	398	458	0.029	26.6
XP_016845094.1	XP_016771020.1	29.688	64	42	2	199	262	398	458	0.029	26.6
XP_016845117.1	XP_016771021.1	29.508	61	25	2	6	66	1	43	0.024	25.0
XP_016845117.1	XP_016771020.1	29.508	61	25	2	6	66	1	43	0.024	25.0
XP_016845591.1	XP_006562311.2	26.923	52	31	1	1	52	213	257	0.007	26.2
XP_016845591.1	XP_006562310.2	26.923	52	31	1	1	52	213	257	0.007	26.2
XP_016845591.1	XP_006562308.2	26.923	52	31	1	1	52	432	476	0.007	26.2
XP_016845592.1	XP_006562311.2	26.923	52	31	1	1	52	213	257	0.007	26.2
XP_016845592.1	XP_006562310.2	26.923	52	31	1	1	52	213	257	0.007	26.2
XP_016845592.1	XP_006562308.2	26.923	52	31	1	1	52	432	476	0.007	26.2
XP_016845612.1	XP_016771021.1	68.421	665	197	5	4	660	1	660	0.0	961
XP_016845612.1	XP_016771020.1	68.421	665	197	5	4	660	1	660	0.0	961
XP_016845632.1	XP_016771021.1	30.000	50	35	0	22	71	33	82	0.043	26.2
XP_016845632.1	XP_016771020.1	30.000	50	35	0	22	71	33	82	0.043	26.2
XP_016845650.1	XP_006562308.2	48.412	2425	884	88	1	2220	1	2263	0.0	1709
XP_016845650.1	XP_006562311.2	49.653	2159	776	80	249	2220	31	2065	0.0	1569
XP_016845650.1	XP_006562310.2	49.653	2159	776	80	249	2220	31	2065	0.0	1569
XP_016845650.1	XP_016771029.2	43.954	1902	757	80	507	2220	83	1863	0.0	1026
XP_016845650.1	XP_016771028.2	43.033	1866	755	79	542	2220	183	1927	0.0	961
XP_016845651.1	XP_006562311.2	49.653	2159	776	80	31	2002	31	2065	0.0	1573
XP_016845651.1	XP_006562310.2	49.653	2159	776	80	31	2002	31	2065	0.0	1573
XP_016845651.1	XP_006562308.2	48.865	2159	772	80	31	2002	250	2263	0.0	1524
XP_016845651.1	XP_016771029.2	43.954	1902	757	80	289	2002	83	1863	0.0	1028
XP_016845651.1	XP_016771028.2	43.033	1866	755	79	324	2002	183	1927	0.0	962
XP_016845652.1	XP_006562311.2	49.817	2190	787	81	1	2003	1	2065	0.0	1589
XP_016845652.1	XP_006562310.2	49.817	2190	787	81	1	2003	1	2065	0.0	1589
XP_016845652.1	XP_006562308.2	48.865	2159	772	80	32	2003	250	2263	0.0	1527
XP_016845652.1	XP_016771029.2	43.901	1902	758	80	290	2003	83	1863	0.0	1027
XP_016845652.1	XP_016771028.2	43.033	1866	755	79	325	2003	183	1927	0.0	962
XP_016845713.1	XP_006562311.2	40.476	42	23	2	769	809	52	92	0.038	28.1
XP_016845713.1	XP_006562310.2	40.476	42	23	2	769	809	52	92	0.038	28.1
XP_016845713.1	XP_006562308.2	40.476	42	23	2	769	809	271	311	0.041	28.1
XP_016845714.1	XP_006562311.2	40.476	42	23	2	769	809	52	92	0.038	28.1
XP_016845714.1	XP_006562310.2	40.476	42	23	2	769	809	52	92	0.038	28.1
XP_016845714.1	XP_006562308.2	40.476	42	23	2	769	809	271	311	0.041	28.1
XP_031776752.1	XP_016771029.2	41.176	34	19	1	8	40	859	892	0.016	25.4
XP_031776752.1	XP_016771028.2	41.176	34	19	1	8	40	923	956	0.016	25.4
XP_031776752.1	XP_006562311.2	41.176	34	19	1	8	40	1061	1094	0.021	25.0
XP_031776752.1	XP_006562310.2	41.176	34	19	1	8	40	1061	1094	0.021	25.0
XP_031776752.1	XP_006562308.2	41.176	34	19	1	8	40	1259	1292	0.025	24.6
XP_031776781.1	XP_006562308.2	30.769	52	30	2	171	216	17	68	0.019	26.2
XP_031776782.1	XP_006562308.2	30.769	52	30	2	171	216	17	68	0.019	26.2
XP_031776783.1	XP_006562308.2	30.769	52	30	2	166	211	17	68	0.025	25.8
XP_031776826.1	XP_006562308.2	31.818	88	50	3	197	278	158	241	0.026	28.1
XP_031776827.1	XP_006562308.2	31.818	88	50	3	197	278	158	241	0.026	28.1
XP_031776828.1	XP_006562308.2	31.818	88	50	3	197	278	158	241	0.026	28.1
XP_031776900.1	XP_016771028.2	27.660	94	54	3	133	212	95	188	0.002	31.6
XP_031776901.1	XP_016771028.2	27.660	94	54	3	133	212	95	188	0.002	31.6
XP_031776902.1	XP_016771028.2	27.660	94	54	3	133	212	95	188	0.002	31.6
XP_031777053.1	XP_006562308.2	58.333	24	8	1	753	774	165	188	0.042	27.3
XP_031777054.1	XP_006562308.2	58.333	24	8	1	753	774	165	188	0.042	27.3
XP_031777102.1	XP_016771021.1	30.769	65	40	1	62	121	91	155	0.025	26.9
XP_031777102.1	XP_016771020.1	30.769	65	40	1	62	121	91	155	0.025	26.9
XP_031777198.1	XP_016771028.2	27.143	70	50	1	276	345	1366	1434	0.017	27.3
XP_031777206.1	NP_001011612.1	50.000	20	10	0	1039	1058	26	45	0.007	27.3
XP_031777230.1	XP_016771029.2	22.321	112	74	3	1081	1192	549	647	0.001	33.9
XP_031777230.1	XP_016771028.2	22.321	112	74	3	1081	1192	613	711	0.001	33.9
XP_031777230.1	XP_006562311.2	22.321	112	74	3	1081	1192	751	849	0.001	33.5
XP_031777230.1	XP_006562310.2	22.321	112	74	3	1081	1192	751	849	0.001	33.5
XP_031777230.1	XP_006562308.2	23.810	105	67	3	1081	1185	949	1040	0.002	33.1
XP_031777323.1	XP_016771028.2	30.882	68	40	2	594	654	1390	1457	0.003	30.8
XP_031777323.1	XP_016771029.2	30.882	68	40	2	594	654	1326	1393	0.003	30.8
XP_031777323.1	XP_006562311.2	30.882	68	40	2	594	654	1528	1595	0.005	30.0
XP_031777323.1	XP_006562310.2	30.882	68	40	2	594	654	1528	1595	0.005	30.0
XP_031777323.1	XP_006562308.2	30.882	68	40	2	594	654	1726	1793	0.006	30.0
XP_031777324.1	XP_016771028.2	30.882	68	40	2	583	643	1390	1457	0.003	31.2
XP_031777324.1	XP_016771029.2	30.882	68	40	2	583	643	1326	1393	0.003	30.8
XP_031777324.1	XP_006562311.2	30.882	68	40	2	583	643	1528	1595	0.005	30.4
XP_031777324.1	XP_006562310.2	30.882	68	40	2	583	643	1528	1595	0.005	30.4
XP_031777324.1	XP_006562308.2	30.882	68	40	2	583	643	1726	1793	0.005	30.0
XP_031777326.1	XP_016771028.2	30.882	68	40	2	566	626	1390	1457	0.003	31.2
XP_031777326.1	XP_016771029.2	30.882	68	40	2	566	626	1326	1393	0.003	30.8
XP_031777326.1	XP_006562311.2	30.882	68	40	2	566	626	1528	1595	0.004	30.4
XP_031777326.1	XP_006562310.2	30.882	68	40	2	566	626	1528	1595	0.004	30.4
XP_031777326.1	XP_006562308.2	30.882	68	40	2	566	626	1726	1793	0.005	30.0
XP_031777327.1	XP_016771028.2	30.882	68	40	2	558	618	1390	1457	0.003	31.2
XP_031777327.1	XP_016771029.2	30.882	68	40	2	558	618	1326	1393	0.003	30.8
XP_031777327.1	XP_006562311.2	30.882	68	40	2	558	618	1528	1595	0.004	30.4
XP_031777327.1	XP_006562310.2	30.882	68	40	2	558	618	1528	1595	0.004	30.4
XP_031777327.1	XP_006562308.2	30.882	68	40	2	558	618	1726	1793	0.005	30.0
XP_031777329.1	XP_016771028.2	30.882	68	40	2	557	617	1390	1457	0.003	31.2
XP_031777329.1	XP_016771029.2	30.882	68	40	2	557	617	1326	1393	0.003	30.8
XP_031777329.1	XP_006562311.2	30.882	68	40	2	557	617	1528	1595	0.004	30.4
XP_031777329.1	XP_006562310.2	30.882	68	40	2	557	617	1528	1595	0.004	30.4
XP_031777329.1	XP_006562308.2	30.882	68	40	2	557	617	1726	1793	0.005	30.0
XP_031777381.1	XP_016771028.2	41.176	34	19	1	8	40	923	956	0.015	25.4
XP_031777381.1	XP_016771029.2	41.176	34	19	1	8	40	859	892	0.016	25.4
XP_031777381.1	XP_006562311.2	41.176	34	19	1	8	40	1061	1094	0.021	25.0
XP_031777381.1	XP_006562310.2	41.176	34	19	1	8	40	1061	1094	0.021	25.0
XP_031777381.1	XP_006562308.2	41.176	34	19	1	8	40	1259	1292	0.024	24.6
XP_031777391.1	NP_001011612.1	47.059	17	9	0	154	170	17	33	0.014	24.6
XP_031777391.1	XP_016771028.2	35.714	42	25	1	240	281	1647	1686	0.027	26.6
XP_031777391.1	XP_006562311.2	35.714	42	25	1	240	281	1785	1824	0.030	26.2
XP_031777391.1	XP_006562310.2	35.714	42	25	1	240	281	1785	1824	0.030	26.2
XP_031777391.1	XP_006562308.2	35.714	42	25	1	240	281	1983	2022	0.030	26.2
XP_031777391.1	XP_016771029.2	35.714	42	25	1	240	281	1583	1622	0.031	26.2
XP_031777611.1	NP_001011611.2	31.034	29	18	1	409	437	4	30	0.031	24.6
XP_031777613.1	NP_001011611.2	31.034	29	18	1	386	414	4	30	0.024	24.6
XP_031777614.1	NP_001011611.2	31.034	29	18	1	381	409	4	30	0.029	24.6
XP_031777615.1	NP_001011611.2	31.034	29	18	1	358	386	4	30	0.023	24.6
XP_031777621.1	NP_001011611.2	31.034	29	18	1	357	385	4	30	0.042	23.9
XP_031778218.1	XP_006562311.2	26.923	52	31	1	1	52	213	257	0.007	26.2
XP_031778218.1	XP_006562310.2	26.923	52	31	1	1	52	213	257	0.007	26.2
XP_031778218.1	XP_006562308.2	26.923	52	31	1	1	52	432	476	0.007	26.2
XP_031778653.1	XP_006562308.2	27.778	234	137	10	550	756	275	503	2.23e-17	78.2
XP_031778653.1	XP_006562311.2	27.778	234	137	10	550	756	56	284	2.49e-17	77.8
XP_031778653.1	XP_006562310.2	27.778	234	137	10	550	756	56	284	2.49e-17	77.8
XP_031778654.1	XP_006562308.2	27.350	234	138	10	550	756	275	503	3.32e-17	77.0
XP_031778654.1	XP_006562311.2	27.778	234	137	10	550	756	56	284	3.33e-17	77.0
XP_031778654.1	XP_006562310.2	27.778	234	137	10	550	756	56	284	3.33e-17	77.0
XP_031778655.1	XP_006562308.2	27.350	234	138	10	550	756	275	503	3.32e-17	77.0
XP_031778655.1	XP_006562311.2	27.778	234	137	10	550	756	56	284	3.33e-17	77.0
XP_031778655.1	XP_006562310.2	27.778	234	137	10	550	756	56	284	3.33e-17	77.0
XP_031778901.1	XP_006562308.2	46.875	32	17	0	76	107	1281	1312	0.043	26.9
XP_031778901.1	XP_016771028.2	46.875	32	17	0	76	107	945	976	0.046	26.9
XP_031778926.1	XP_006562308.2	33.632	223	123	8	66	265	283	503	2.71e-30	112
XP_031778926.1	XP_006562311.2	33.632	223	123	8	66	265	64	284	4.20e-30	112
XP_031778926.1	XP_006562310.2	33.632	223	123	8	66	265	64	284	4.20e-30	112
XP_031779304.1	XP_006562308.2	26.471	238	137	8	483	690	283	512	1.66e-18	82.0
XP_031779304.1	XP_006562311.2	26.471	238	137	8	483	690	64	293	2.07e-18	81.6
XP_031779304.1	XP_006562310.2	26.471	238	137	8	483	690	64	293	2.07e-18	81.6
XP_031779339.1	XP_006562308.2	29.070	86	53	3	162	240	1642	1726	0.003	30.8
XP_031779339.1	XP_016771028.2	29.070	86	53	3	162	240	1306	1390	0.003	30.8
XP_031779339.1	XP_016771029.2	29.070	86	53	3	162	240	1242	1326	0.003	30.8
XP_031779339.1	XP_006562311.2	29.070	86	53	3	162	240	1444	1528	0.003	30.8
XP_031779339.1	XP_006562310.2	29.070	86	53	3	162	240	1444	1528	0.003	30.8
XP_031779833.1	XP_016771029.2	41.176	34	19	1	8	40	859	892	0.016	25.4
XP_031779833.1	XP_016771028.2	41.176	34	19	1	8	40	923	956	0.016	25.4
XP_031779833.1	XP_006562311.2	41.176	34	19	1	8	40	1061	1094	0.021	25.0
XP_031779833.1	XP_006562310.2	41.176	34	19	1	8	40	1061	1094	0.021	25.0
XP_031779833.1	XP_006562308.2	41.176	34	19	1	8	40	1259	1292	0.025	24.6
XP_031780006.1	XP_006562311.2	28.235	85	56	2	208	287	424	508	0.040	26.9
XP_031780006.1	XP_006562310.2	28.235	85	56	2	208	287	424	508	0.040	26.9
XP_031780251.1	XP_006562311.2	26.316	38	22	1	109	140	614	651	0.031	27.3
XP_031780251.1	XP_006562310.2	26.316	38	22	1	109	140	614	651	0.031	27.3
XP_031780251.1	XP_006562308.2	26.316	38	22	1	109	140	812	849	0.033	27.3
XP_031780303.1	XP_006562308.2	22.973	74	57	0	410	483	1336	1409	0.037	27.7
XP_031780303.1	XP_006562311.2	22.973	74	57	0	410	483	1138	1211	0.038	27.7
XP_031780303.1	XP_006562310.2	22.973	74	57	0	410	483	1138	1211	0.038	27.7
XP_031780303.1	XP_016771029.2	22.973	74	57	0	410	483	936	1009	0.044	27.7
XP_031780304.1	XP_006562308.2	22.973	74	57	0	410	483	1336	1409	0.037	27.7
XP_031780304.1	XP_006562311.2	22.973	74	57	0	410	483	1138	1211	0.038	27.7
XP_031780304.1	XP_006562310.2	22.973	74	57	0	410	483	1138	1211	0.038	27.7
XP_031780304.1	XP_016771029.2	22.973	74	57	0	410	483	936	1009	0.044	27.7
XP_031780434.1	XP_016771021.1	32.468	77	52	0	1734	1810	563	639	0.002	33.5
XP_031780434.1	XP_016771020.1	32.468	77	52	0	1734	1810	563	639	0.002	33.5
XP_031780435.1	XP_016771021.1	32.468	77	52	0	1734	1810	563	639	0.002	33.1
XP_031780435.1	XP_016771020.1	32.468	77	52	0	1734	1810	563	639	0.002	33.1
XP_031780542.1	XP_006562308.2	33.333	42	28	0	1146	1187	618	659	0.003	32.3
XP_031780665.1	XP_006562308.2	31.507	73	35	3	202	274	1478	1535	0.033	26.6
XP_031780665.1	XP_006562311.2	32.353	68	31	3	202	269	1280	1332	0.036	26.6
XP_031780665.1	XP_006562310.2	32.353	68	31	3	202	269	1280	1332	0.036	26.6
XP_031780665.1	XP_016771029.2	30.882	68	33	2	207	274	1082	1135	0.045	26.2
XP_031780665.1	XP_016771028.2	30.882	68	33	2	207	274	1146	1199	0.045	26.2
XP_031780781.1	XP_016771029.2	32.692	52	30	2	217	268	1706	1752	0.004	28.9
XP_031780781.1	XP_016771028.2	32.692	52	30	2	217	268	1770	1816	0.004	28.9
XP_031780781.1	XP_006562311.2	32.692	52	30	2	217	268	1908	1954	0.004	28.9
XP_031780781.1	XP_006562310.2	32.692	52	30	2	217	268	1908	1954	0.004	28.9
XP_031780781.1	XP_006562308.2	32.692	52	30	2	217	268	2106	2152	0.004	28.9
XP_031780786.1	XP_006562308.2	28.986	69	46	1	236	301	694	762	0.008	28.1
XP_031780786.1	XP_006562311.2	28.986	69	46	1	236	301	496	564	0.008	28.1
XP_031780786.1	XP_006562310.2	28.986	69	46	1	236	301	496	564	0.008	28.1
XP_031780786.1	XP_016771028.2	28.986	69	46	1	236	301	358	426	0.011	27.7
XP_031780786.1	XP_016771029.2	28.986	69	46	1	236	301	294	362	0.013	27.3
XP_031780972.1	XP_006562308.2	32.812	64	38	2	90	149	708	770	0.049	25.0
XP_031781056.1	XP_016771029.2	29.091	55	35	1	41	95	1407	1457	0.008	26.2
XP_031781056.1	XP_016771028.2	29.091	55	35	1	41	95	1471	1521	0.008	26.2
XP_031781056.1	XP_006562311.2	29.091	55	35	1	41	95	1609	1659	0.009	25.8
XP_031781056.1	XP_006562310.2	29.091	55	35	1	41	95	1609	1659	0.009	25.8
XP_031781056.1	XP_006562308.2	29.091	55	35	1	41	95	1807	1857	0.009	25.8
XP_031781164.1	XP_016771028.2	41.176	34	19	1	8	40	923	956	0.014	25.4
XP_031781164.1	XP_016771029.2	41.176	34	19	1	8	40	859	892	0.015	25.4
XP_031781164.1	XP_006562311.2	36.957	46	24	2	8	52	1061	1102	0.017	25.0
XP_031781164.1	XP_006562310.2	36.957	46	24	2	8	52	1061	1102	0.017	25.0
XP_031781164.1	XP_006562308.2	36.957	46	24	2	8	52	1259	1300	0.019	25.0
XP_031781225.1	XP_016771021.1	22.826	92	63	4	26	116	112	196	0.010	25.4
XP_031781225.1	XP_016771020.1	22.826	92	63	4	26	116	112	196	0.010	25.4
XP_031781242.1	NP_001011612.1	47.059	17	9	0	159	175	17	33	0.036	23.9
XP_031781242.1	XP_016771028.2	35.714	42	25	1	245	286	1647	1686	0.044	26.2
XP_031781242.1	XP_006562308.2	35.714	42	25	1	245	286	1983	2022	0.047	26.2
XP_031781242.1	XP_006562311.2	35.714	42	25	1	245	286	1785	1824	0.047	26.2
XP_031781242.1	XP_006562310.2	35.714	42	25	1	245	286	1785	1824	0.047	26.2
XP_031781242.1	XP_016771029.2	35.714	42	25	1	245	286	1583	1622	0.049	25.8
XP_031781345.1	XP_006562311.2	50.000	24	12	0	72	95	1855	1878	0.015	25.8
XP_031781345.1	XP_006562310.2	50.000	24	12	0	72	95	1855	1878	0.015	25.8
XP_031781345.1	XP_006562308.2	50.000	24	12	0	72	95	2053	2076	0.015	25.8
XP_031781345.1	XP_016771029.2	50.000	24	12	0	72	95	1653	1676	0.018	25.8
XP_031781345.1	XP_016771028.2	50.000	24	12	0	72	95	1717	1740	0.019	25.4
XP_031781565.1	XP_006562308.2	27.326	172	108	3	477	631	342	513	6.90e-13	62.8
XP_031781565.1	XP_006562311.2	27.326	172	108	3	477	631	123	294	1.07e-12	62.4
XP_031781565.1	XP_006562310.2	27.326	172	108	3	477	631	123	294	1.07e-12	62.4
XP_031781670.1	XP_016771028.2	32.653	49	33	0	1017	1065	369	417	0.024	29.3
XP_031781670.1	XP_006562308.2	32.653	49	33	0	1017	1065	705	753	0.029	29.3
XP_031781670.1	XP_016771029.2	32.653	49	33	0	1017	1065	305	353	0.030	29.3
XP_031781670.1	XP_006562311.2	32.653	49	33	0	1017	1065	507	555	0.031	28.9
XP_031781670.1	XP_006562310.2	32.653	49	33	0	1017	1065	507	555	0.031	28.9
XP_031781671.1	XP_016771028.2	32.653	49	33	0	1017	1065	369	417	0.024	29.3
XP_031781671.1	XP_006562308.2	32.653	49	33	0	1017	1065	705	753	0.029	29.3
XP_031781671.1	XP_016771029.2	32.653	49	33	0	1017	1065	305	353	0.030	29.3
XP_031781671.1	XP_006562311.2	32.653	49	33	0	1017	1065	507	555	0.031	28.9
XP_031781671.1	XP_006562310.2	32.653	49	33	0	1017	1065	507	555	0.031	28.9
XP_031781672.1	XP_016771028.2	32.653	49	33	0	999	1047	369	417	0.025	29.3
XP_031781672.1	XP_006562308.2	32.653	49	33	0	999	1047	705	753	0.027	29.3
XP_031781672.1	XP_016771029.2	32.653	49	33	0	999	1047	305	353	0.029	29.3
XP_031781672.1	XP_006562311.2	32.653	49	33	0	999	1047	507	555	0.032	28.9
XP_031781672.1	XP_006562310.2	32.653	49	33	0	999	1047	507	555	0.032	28.9
XP_031781673.1	XP_016771028.2	32.653	49	33	0	990	1038	369	417	0.026	29.3
XP_031781673.1	XP_006562308.2	32.653	49	33	0	990	1038	705	753	0.029	29.3
XP_031781673.1	XP_016771029.2	32.653	49	33	0	990	1038	305	353	0.031	28.9
XP_031781673.1	XP_006562311.2	32.653	49	33	0	990	1038	507	555	0.032	28.9
XP_031781673.1	XP_006562310.2	32.653	49	33	0	990	1038	507	555	0.032	28.9
XP_031781674.1	XP_016771028.2	32.653	49	33	0	1017	1065	369	417	0.024	29.3
XP_031781674.1	XP_006562308.2	32.653	49	33	0	1017	1065	705	753	0.028	29.3
XP_031781674.1	XP_006562311.2	32.653	49	33	0	1017	1065	507	555	0.030	28.9
XP_031781674.1	XP_006562310.2	32.653	49	33	0	1017	1065	507	555	0.030	28.9
XP_031781674.1	XP_016771029.2	32.653	49	33	0	1017	1065	305	353	0.030	28.9
XP_031781675.1	XP_016771028.2	32.653	49	33	0	973	1021	369	417	0.024	29.3
XP_031781675.1	XP_006562308.2	32.653	49	33	0	973	1021	705	753	0.027	29.3
XP_031781675.1	XP_016771029.2	32.653	49	33	0	973	1021	305	353	0.031	28.9
XP_031781675.1	XP_006562311.2	32.653	49	33	0	973	1021	507	555	0.031	28.9
XP_031781675.1	XP_006562310.2	32.653	49	33	0	973	1021	507	555	0.031	28.9
XP_031781676.1	XP_016771028.2	32.653	49	33	0	969	1017	369	417	0.025	29.3
XP_031781676.1	XP_006562308.2	32.653	49	33	0	969	1017	705	753	0.028	29.3
XP_031781676.1	XP_006562311.2	32.653	49	33	0	969	1017	507	555	0.030	28.9
XP_031781676.1	XP_006562310.2	32.653	49	33	0	969	1017	507	555	0.030	28.9
XP_031781676.1	XP_016771029.2	32.653	49	33	0	969	1017	305	353	0.030	28.9
XP_031781677.1	XP_016771028.2	32.653	49	33	0	969	1017	369	417	0.025	29.3
XP_031781677.1	XP_006562308.2	32.653	49	33	0	969	1017	705	753	0.028	29.3
XP_031781677.1	XP_006562311.2	32.653	49	33	0	969	1017	507	555	0.030	28.9
XP_031781677.1	XP_006562310.2	32.653	49	33	0	969	1017	507	555	0.030	28.9
XP_031781677.1	XP_016771029.2	32.653	49	33	0	969	1017	305	353	0.030	28.9
XP_031781678.1	XP_016771028.2	32.653	49	33	0	960	1008	369	417	0.023	29.3
XP_031781678.1	XP_006562308.2	32.653	49	33	0	960	1008	705	753	0.026	29.3
XP_031781678.1	XP_016771029.2	32.653	49	33	0	960	1008	305	353	0.029	29.3
XP_031781678.1	XP_006562311.2	32.653	49	33	0	960	1008	507	555	0.030	28.9
XP_031781678.1	XP_006562310.2	32.653	49	33	0	960	1008	507	555	0.030	28.9
XP_031781680.1	XP_016771028.2	32.653	49	33	0	1017	1065	369	417	0.024	29.3
XP_031781680.1	XP_006562308.2	32.653	49	33	0	1017	1065	705	753	0.026	29.3
XP_031781680.1	XP_016771029.2	32.653	49	33	0	1017	1065	305	353	0.030	28.9
XP_031781680.1	XP_006562311.2	32.653	49	33	0	1017	1065	507	555	0.030	28.9
XP_031781680.1	XP_006562310.2	32.653	49	33	0	1017	1065	507	555	0.030	28.9
XP_031781681.1	XP_016771028.2	32.653	49	33	0	871	919	369	417	0.023	29.3
XP_031781681.1	XP_006562308.2	32.653	49	33	0	871	919	705	753	0.026	29.3
XP_031781681.1	XP_006562311.2	32.653	49	33	0	871	919	507	555	0.027	29.3
XP_031781681.1	XP_006562310.2	32.653	49	33	0	871	919	507	555	0.027	29.3
XP_031781681.1	XP_016771029.2	32.653	49	33	0	871	919	305	353	0.028	28.9
XP_031781723.1	XP_006562308.2	27.273	99	64	4	37	127	619	717	0.022	27.7
XP_031781725.1	XP_016771021.1	31.250	48	32	1	7	53	499	546	0.037	23.5
XP_031781725.1	XP_016771020.1	31.250	48	32	1	7	53	499	546	0.037	23.5
XP_031781765.1	XP_016771021.1	25.589	297	171	12	34	296	196	476	3.13e-16	70.1
XP_031781765.1	XP_016771020.1	25.589	297	171	12	34	296	196	476	3.13e-16	70.1
XP_031781766.2	XP_016771021.1	25.000	296	176	11	18	281	195	476	3.13e-16	70.1
XP_031781766.2	XP_016771020.1	25.000	296	176	11	18	281	195	476	3.13e-16	70.1
XP_031782077.1	XP_016771021.1	33.333	48	28	2	105	149	187	233	0.020	26.6
XP_031782077.1	XP_016771020.1	33.333	48	28	2	105	149	187	233	0.020	26.6
XP_031782078.1	XP_016771021.1	33.333	48	28	2	105	149	187	233	0.020	26.6
XP_031782078.1	XP_016771020.1	33.333	48	28	2	105	149	187	233	0.020	26.6
XP_031782079.1	XP_016771021.1	33.333	48	28	2	105	149	187	233	0.020	26.6
XP_031782079.1	XP_016771020.1	33.333	48	28	2	105	149	187	233	0.020	26.6
XP_031782203.1	XP_016771021.1	21.782	101	74	2	384	484	125	220	0.036	27.3
XP_031782203.1	XP_016771020.1	21.782	101	74	2	384	484	125	220	0.036	27.3
XP_031782656.1	XP_016771021.1	31.731	104	68	3	762	864	34	135	4.15e-12	60.5
XP_031782656.1	XP_016771020.1	31.731	104	68	3	762	864	34	135	4.15e-12	60.5
XP_031782657.1	XP_016771021.1	31.731	104	68	3	762	864	34	135	4.06e-12	60.8
XP_031782657.1	XP_016771020.1	31.731	104	68	3	762	864	34	135	4.06e-12	60.8
XP_031782667.1	XP_006562308.2	26.437	87	56	2	537	615	750	836	0.031	28.5
XP_031782667.1	XP_016771028.2	26.437	87	56	2	537	615	414	500	0.038	28.1
XP_031782667.1	XP_006562311.2	26.437	87	56	2	537	615	552	638	0.038	28.1
XP_031782667.1	XP_006562310.2	26.437	87	56	2	537	615	552	638	0.038	28.1
XP_031782667.1	XP_016771029.2	26.437	87	56	2	537	615	350	436	0.045	27.7
XP_031782668.1	XP_006562308.2	26.437	87	56	2	525	603	750	836	0.030	28.5
XP_031782668.1	XP_016771028.2	26.437	87	56	2	525	603	414	500	0.037	28.1
XP_031782668.1	XP_006562311.2	26.437	87	56	2	525	603	552	638	0.037	28.1
XP_031782668.1	XP_006562310.2	26.437	87	56	2	525	603	552	638	0.037	28.1
XP_031782668.1	XP_016771029.2	26.437	87	56	2	525	603	350	436	0.046	27.7
XP_031782670.1	XP_006562308.2	26.437	87	56	2	525	603	750	836	0.030	28.5
XP_031782670.1	XP_016771028.2	26.437	87	56	2	525	603	414	500	0.037	28.1
XP_031782670.1	XP_006562311.2	26.437	87	56	2	525	603	552	638	0.037	28.1
XP_031782670.1	XP_006562310.2	26.437	87	56	2	525	603	552	638	0.037	28.1
XP_031782670.1	XP_016771029.2	26.437	87	56	2	525	603	350	436	0.046	27.7
XP_031782671.1	XP_006562308.2	26.437	87	56	2	525	603	750	836	0.030	28.5
XP_031782671.1	XP_016771028.2	26.437	87	56	2	525	603	414	500	0.037	28.1
XP_031782671.1	XP_006562311.2	26.437	87	56	2	525	603	552	638	0.037	28.1
XP_031782671.1	XP_006562310.2	26.437	87	56	2	525	603	552	638	0.037	28.1
XP_031782671.1	XP_016771029.2	26.437	87	56	2	525	603	350	436	0.046	27.7
XP_031783056.1	XP_016771028.2	27.692	65	45	2	76	139	76	139	0.008	27.7
XP_031783087.1	XP_016771029.2	24.561	114	81	4	216	325	1404	1516	5.70e-04	32.7
XP_031783087.1	XP_016771028.2	24.561	114	81	4	216	325	1468	1580	5.71e-04	32.7
XP_031783087.1	XP_006562311.2	24.561	114	81	4	216	325	1606	1718	5.73e-04	32.7
XP_031783087.1	XP_006562310.2	24.561	114	81	4	216	325	1606	1718	5.73e-04	32.7
XP_031783087.1	XP_006562308.2	24.561	114	81	4	216	325	1804	1916	5.76e-04	32.7
XP_031783088.1	XP_016771029.2	24.561	114	81	4	216	325	1404	1516	5.70e-04	32.7
XP_031783088.1	XP_016771028.2	24.561	114	81	4	216	325	1468	1580	5.71e-04	32.7
XP_031783088.1	XP_006562311.2	24.561	114	81	4	216	325	1606	1718	5.73e-04	32.7
XP_031783088.1	XP_006562310.2	24.561	114	81	4	216	325	1606	1718	5.73e-04	32.7
XP_031783088.1	XP_006562308.2	24.561	114	81	4	216	325	1804	1916	5.76e-04	32.7
XP_031783089.1	XP_016771029.2	24.561	114	81	4	216	325	1404	1516	5.68e-04	32.7
XP_031783089.1	XP_016771028.2	24.561	114	81	4	216	325	1468	1580	5.69e-04	32.7
XP_031783089.1	XP_006562311.2	24.561	114	81	4	216	325	1606	1718	5.72e-04	32.7
XP_031783089.1	XP_006562310.2	24.561	114	81	4	216	325	1606	1718	5.72e-04	32.7
XP_031783089.1	XP_006562308.2	24.561	114	81	4	216	325	1804	1916	5.74e-04	32.7
XP_031783091.1	XP_016771029.2	24.561	114	81	4	216	325	1404	1516	5.09e-04	32.7
XP_031783091.1	XP_016771028.2	24.561	114	81	4	216	325	1468	1580	5.10e-04	32.7
XP_031783091.1	XP_006562311.2	24.561	114	81	4	216	325	1606	1718	5.12e-04	32.7
XP_031783091.1	XP_006562310.2	24.561	114	81	4	216	325	1606	1718	5.12e-04	32.7
XP_031783091.1	XP_006562308.2	24.561	114	81	4	216	325	1804	1916	5.15e-04	32.7
XP_031783092.1	XP_016771029.2	24.561	114	81	4	216	325	1404	1516	5.08e-04	32.7
XP_031783092.1	XP_016771028.2	24.561	114	81	4	216	325	1468	1580	5.09e-04	32.7
XP_031783092.1	XP_006562311.2	24.561	114	81	4	216	325	1606	1718	5.11e-04	32.7
XP_031783092.1	XP_006562310.2	24.561	114	81	4	216	325	1606	1718	5.11e-04	32.7
XP_031783092.1	XP_006562308.2	24.561	114	81	4	216	325	1804	1916	5.13e-04	32.7
XP_031783155.1	XP_006562311.2	39.286	28	17	0	208	235	1692	1719	0.044	26.6
XP_031783155.1	XP_006562310.2	39.286	28	17	0	208	235	1692	1719	0.044	26.6
XP_031783155.1	XP_006562308.2	39.286	28	17	0	208	235	1890	1917	0.045	26.6
XP_031783155.1	XP_016771029.2	39.286	28	17	0	208	235	1490	1517	0.050	26.2
XP_031783559.1	XP_006562308.2	24.490	98	62	2	637	734	159	244	0.045	28.1
XP_031784080.1	XP_016771029.2	41.176	34	19	1	8	40	859	892	0.013	25.0
XP_031784080.1	XP_016771028.2	41.176	34	19	1	8	40	923	956	0.013	25.0
XP_031784080.1	XP_006562311.2	41.176	34	19	1	8	40	1061	1094	0.016	24.6
XP_031784080.1	XP_006562310.2	41.176	34	19	1	8	40	1061	1094	0.016	24.6
XP_031784080.1	XP_006562308.2	41.176	34	19	1	8	40	1259	1292	0.019	24.6
XP_031784171.1	XP_016771028.2	34.884	43	19	3	33	67	1193	1234	0.027	26.9
XP_031784171.1	XP_016771029.2	34.884	43	19	3	33	67	1129	1170	0.031	26.9
XP_031784214.1	XP_006562311.2	27.273	77	50	3	428	499	1177	1252	0.016	28.5
XP_031784214.1	XP_006562310.2	27.273	77	50	3	428	499	1177	1252	0.016	28.5
XP_031784214.1	XP_006562308.2	27.273	77	50	3	428	499	1375	1450	0.017	28.1
XP_031784214.1	XP_016771028.2	27.273	77	50	3	428	499	1039	1114	0.018	28.1
XP_031784214.1	XP_016771029.2	27.273	77	50	3	428	499	975	1050	0.020	28.1
XP_031784215.1	XP_006562311.2	27.273	77	50	3	425	496	1177	1252	0.015	28.5
XP_031784215.1	XP_006562310.2	27.273	77	50	3	425	496	1177	1252	0.015	28.5
XP_031784215.1	XP_016771028.2	27.273	77	50	3	425	496	1039	1114	0.017	28.1
XP_031784215.1	XP_006562308.2	27.273	77	50	3	425	496	1375	1450	0.017	28.1
XP_031784215.1	XP_016771029.2	27.273	77	50	3	425	496	975	1050	0.019	28.1
XP_031784216.1	XP_006562311.2	27.273	77	50	3	421	492	1177	1252	0.015	28.5
XP_031784216.1	XP_006562310.2	27.273	77	50	3	421	492	1177	1252	0.015	28.5
XP_031784216.1	XP_016771028.2	27.273	77	50	3	421	492	1039	1114	0.017	28.1
XP_031784216.1	XP_006562308.2	27.273	77	50	3	421	492	1375	1450	0.017	28.1
XP_031784216.1	XP_016771029.2	27.273	77	50	3	421	492	975	1050	0.019	28.1
XP_031784218.1	XP_006562311.2	27.273	77	50	3	387	458	1177	1252	0.015	28.1
XP_031784218.1	XP_006562310.2	27.273	77	50	3	387	458	1177	1252	0.015	28.1
XP_031784218.1	XP_006562308.2	27.273	77	50	3	387	458	1375	1450	0.017	28.1
XP_031784218.1	XP_016771028.2	27.273	77	50	3	387	458	1039	1114	0.019	28.1
XP_031784218.1	XP_016771029.2	27.273	77	50	3	387	458	975	1050	0.020	27.7
XP_031784465.1	XP_016771028.2	33.333	33	22	0	398	430	1094	1126	0.029	26.9
XP_031784465.1	XP_016771029.2	33.333	33	22	0	398	430	1030	1062	0.032	26.9
XP_031784465.1	XP_006562308.2	33.333	33	22	0	398	430	1430	1462	0.039	26.6
XP_031784465.1	XP_006562311.2	33.333	33	22	0	398	430	1232	1264	0.042	26.6
XP_031784465.1	XP_006562310.2	33.333	33	22	0	398	430	1232	1264	0.042	26.6
XP_031784864.1	XP_016771021.1	38.462	39	23	1	618	655	278	316	0.024	28.1
XP_031784864.1	XP_016771020.1	38.462	39	23	1	618	655	278	316	0.024	28.1
XP_031784865.1	XP_016771021.1	38.462	39	23	1	617	654	278	316	0.024	28.1
XP_031784865.1	XP_016771020.1	38.462	39	23	1	617	654	278	316	0.024	28.1
XP_031784866.1	XP_016771021.1	38.462	39	23	1	612	649	278	316	0.025	28.1
XP_031784866.1	XP_016771020.1	38.462	39	23	1	612	649	278	316	0.025	28.1
XP_031784993.1	XP_006562308.2	26.316	38	28	0	176	213	402	439	0.025	26.6
XP_031784993.1	XP_006562311.2	26.316	38	28	0	176	213	183	220	0.027	26.6
XP_031784993.1	XP_006562310.2	26.316	38	28	0	176	213	183	220	0.027	26.6
XP_031785087.1	XP_016771021.1	31.250	32	22	0	30	61	272	303	0.028	26.6
XP_031785087.1	XP_016771020.1	31.250	32	22	0	30	61	272	303	0.028	26.6
XP_031785138.1	XP_006562308.2	28.571	84	57	1	419	499	712	795	0.005	30.4
XP_031785138.1	XP_006562311.2	28.571	84	57	1	419	499	514	597	0.006	30.0
XP_031785138.1	XP_006562310.2	28.571	84	57	1	419	499	514	597	0.006	30.0
XP_031785138.1	XP_016771028.2	30.556	72	47	1	431	499	388	459	0.008	29.6
XP_031785138.1	XP_016771029.2	30.556	72	47	1	431	499	324	395	0.009	29.6
XP_031785146.1	XP_016771028.2	41.176	34	19	1	57	89	923	956	0.030	25.0
XP_031785146.1	XP_016771029.2	41.176	34	19	1	57	89	859	892	0.033	25.0
XP_031785146.1	XP_006562311.2	41.176	34	19	1	57	89	1061	1094	0.034	25.0
XP_031785146.1	XP_006562310.2	41.176	34	19	1	57	89	1061	1094	0.034	25.0
XP_031785146.1	XP_006562308.2	41.176	34	19	1	57	89	1259	1292	0.038	24.6
XP_031785625.1	XP_006562311.2	25.769	260	160	7	93	327	56	307	1.69e-20	86.7
XP_031785625.1	XP_006562310.2	25.769	260	160	7	93	327	56	307	1.69e-20	86.7
XP_031785625.1	XP_006562308.2	25.769	260	160	7	93	327	275	526	2.32e-20	86.3
XP_031785632.1	XP_006562311.2	25.769	260	160	7	93	327	56	307	1.69e-20	86.7
XP_031785632.1	XP_006562310.2	25.769	260	160	7	93	327	56	307	1.69e-20	86.7
XP_031785632.1	XP_006562308.2	25.769	260	160	7	93	327	275	526	2.32e-20	86.3
XP_031785634.1	XP_006562311.2	25.769	260	160	7	93	327	56	307	1.69e-20	86.7
XP_031785634.1	XP_006562310.2	25.769	260	160	7	93	327	56	307	1.69e-20	86.7
XP_031785634.1	XP_006562308.2	25.769	260	160	7	93	327	275	526	2.32e-20	86.3
XP_031785636.1	XP_006562311.2	25.769	260	160	7	93	327	56	307	2.51e-20	85.5
XP_031785636.1	XP_006562310.2	25.769	260	160	7	93	327	56	307	2.51e-20	85.5
XP_031785636.1	XP_006562308.2	25.769	260	160	7	93	327	275	526	2.78e-20	85.5
XP_031785703.1	XP_006562308.2	27.106	273	171	6	84	331	275	544	1.31e-19	81.6
XP_031785703.1	XP_006562311.2	26.007	273	174	5	84	331	56	325	6.32e-19	79.3
XP_031785703.1	XP_006562310.2	26.007	273	174	5	84	331	56	325	6.32e-19	79.3
XP_031785889.1	XP_006562308.2	48.412	2425	884	88	1	2220	1	2263	0.0	1709
XP_031785889.1	XP_006562311.2	49.653	2159	776	80	249	2220	31	2065	0.0	1569
XP_031785889.1	XP_006562310.2	49.653	2159	776	80	249	2220	31	2065	0.0	1569
XP_031785889.1	XP_016771029.2	43.954	1902	757	80	507	2220	83	1863	0.0	1026
XP_031785889.1	XP_016771028.2	43.033	1866	755	79	542	2220	183	1927	0.0	961
XP_031786873.1	XP_006562308.2	26.543	162	100	5	29	178	289	443	2.06e-06	40.0
XP_031786873.1	XP_006562311.2	26.543	162	100	5	29	178	70	224	2.57e-06	39.7
XP_031786873.1	XP_006562310.2	26.543	162	100	5	29	178	70	224	2.57e-06	39.7
XP_031786929.1	XP_016771028.2	38.235	34	20	1	8	40	923	956	0.044	23.9
XP_031786929.1	XP_016771029.2	38.235	34	20	1	8	40	859	892	0.044	23.9
XP_031787412.1	XP_016771021.1	22.472	178	117	8	291	465	31	190	0.009	29.3
XP_031787412.1	XP_016771020.1	22.472	178	117	8	291	465	31	190	0.009	29.3
XP_031787522.1	XP_016771028.2	34.211	38	25	0	7	44	52	89	0.039	26.2
XP_031787553.1	XP_016771029.2	28.571	77	50	2	129	202	363	437	0.047	27.3
XP_031787554.1	XP_016771028.2	30.137	73	46	2	129	198	427	497	0.048	27.3
XP_031787554.1	XP_016771029.2	28.571	77	50	2	129	202	363	437	0.050	27.3
XP_031788109.1	XP_006562308.2	28.682	129	78	4	148	273	2041	2158	0.026	28.5
XP_031788109.1	XP_006562311.2	28.682	129	78	4	148	273	1843	1960	0.035	28.1
XP_031788109.1	XP_006562310.2	28.682	129	78	4	148	273	1843	1960	0.035	28.1
XP_031788109.1	XP_016771029.2	28.682	129	78	4	148	273	1641	1758	0.040	28.1
XP_031788110.1	XP_006562308.2	28.682	129	78	4	148	273	2041	2158	0.026	28.5
XP_031788110.1	XP_006562311.2	28.682	129	78	4	148	273	1843	1960	0.033	28.1
XP_031788110.1	XP_006562310.2	28.682	129	78	4	148	273	1843	1960	0.033	28.1
XP_031788110.1	XP_016771029.2	28.682	129	78	4	148	273	1641	1758	0.041	28.1
XP_031788111.1	XP_006562308.2	28.682	129	78	4	148	273	2041	2158	0.027	28.5
XP_031788111.1	XP_006562311.2	28.682	129	78	4	148	273	1843	1960	0.033	28.1
XP_031788111.1	XP_006562310.2	28.682	129	78	4	148	273	1843	1960	0.033	28.1
XP_031788111.1	XP_016771029.2	28.682	129	78	4	148	273	1641	1758	0.045	27.7
XP_031788113.1	XP_006562308.2	28.682	129	78	4	148	273	2041	2158	0.034	28.1
XP_031788113.1	XP_006562311.2	28.682	129	78	4	148	273	1843	1960	0.045	27.7
XP_031788113.1	XP_006562310.2	28.682	129	78	4	148	273	1843	1960	0.045	27.7
XP_031788405.1	XP_016771021.1	27.586	58	41	1	281	337	171	228	0.023	27.3
XP_031788405.1	XP_016771020.1	27.586	58	41	1	281	337	171	228	0.023	27.3
XP_031788449.1	XP_006562308.2	30.357	56	34	1	219	274	609	659	0.019	27.7
XP_031788678.1	XP_006562308.2	30.769	78	44	2	62	139	1757	1824	0.010	29.3
XP_031788678.1	XP_006562311.2	30.769	78	44	2	62	139	1559	1626	0.011	29.3
XP_031788678.1	XP_006562310.2	30.769	78	44	2	62	139	1559	1626	0.011	29.3
XP_031788678.1	XP_016771028.2	30.769	78	44	2	62	139	1421	1488	0.013	28.9
XP_031788678.1	XP_016771029.2	30.769	78	44	2	62	139	1357	1424	0.015	28.9
XP_031788679.1	XP_006562308.2	29.870	77	44	2	1	77	1758	1824	0.021	28.1
XP_031788679.1	XP_006562311.2	29.870	77	44	2	1	77	1560	1626	0.021	28.1
XP_031788679.1	XP_006562310.2	29.870	77	44	2	1	77	1560	1626	0.021	28.1
XP_031788679.1	XP_016771028.2	29.870	77	44	2	1	77	1422	1488	0.025	27.7
XP_031788679.1	XP_016771029.2	29.870	77	44	2	1	77	1358	1424	0.029	27.7
XP_031788848.1	XP_016771021.1	46.667	30	15	1	90	119	335	363	0.012	26.2
XP_031788848.1	XP_016771020.1	46.667	30	15	1	90	119	335	363	0.012	26.2
XP_031788896.1	XP_006562308.2	23.466	277	185	8	362	612	283	558	1.61e-15	70.9
XP_031788896.1	XP_006562311.2	23.466	277	185	8	362	612	64	339	2.77e-15	70.1
XP_031788896.1	XP_006562310.2	23.466	277	185	8	362	612	64	339	2.77e-15	70.1
XP_031789005.1	XP_006562311.2	28.235	85	40	2	214	285	1492	1568	0.024	26.6
XP_031789005.1	XP_006562310.2	28.235	85	40	2	214	285	1492	1568	0.024	26.6
XP_031789005.1	XP_016771029.2	28.235	85	40	2	214	285	1290	1366	0.024	26.6
XP_031789005.1	XP_016771028.2	28.235	85	40	2	214	285	1354	1430	0.025	26.6
XP_031789005.1	XP_006562308.2	28.235	85	40	2	214	285	1690	1766	0.028	26.6
XP_031789322.1	XP_016771029.2	41.176	34	19	1	8	40	859	892	0.018	25.0
XP_031789322.1	XP_016771028.2	41.176	34	19	1	8	40	923	956	0.018	25.0
XP_031789322.1	XP_006562311.2	41.176	34	19	1	8	40	1061	1094	0.023	25.0
XP_031789322.1	XP_006562310.2	41.176	34	19	1	8	40	1061	1094	0.023	25.0
XP_031789322.1	XP_006562308.2	41.176	34	19	1	8	40	1259	1292	0.027	24.6
XP_031789343.1	XP_016771021.1	31.169	77	43	3	96	168	535	605	0.043	27.3
XP_031789343.1	XP_016771020.1	31.169	77	43	3	96	168	535	605	0.043	27.3
XP_031789346.1	XP_016771021.1	31.169	77	43	3	96	168	535	605	0.043	27.3
XP_031789346.1	XP_016771020.1	31.169	77	43	3	96	168	535	605	0.043	27.3
XP_031789352.1	XP_016771021.1	31.169	77	43	3	96	168	535	605	0.043	27.3
XP_031789352.1	XP_016771020.1	31.169	77	43	3	96	168	535	605	0.043	27.3
XP_031789353.1	XP_016771021.1	31.169	77	43	3	96	168	535	605	0.043	27.3
XP_031789353.1	XP_016771020.1	31.169	77	43	3	96	168	535	605	0.043	27.3
XP_031789354.1	XP_016771021.1	31.169	77	43	3	96	168	535	605	0.043	27.3
XP_031789354.1	XP_016771020.1	31.169	77	43	3	96	168	535	605	0.043	27.3
XP_032451746.1	XP_016771021.1	68.421	665	197	5	4	660	1	660	0.0	961
XP_032451746.1	XP_016771020.1	68.421	665	197	5	4	660	1	660	0.0	961
XP_032451842.1	XP_006562308.2	58.333	24	8	1	751	772	165	188	0.041	27.7
XP_032452023.1	XP_006562308.2	46.875	32	17	0	25	56	1281	1312	0.040	26.9
XP_032452023.1	XP_016771028.2	46.875	32	17	0	25	56	945	976	0.043	26.6
XP_032452023.1	XP_016771029.2	46.875	32	17	0	25	56	881	912	0.047	26.6
XP_032452023.1	XP_006562311.2	46.875	32	17	0	25	56	1083	1114	0.048	26.6
XP_032452023.1	XP_006562310.2	46.875	32	17	0	25	56	1083	1114	0.048	26.6
XP_032452034.1	XP_016771029.2	35.484	31	20	0	115	145	739	769	0.042	24.3
XP_032452034.1	XP_016771028.2	35.484	31	20	0	115	145	803	833	0.043	24.3
XP_032452034.1	XP_006562308.2	35.484	31	20	0	115	145	1139	1169	0.045	24.3
XP_032452034.1	XP_006562311.2	35.484	31	20	0	115	145	941	971	0.046	24.3
XP_032452034.1	XP_006562310.2	35.484	31	20	0	115	145	941	971	0.046	24.3
XP_032452302.1	XP_006562311.2	28.571	70	47	1	305	371	439	508	0.049	26.9
XP_032452302.1	XP_006562310.2	28.571	70	47	1	305	371	439	508	0.049	26.9
XP_032452304.1	XP_006562311.2	28.235	85	56	2	208	287	424	508	0.035	27.3
XP_032452304.1	XP_006562310.2	28.235	85	56	2	208	287	424	508	0.035	27.3
XP_032452305.1	XP_006562311.2	28.235	85	56	2	208	287	424	508	0.035	27.3
XP_032452305.1	XP_006562310.2	28.235	85	56	2	208	287	424	508	0.035	27.3
XP_032452345.1	XP_006562308.2	22.973	74	57	0	410	483	1336	1409	0.037	27.7
XP_032452345.1	XP_006562311.2	22.973	74	57	0	410	483	1138	1211	0.038	27.7
XP_032452345.1	XP_006562310.2	22.973	74	57	0	410	483	1138	1211	0.038	27.7
XP_032452345.1	XP_016771029.2	22.973	74	57	0	410	483	936	1009	0.044	27.7
XP_032452867.1	XP_006562308.2	32.558	43	23	1	9	51	174	210	0.019	27.3
XP_032452868.1	XP_006562308.2	32.558	43	23	1	9	51	174	210	0.019	27.3
XP_032453168.1	XP_006562311.2	26.316	38	22	1	109	140	614	651	0.031	27.3
XP_032453168.1	XP_006562310.2	26.316	38	22	1	109	140	614	651	0.031	27.3
XP_032453168.1	XP_006562308.2	26.316	38	22	1	109	140	812	849	0.033	27.3
XP_032453374.1	XP_006562308.2	31.507	73	35	3	202	274	1478	1535	0.033	26.6
XP_032453374.1	XP_006562311.2	32.353	68	31	3	202	269	1280	1332	0.036	26.6
XP_032453374.1	XP_006562310.2	32.353	68	31	3	202	269	1280	1332	0.036	26.6
XP_032453374.1	XP_016771029.2	30.882	68	33	2	207	274	1082	1135	0.045	26.2
XP_032453374.1	XP_016771028.2	30.882	68	33	2	207	274	1146	1199	0.045	26.2
XP_032453385.1	XP_006562308.2	33.333	42	28	0	33	74	1039	1080	0.047	25.8
XP_032453416.1	XP_016771028.2	36.585	41	24	2	44	84	1804	1842	0.008	26.9
XP_032453416.1	XP_016771029.2	36.585	41	24	2	44	84	1740	1778	0.008	26.9
XP_032453416.1	XP_006562311.2	36.585	41	24	2	44	84	1942	1980	0.009	26.9
XP_032453416.1	XP_006562310.2	36.585	41	24	2	44	84	1942	1980	0.009	26.9
XP_032453416.1	XP_006562308.2	36.585	41	24	2	44	84	2140	2178	0.010	26.6
XP_032454009.1	XP_006562311.2	40.476	42	23	2	769	809	52	92	0.038	28.1
XP_032454009.1	XP_006562310.2	40.476	42	23	2	769	809	52	92	0.038	28.1
XP_032454009.1	XP_006562308.2	40.476	42	23	2	769	809	271	311	0.041	28.1
XP_032454017.1	XP_006562308.2	24.138	174	106	7	528	682	347	513	2.74e-08	47.8
XP_032454017.1	XP_006562311.2	25.000	164	97	7	528	672	128	284	3.06e-08	47.4
XP_032454017.1	XP_006562310.2	25.000	164	97	7	528	672	128	284	3.06e-08	47.4
XP_032454018.1	XP_006562308.2	24.138	174	106	7	527	681	347	513	2.71e-08	47.8
XP_032454018.1	XP_006562311.2	24.138	174	106	7	527	681	128	294	3.14e-08	47.4
XP_032454018.1	XP_006562310.2	24.138	174	106	7	527	681	128	294	3.14e-08	47.4
XP_032454036.1	XP_006562308.2	26.437	87	56	2	525	603	750	836	0.030	28.5
XP_032454036.1	XP_016771028.2	26.437	87	56	2	525	603	414	500	0.037	28.1
XP_032454036.1	XP_006562311.2	26.437	87	56	2	525	603	552	638	0.037	28.1
XP_032454036.1	XP_006562310.2	26.437	87	56	2	525	603	552	638	0.037	28.1
XP_032454036.1	XP_016771029.2	26.437	87	56	2	525	603	350	436	0.046	27.7
XP_032454037.1	XP_006562308.2	26.437	87	56	2	525	603	750	836	0.030	28.5
XP_032454037.1	XP_016771028.2	26.437	87	56	2	525	603	414	500	0.037	28.1
XP_032454037.1	XP_006562311.2	26.437	87	56	2	525	603	552	638	0.037	28.1
XP_032454037.1	XP_006562310.2	26.437	87	56	2	525	603	552	638	0.037	28.1
XP_032454037.1	XP_016771029.2	26.437	87	56	2	525	603	350	436	0.046	27.7
XP_032454905.1	XP_006562308.2	36.667	30	19	0	6	35	1816	1845	0.015	26.6
XP_032454905.1	XP_006562311.2	36.667	30	19	0	6	35	1618	1647	0.015	26.6
XP_032454905.1	XP_006562310.2	36.667	30	19	0	6	35	1618	1647	0.015	26.6
XP_032454905.1	XP_016771029.2	41.667	24	14	0	6	29	1416	1439	0.017	26.2
XP_032454905.1	XP_016771028.2	41.667	24	14	0	6	29	1480	1503	0.018	26.2
XP_032455109.1	XP_016771021.1	38.462	39	23	1	611	648	278	316	0.025	28.1
XP_032455109.1	XP_016771020.1	38.462	39	23	1	611	648	278	316	0.025	28.1
XP_032455110.1	XP_016771021.1	38.462	39	23	1	617	654	278	316	0.027	27.7
XP_032455110.1	XP_016771020.1	38.462	39	23	1	617	654	278	316	0.027	27.7
XP_032455669.1	XP_006562308.2	27.106	273	171	6	84	331	275	544	1.31e-19	81.6
XP_032455669.1	XP_006562311.2	26.007	273	174	5	84	331	56	325	6.32e-19	79.3
XP_032455669.1	XP_006562310.2	26.007	273	174	5	84	331	56	325	6.32e-19	79.3
XP_032455849.1	XP_006562308.2	28.571	84	57	1	419	499	712	795	0.005	30.4
XP_032455849.1	XP_006562311.2	28.571	84	57	1	419	499	514	597	0.006	30.0
XP_032455849.1	XP_006562310.2	28.571	84	57	1	419	499	514	597	0.006	30.0
XP_032455849.1	XP_016771028.2	30.556	72	47	1	431	499	388	459	0.008	29.6
XP_032455849.1	XP_016771029.2	30.556	72	47	1	431	499	324	395	0.009	29.6
XP_032456169.1	XP_006562311.2	35.294	34	22	0	44	77	1188	1221	0.040	23.9
XP_032456169.1	XP_006562310.2	35.294	34	22	0	44	77	1188	1221	0.040	23.9
XP_032456169.1	XP_016771028.2	35.294	34	22	0	44	77	1050	1083	0.042	23.9
XP_032456169.1	XP_016771029.2	35.294	34	22	0	44	77	986	1019	0.043	23.9
XP_032456169.1	XP_006562308.2	35.294	34	22	0	44	77	1386	1419	0.044	23.9
XP_032456170.1	XP_006562311.2	35.294	34	22	0	44	77	1188	1221	0.040	23.9
XP_032456170.1	XP_006562310.2	35.294	34	22	0	44	77	1188	1221	0.040	23.9
XP_032456170.1	XP_016771028.2	35.294	34	22	0	44	77	1050	1083	0.042	23.9
XP_032456170.1	XP_016771029.2	35.294	34	22	0	44	77	986	1019	0.043	23.9
XP_032456170.1	XP_006562308.2	35.294	34	22	0	44	77	1386	1419	0.044	23.9
XP_032456389.1	XP_006562308.2	26.543	162	100	5	29	178	289	443	2.06e-06	40.0
XP_032456389.1	XP_006562311.2	26.543	162	100	5	29	178	70	224	2.57e-06	39.7
XP_032456389.1	XP_006562310.2	26.543	162	100	5	29	178	70	224	2.57e-06	39.7
XP_032456509.1	XP_006562311.2	37.931	29	18	0	152	180	2009	2037	0.045	25.8
XP_032456509.1	XP_006562310.2	37.931	29	18	0	152	180	2009	2037	0.045	25.8
XP_032456509.1	XP_006562308.2	34.091	44	28	1	138	180	2192	2235	0.045	25.8
XP_032456509.1	XP_016771029.2	37.931	29	18	0	152	180	1807	1835	0.046	25.8
XP_032456509.1	XP_016771028.2	37.931	29	18	0	152	180	1871	1899	0.050	25.4
XP_032456510.1	XP_006562308.2	34.211	38	23	1	152	189	2207	2242	0.020	26.6
XP_032456510.1	XP_006562311.2	34.211	38	23	1	152	189	2009	2044	0.020	26.6
XP_032456510.1	XP_006562310.2	34.211	38	23	1	152	189	2009	2044	0.020	26.6
XP_032456510.1	XP_016771029.2	34.211	38	23	1	152	189	1807	1842	0.024	26.6
XP_032456510.1	XP_016771028.2	34.211	38	23	1	152	189	1871	1906	0.027	26.2
XP_032456606.1	XP_006562308.2	28.682	129	78	4	148	273	2041	2158	0.046	27.7
XP_032457304.1	XP_016771028.2	30.882	68	40	2	557	617	1390	1457	0.003	31.2
XP_032457304.1	XP_016771029.2	30.882	68	40	2	557	617	1326	1393	0.003	30.8
XP_032457304.1	XP_006562311.2	30.882	68	40	2	557	617	1528	1595	0.004	30.4
XP_032457304.1	XP_006562310.2	30.882	68	40	2	557	617	1528	1595	0.004	30.4
XP_032457304.1	XP_006562308.2	30.882	68	40	2	557	617	1726	1793	0.005	30.0
XP_032457305.1	XP_016771028.2	30.882	68	40	2	557	617	1390	1457	0.003	31.2
XP_032457305.1	XP_016771029.2	30.882	68	40	2	557	617	1326	1393	0.003	30.8
XP_032457305.1	XP_006562311.2	30.882	68	40	2	557	617	1528	1595	0.004	30.4
XP_032457305.1	XP_006562310.2	30.882	68	40	2	557	617	1528	1595	0.004	30.4
XP_032457305.1	XP_006562308.2	30.882	68	40	2	557	617	1726	1793	0.005	30.0
XP_032457306.1	XP_016771028.2	30.882	68	40	2	557	617	1390	1457	0.003	31.2
XP_032457306.1	XP_016771029.2	30.882	68	40	2	557	617	1326	1393	0.003	30.8
XP_032457306.1	XP_006562311.2	30.882	68	40	2	557	617	1528	1595	0.004	30.4
XP_032457306.1	XP_006562310.2	30.882	68	40	2	557	617	1528	1595	0.004	30.4
XP_032457306.1	XP_006562308.2	30.882	68	40	2	557	617	1726	1793	0.005	30.0
XP_032457307.1	XP_016771028.2	30.882	68	40	2	474	534	1390	1457	0.002	30.8
XP_032457307.1	XP_016771029.2	30.882	68	40	2	474	534	1326	1393	0.002	30.8
XP_032457307.1	XP_006562311.2	30.882	68	40	2	474	534	1528	1595	0.004	30.4
XP_032457307.1	XP_006562310.2	30.882	68	40	2	474	534	1528	1595	0.004	30.4
XP_032457307.1	XP_006562308.2	30.882	68	40	2	474	534	1726	1793	0.004	30.0
XP_032457409.1	XP_006562308.2	32.812	64	38	2	90	149	708	770	0.049	25.0
XP_032457434.1	XP_016771028.2	29.091	55	35	1	29	83	1471	1521	0.007	25.8
XP_032457434.1	XP_016771029.2	29.091	55	35	1	29	83	1407	1457	0.009	25.8
XP_032457434.1	XP_006562311.2	29.091	55	35	1	29	83	1609	1659	0.011	25.4
XP_032457434.1	XP_006562310.2	29.091	55	35	1	29	83	1609	1659	0.011	25.4
XP_032457434.1	XP_006562308.2	29.091	55	35	1	29	83	1807	1857	0.011	25.4
XP_032457595.1	XP_016771028.2	38.462	52	28	2	192	240	524	574	0.004	28.9
XP_032457595.1	XP_006562311.2	38.462	52	28	2	192	240	662	712	0.004	28.9
XP_032457595.1	XP_006562310.2	38.462	52	28	2	192	240	662	712	0.004	28.9
XP_032457595.1	XP_006562308.2	38.462	52	28	2	192	240	860	910	0.004	28.9
XP_032457595.1	XP_016771029.2	38.462	52	28	2	192	240	460	510	0.004	28.9
XP_032457617.1	XP_016771028.2	32.653	49	33	0	955	1003	369	417	0.025	29.3
XP_032457617.1	XP_006562308.2	32.653	49	33	0	955	1003	705	753	0.028	29.3
XP_032457617.1	XP_006562311.2	32.653	49	33	0	955	1003	507	555	0.029	29.3
XP_032457617.1	XP_006562310.2	32.653	49	33	0	955	1003	507	555	0.029	29.3
XP_032457617.1	XP_016771029.2	32.653	49	33	0	955	1003	305	353	0.030	28.9
XP_032457663.1	XP_016771021.1	25.692	253	150	8	2	230	238	476	1.26e-14	64.3
XP_032457663.1	XP_016771020.1	25.692	253	150	8	2	230	238	476	1.26e-14	64.3
XP_032457664.1	XP_016771021.1	25.692	253	150	8	2	230	238	476	1.26e-14	64.3
XP_032457664.1	XP_016771020.1	25.692	253	150	8	2	230	238	476	1.26e-14	64.3
XP_032457665.1	XP_016771021.1	25.692	253	150	8	2	230	238	476	1.26e-14	64.3
XP_032457665.1	XP_016771020.1	25.692	253	150	8	2	230	238	476	1.26e-14	64.3
XP_032457699.1	XP_006562308.2	21.875	160	107	6	251	393	331	489	1.87e-06	40.8
XP_032457699.1	XP_006562311.2	21.875	160	107	6	251	393	112	270	2.18e-06	40.8
XP_032457699.1	XP_006562310.2	21.875	160	107	6	251	393	112	270	2.18e-06	40.8
XP_032457700.1	XP_006562308.2	21.875	160	107	6	251	393	331	489	1.87e-06	40.8
XP_032457700.1	XP_006562311.2	21.875	160	107	6	251	393	112	270	2.18e-06	40.8
XP_032457700.1	XP_006562310.2	21.875	160	107	6	251	393	112	270	2.18e-06	40.8
XP_032457853.1	XP_016771028.2	34.884	43	19	3	33	67	1193	1234	0.027	26.9
XP_032457853.1	XP_016771029.2	34.884	43	19	3	33	67	1129	1170	0.031	26.9
XP_032457855.1	XP_016771028.2	27.273	77	50	3	465	536	1039	1114	0.024	27.7
XP_032457855.1	XP_016771029.2	27.273	77	50	3	465	536	975	1050	0.026	27.7
XP_032457856.1	XP_006562311.2	27.273	77	50	3	462	533	1177	1252	0.020	28.1
XP_032457856.1	XP_006562310.2	27.273	77	50	3	462	533	1177	1252	0.020	28.1
XP_032457856.1	XP_016771028.2	27.273	77	50	3	462	533	1039	1114	0.023	27.7
XP_032457856.1	XP_016771029.2	27.273	77	50	3	462	533	975	1050	0.026	27.7
XP_032457857.1	XP_006562311.2	27.273	77	50	3	458	529	1177	1252	0.019	28.1
XP_032457857.1	XP_006562310.2	27.273	77	50	3	458	529	1177	1252	0.019	28.1
XP_032457857.1	XP_016771028.2	27.273	77	50	3	458	529	1039	1114	0.023	27.7
XP_032457857.1	XP_016771029.2	27.273	77	50	3	458	529	975	1050	0.026	27.7
XP_032457858.1	XP_006562311.2	27.273	77	50	3	384	455	1177	1252	0.015	28.1
XP_032457858.1	XP_006562310.2	27.273	77	50	3	384	455	1177	1252	0.015	28.1
XP_032457858.1	XP_006562308.2	27.273	77	50	3	384	455	1375	1450	0.017	28.1
XP_032457858.1	XP_016771028.2	27.273	77	50	3	384	455	1039	1114	0.018	28.1
XP_032457858.1	XP_016771029.2	27.273	77	50	3	384	455	975	1050	0.020	27.7
XP_032457931.1	XP_006562311.2	24.286	70	52	1	60	128	245	314	3.63e-07	38.9
XP_032457931.1	XP_006562310.2	24.286	70	52	1	60	128	245	314	3.63e-07	38.9
XP_032457931.1	XP_006562308.2	24.286	70	52	1	60	128	464	533	3.97e-07	38.9
XP_032458072.1	XP_016771029.2	26.415	53	39	0	78	130	226	278	0.034	25.0
XP_032458072.1	XP_016771028.2	26.415	53	39	0	78	130	290	342	0.035	25.0
XP_032458072.1	XP_006562311.2	27.083	48	35	0	83	130	433	480	0.039	25.0
XP_032458072.1	XP_006562310.2	27.083	48	35	0	83	130	433	480	0.039	25.0
XP_032458172.1	XP_006562311.2	49.817	2190	787	81	1	2003	1	2065	0.0	1589
XP_032458172.1	XP_006562310.2	49.817	2190	787	81	1	2003	1	2065	0.0	1589
XP_032458172.1	XP_006562308.2	48.865	2159	772	80	32	2003	250	2263	0.0	1527
XP_032458172.1	XP_016771029.2	43.901	1902	758	80	290	2003	83	1863	0.0	1027
XP_032458172.1	XP_016771028.2	43.033	1866	755	79	325	2003	183	1927	0.0	962
XP_032458199.1	XP_006562308.2	40.426	47	28	0	48	94	914	960	0.041	27.3
XP_032458200.1	XP_006562308.2	40.426	47	28	0	48	94	914	960	0.036	27.3
XP_032458200.1	XP_006562311.2	40.426	47	28	0	48	94	716	762	0.044	27.3
XP_032458200.1	XP_006562310.2	40.426	47	28	0	48	94	716	762	0.044	27.3
XP_032458200.1	XP_016771028.2	40.426	47	28	0	48	94	578	624	0.049	26.9
