XP_029031877.1	XP_016771029.2	20.779	77	61	0	29	105	35	111	0.020	28.5
XP_029031944.1	XP_016771029.2	20.779	77	61	0	29	105	35	111	0.020	28.5
XP_029032295.1	XP_006562311.2	25.556	270	168	8	93	337	56	317	2.55e-19	82.8
XP_029032295.1	XP_006562310.2	25.556	270	168	8	93	337	56	317	2.55e-19	82.8
XP_029032295.1	XP_006562308.2	25.556	270	168	8	93	337	275	536	3.33e-19	82.4
XP_029032296.1	XP_006562311.2	25.556	270	168	8	93	337	56	317	2.55e-19	82.8
XP_029032296.1	XP_006562310.2	25.556	270	168	8	93	337	56	317	2.55e-19	82.8
XP_029032296.1	XP_006562308.2	25.556	270	168	8	93	337	275	536	3.33e-19	82.4
XP_029032297.1	XP_006562311.2	25.556	270	168	8	93	337	56	317	2.55e-19	82.8
XP_029032297.1	XP_006562310.2	25.556	270	168	8	93	337	56	317	2.55e-19	82.8
XP_029032297.1	XP_006562308.2	25.556	270	168	8	93	337	275	536	3.33e-19	82.4
XP_029032298.1	XP_006562311.2	25.556	270	168	8	93	337	56	317	2.55e-19	82.8
XP_029032298.1	XP_006562310.2	25.556	270	168	8	93	337	56	317	2.55e-19	82.8
XP_029032298.1	XP_006562308.2	25.556	270	168	8	93	337	275	536	3.33e-19	82.4
XP_029032299.1	XP_006562311.2	25.556	270	168	8	93	337	56	317	4.01e-19	81.6
XP_029032299.1	XP_006562310.2	25.556	270	168	8	93	337	56	317	4.01e-19	81.6
XP_029032299.1	XP_006562308.2	25.556	270	168	8	93	337	275	536	4.68e-19	81.6
XP_029032305.1	XP_016771029.2	35.135	37	24	0	3	39	982	1018	0.039	25.0
XP_029032305.1	XP_016771028.2	35.135	37	24	0	3	39	1046	1082	0.039	25.0
XP_029032421.1	XP_006562308.2	27.326	172	108	3	477	631	342	513	1.90e-13	64.7
XP_029032421.1	XP_006562311.2	27.326	172	108	3	477	631	123	294	3.20e-13	63.9
XP_029032421.1	XP_006562310.2	27.326	172	108	3	477	631	123	294	3.20e-13	63.9
XP_029032469.1	XP_006562308.2	23.563	174	107	7	531	685	347	513	1.30e-07	45.4
XP_029032469.1	XP_006562311.2	23.563	174	107	7	531	685	128	294	1.63e-07	45.1
XP_029032469.1	XP_006562310.2	23.563	174	107	7	531	685	128	294	1.63e-07	45.1
XP_029032470.1	XP_006562308.2	23.563	174	107	7	526	680	347	513	1.31e-07	45.4
XP_029032470.1	XP_006562311.2	23.563	174	107	7	526	680	128	294	1.79e-07	45.1
XP_029032470.1	XP_006562310.2	23.563	174	107	7	526	680	128	294	1.79e-07	45.1
XP_029032471.1	XP_016771028.2	43.333	30	17	0	196	225	1376	1405	0.045	26.9
XP_029032471.1	XP_006562311.2	43.333	30	17	0	196	225	1514	1543	0.045	26.9
XP_029032471.1	XP_006562310.2	43.333	30	17	0	196	225	1514	1543	0.045	26.9
XP_029032471.1	XP_016771029.2	43.333	30	17	0	196	225	1312	1341	0.046	26.9
XP_029032471.1	XP_006562308.2	43.333	30	17	0	196	225	1712	1741	0.047	26.9
XP_029032472.1	XP_016771028.2	43.333	30	17	0	196	225	1376	1405	0.039	26.9
XP_029032472.1	XP_006562311.2	43.333	30	17	0	196	225	1514	1543	0.039	26.9
XP_029032472.1	XP_006562310.2	43.333	30	17	0	196	225	1514	1543	0.039	26.9
XP_029032472.1	XP_006562308.2	43.333	30	17	0	196	225	1712	1741	0.040	26.9
XP_029032472.1	XP_016771029.2	43.333	30	17	0	196	225	1312	1341	0.041	26.9
XP_029033273.1	XP_016771029.2	30.000	70	41	2	48	109	305	374	0.037	26.9
XP_029033273.1	XP_016771028.2	30.000	70	41	2	48	109	369	438	0.037	26.9
XP_029033273.1	XP_006562311.2	30.000	70	41	2	48	109	507	576	0.037	26.9
XP_029033273.1	XP_006562310.2	30.000	70	41	2	48	109	507	576	0.037	26.9
XP_029033273.1	XP_006562308.2	30.000	70	41	2	48	109	705	774	0.037	26.9
XP_029033274.1	XP_016771029.2	30.000	70	41	2	48	109	305	374	0.037	26.9
XP_029033274.1	XP_016771028.2	30.000	70	41	2	48	109	369	438	0.037	26.9
XP_029033274.1	XP_006562311.2	30.000	70	41	2	48	109	507	576	0.037	26.9
XP_029033274.1	XP_006562310.2	30.000	70	41	2	48	109	507	576	0.037	26.9
XP_029033274.1	XP_006562308.2	30.000	70	41	2	48	109	705	774	0.037	26.9
XP_029033275.1	XP_016771029.2	30.000	70	41	2	48	109	305	374	0.037	26.9
XP_029033275.1	XP_016771028.2	30.000	70	41	2	48	109	369	438	0.037	26.9
XP_029033275.1	XP_006562311.2	30.000	70	41	2	48	109	507	576	0.037	26.9
XP_029033275.1	XP_006562310.2	30.000	70	41	2	48	109	507	576	0.037	26.9
XP_029033275.1	XP_006562308.2	30.000	70	41	2	48	109	705	774	0.037	26.9
XP_029033276.1	XP_016771029.2	30.000	70	41	2	48	109	305	374	0.037	26.9
XP_029033276.1	XP_016771028.2	30.000	70	41	2	48	109	369	438	0.037	26.9
XP_029033276.1	XP_006562311.2	30.000	70	41	2	48	109	507	576	0.037	26.9
XP_029033276.1	XP_006562310.2	30.000	70	41	2	48	109	507	576	0.037	26.9
XP_029033276.1	XP_006562308.2	30.000	70	41	2	48	109	705	774	0.037	26.9
XP_029033277.1	XP_016771029.2	30.000	70	41	2	48	109	305	374	0.037	26.9
XP_029033277.1	XP_016771028.2	30.000	70	41	2	48	109	369	438	0.037	26.9
XP_029033277.1	XP_006562311.2	30.000	70	41	2	48	109	507	576	0.037	26.9
XP_029033277.1	XP_006562310.2	30.000	70	41	2	48	109	507	576	0.037	26.9
XP_029033277.1	XP_006562308.2	30.000	70	41	2	48	109	705	774	0.037	26.9
XP_029033278.1	XP_016771029.2	30.000	70	41	2	48	109	305	374	0.037	26.9
XP_029033278.1	XP_016771028.2	30.000	70	41	2	48	109	369	438	0.037	26.9
XP_029033278.1	XP_006562311.2	30.000	70	41	2	48	109	507	576	0.037	26.9
XP_029033278.1	XP_006562310.2	30.000	70	41	2	48	109	507	576	0.037	26.9
XP_029033278.1	XP_006562308.2	30.000	70	41	2	48	109	705	774	0.037	26.9
XP_029033279.1	XP_016771029.2	30.000	70	41	2	48	109	305	374	0.037	26.9
XP_029033279.1	XP_016771028.2	30.000	70	41	2	48	109	369	438	0.037	26.9
XP_029033279.1	XP_006562311.2	30.000	70	41	2	48	109	507	576	0.037	26.9
XP_029033279.1	XP_006562310.2	30.000	70	41	2	48	109	507	576	0.037	26.9
XP_029033279.1	XP_006562308.2	30.000	70	41	2	48	109	705	774	0.037	26.9
XP_029033402.1	XP_006562311.2	26.178	191	105	8	427	583	423	611	0.033	27.3
XP_029033402.1	XP_006562310.2	26.178	191	105	8	427	583	423	611	0.033	27.3
XP_029033402.1	XP_016771028.2	26.178	191	105	8	427	583	285	473	0.034	27.3
XP_029033402.1	XP_016771029.2	26.178	191	105	8	427	583	221	409	0.036	27.3
XP_029033403.1	XP_006562311.2	26.178	191	105	8	427	583	423	611	0.033	27.3
XP_029033403.1	XP_006562310.2	26.178	191	105	8	427	583	423	611	0.033	27.3
XP_029033403.1	XP_016771028.2	26.178	191	105	8	427	583	285	473	0.034	27.3
XP_029033403.1	XP_016771029.2	26.178	191	105	8	427	583	221	409	0.036	27.3
XP_029033404.1	XP_006562311.2	26.178	191	105	8	427	583	423	611	0.033	27.3
XP_029033404.1	XP_006562310.2	26.178	191	105	8	427	583	423	611	0.033	27.3
XP_029033404.1	XP_016771028.2	26.178	191	105	8	427	583	285	473	0.034	27.3
XP_029033404.1	XP_016771029.2	26.178	191	105	8	427	583	221	409	0.036	27.3
XP_029033405.1	XP_006562311.2	26.178	191	105	8	427	583	423	611	0.033	27.3
XP_029033405.1	XP_006562310.2	26.178	191	105	8	427	583	423	611	0.033	27.3
XP_029033405.1	XP_016771028.2	26.178	191	105	8	427	583	285	473	0.034	27.3
XP_029033405.1	XP_016771029.2	26.178	191	105	8	427	583	221	409	0.036	27.3
XP_029034458.1	NP_001011611.2	30.000	30	19	1	602	629	17	46	0.019	26.2
XP_029034537.1	XP_016771029.2	20.192	104	72	2	454	557	677	769	0.014	30.4
XP_029034537.1	XP_016771028.2	20.192	104	72	2	454	557	741	833	0.019	30.0
XP_029034537.1	XP_006562311.2	20.192	104	72	2	454	557	879	971	0.019	30.0
XP_029034537.1	XP_006562310.2	20.192	104	72	2	454	557	879	971	0.019	30.0
XP_029034537.1	XP_006562308.2	20.192	104	72	2	454	557	1077	1169	0.025	29.6
XP_029034538.1	XP_016771029.2	20.192	104	72	2	454	557	677	769	0.018	30.0
XP_029034538.1	XP_016771028.2	20.192	104	72	2	454	557	741	833	0.022	30.0
XP_029034538.1	XP_006562311.2	20.192	104	72	2	454	557	879	971	0.026	29.6
XP_029034538.1	XP_006562310.2	20.192	104	72	2	454	557	879	971	0.026	29.6
XP_029034538.1	XP_006562308.2	20.192	104	72	2	454	557	1077	1169	0.029	29.3
XP_029034539.1	XP_016771029.2	20.192	104	72	2	454	557	677	769	0.019	30.0
XP_029034539.1	XP_016771028.2	20.192	104	72	2	454	557	741	833	0.022	30.0
XP_029034539.1	XP_006562311.2	20.192	104	72	2	454	557	879	971	0.026	29.6
XP_029034539.1	XP_006562310.2	20.192	104	72	2	454	557	879	971	0.026	29.6
XP_029034539.1	XP_006562308.2	20.192	104	72	2	454	557	1077	1169	0.030	29.3
XP_029034540.1	XP_016771029.2	20.192	104	72	2	454	557	677	769	0.022	29.6
XP_029034540.1	XP_016771028.2	20.192	104	72	2	454	557	741	833	0.026	29.6
XP_029034540.1	XP_006562311.2	20.192	104	72	2	454	557	879	971	0.030	29.3
XP_029034540.1	XP_006562310.2	20.192	104	72	2	454	557	879	971	0.030	29.3
XP_029034540.1	XP_006562308.2	20.192	104	72	2	454	557	1077	1169	0.037	28.9
XP_029034541.1	XP_016771029.2	20.192	104	72	2	454	557	677	769	0.014	30.4
XP_029034541.1	XP_016771028.2	20.192	104	72	2	454	557	741	833	0.019	30.0
XP_029034541.1	XP_006562311.2	20.192	104	72	2	454	557	879	971	0.019	30.0
XP_029034541.1	XP_006562310.2	20.192	104	72	2	454	557	879	971	0.019	30.0
XP_029034541.1	XP_006562308.2	20.192	104	72	2	454	557	1077	1169	0.025	29.6
XP_029034542.1	XP_016771029.2	20.192	104	72	2	454	557	677	769	0.018	30.0
XP_029034542.1	XP_016771028.2	20.192	104	72	2	454	557	741	833	0.022	30.0
XP_029034542.1	XP_006562311.2	20.192	104	72	2	454	557	879	971	0.026	29.6
XP_029034542.1	XP_006562310.2	20.192	104	72	2	454	557	879	971	0.026	29.6
XP_029034542.1	XP_006562308.2	20.192	104	72	2	454	557	1077	1169	0.029	29.3
XP_029034544.1	XP_016771029.2	20.192	104	72	2	454	557	677	769	0.019	30.0
XP_029034544.1	XP_016771028.2	20.192	104	72	2	454	557	741	833	0.022	30.0
XP_029034544.1	XP_006562311.2	20.192	104	72	2	454	557	879	971	0.026	29.6
XP_029034544.1	XP_006562310.2	20.192	104	72	2	454	557	879	971	0.026	29.6
XP_029034544.1	XP_006562308.2	20.192	104	72	2	454	557	1077	1169	0.030	29.3
XP_029034545.1	XP_016771029.2	20.192	104	72	2	454	557	677	769	0.022	29.6
XP_029034545.1	XP_016771028.2	20.192	104	72	2	454	557	741	833	0.026	29.6
XP_029034545.1	XP_006562311.2	20.192	104	72	2	454	557	879	971	0.030	29.3
XP_029034545.1	XP_006562310.2	20.192	104	72	2	454	557	879	971	0.030	29.3
XP_029034545.1	XP_006562308.2	20.192	104	72	2	454	557	1077	1169	0.037	28.9
XP_029035007.1	XP_006562308.2	26.667	60	41	1	153	212	249	305	0.043	25.8
XP_029035007.1	XP_006562311.2	26.667	60	41	1	153	212	30	86	0.048	25.8
XP_029035007.1	XP_006562310.2	26.667	60	41	1	153	212	30	86	0.048	25.8
XP_029035008.1	XP_006562308.2	26.667	60	41	1	153	212	249	305	0.043	25.8
XP_029035008.1	XP_006562311.2	26.667	60	41	1	153	212	30	86	0.048	25.8
XP_029035008.1	XP_006562310.2	26.667	60	41	1	153	212	30	86	0.048	25.8
XP_029035010.1	XP_006562308.2	34.286	35	23	0	235	269	272	306	0.038	26.2
XP_029035010.1	XP_006562311.2	26.230	61	42	1	209	269	30	87	0.040	25.8
XP_029035010.1	XP_006562310.2	26.230	61	42	1	209	269	30	87	0.040	25.8
XP_029035011.1	XP_006562308.2	34.286	35	23	0	235	269	272	306	0.029	26.2
XP_029035011.1	XP_006562311.2	26.230	61	42	1	209	269	30	87	0.031	26.2
XP_029035011.1	XP_006562310.2	26.230	61	42	1	209	269	30	87	0.031	26.2
XP_029035012.1	XP_006562308.2	34.286	35	23	0	235	269	272	306	0.033	26.2
XP_029035012.1	XP_006562311.2	26.230	61	42	1	209	269	30	87	0.035	26.2
XP_029035012.1	XP_006562310.2	26.230	61	42	1	209	269	30	87	0.035	26.2
XP_029035013.1	XP_006562308.2	34.286	35	23	0	235	269	272	306	0.033	26.2
XP_029035013.1	XP_006562311.2	34.286	35	23	0	235	269	53	87	0.037	25.8
XP_029035013.1	XP_006562310.2	34.286	35	23	0	235	269	53	87	0.037	25.8
XP_029035183.1	XP_016771021.1	23.232	198	112	6	425	606	217	390	0.002	31.6
XP_029035183.1	XP_016771020.1	23.232	198	112	6	425	606	217	390	0.002	31.6
XP_029035184.1	XP_016771021.1	23.232	198	112	6	425	606	217	390	0.002	31.6
XP_029035184.1	XP_016771020.1	23.232	198	112	6	425	606	217	390	0.002	31.6
XP_029035185.1	XP_016771021.1	23.232	198	112	6	425	606	217	390	0.002	31.6
XP_029035185.1	XP_016771020.1	23.232	198	112	6	425	606	217	390	0.002	31.6
XP_029035186.1	XP_016771021.1	23.232	198	112	6	404	585	217	390	0.003	30.8
XP_029035186.1	XP_016771020.1	23.232	198	112	6	404	585	217	390	0.003	30.8
XP_029035256.1	XP_006562308.2	27.111	225	138	6	157	359	283	503	1.05e-19	85.1
XP_029035256.1	XP_006562311.2	27.111	225	138	6	157	359	64	284	1.68e-19	84.3
XP_029035256.1	XP_006562310.2	27.111	225	138	6	157	359	64	284	1.68e-19	84.3
XP_029035354.1	XP_016771021.1	30.233	129	77	3	784	900	8	135	6.75e-11	56.6
XP_029035354.1	XP_016771021.1	29.487	78	49	2	629	704	68	141	2.26e-05	38.9
XP_029035354.1	XP_016771020.1	30.233	129	77	3	784	900	8	135	6.75e-11	56.6
XP_029035354.1	XP_016771020.1	29.487	78	49	2	629	704	68	141	2.26e-05	38.9
XP_029035355.1	XP_016771021.1	30.233	129	77	3	581	697	8	135	2.74e-10	54.3
XP_029035355.1	XP_016771021.1	29.487	78	49	2	426	501	68	141	3.26e-05	38.1
XP_029035355.1	XP_016771020.1	30.233	129	77	3	581	697	8	135	2.74e-10	54.3
XP_029035355.1	XP_016771020.1	29.487	78	49	2	426	501	68	141	3.26e-05	38.1
XP_029035599.1	XP_006562311.2	45.161	31	16	1	138	167	182	212	0.012	27.3
XP_029035599.1	XP_006562310.2	45.161	31	16	1	138	167	182	212	0.012	27.3
XP_029035599.1	XP_006562308.2	45.161	31	16	1	138	167	401	431	0.013	26.9
XP_029035951.1	XP_016771021.1	25.817	306	184	13	46	333	213	493	3.85e-13	60.8
XP_029035951.1	XP_016771020.1	25.817	306	184	13	46	333	213	493	3.85e-13	60.8
XP_029036003.1	XP_006562308.2	20.225	178	119	6	195	360	347	513	5.43e-04	32.3
XP_029036003.1	XP_006562311.2	20.225	178	119	6	195	360	128	294	8.29e-04	32.0
XP_029036003.1	XP_006562310.2	20.225	178	119	6	195	360	128	294	8.29e-04	32.0
XP_029036005.1	XP_006562308.2	20.225	178	119	6	195	360	347	513	5.43e-04	32.3
XP_029036005.1	XP_006562311.2	20.225	178	119	6	195	360	128	294	8.29e-04	32.0
XP_029036005.1	XP_006562310.2	20.225	178	119	6	195	360	128	294	8.29e-04	32.0
XP_029036006.1	XP_006562308.2	20.225	178	119	6	195	360	347	513	5.43e-04	32.3
XP_029036006.1	XP_006562311.2	20.225	178	119	6	195	360	128	294	8.29e-04	32.0
XP_029036006.1	XP_006562310.2	20.225	178	119	6	195	360	128	294	8.29e-04	32.0
XP_029036519.1	XP_006562308.2	28.378	74	50	2	487	559	154	225	0.043	27.3
XP_029036520.1	XP_006562308.2	27.103	107	66	4	487	586	154	255	0.010	28.9
XP_029036730.1	XP_006562311.2	22.727	110	65	2	184	276	208	314	0.013	27.3
XP_029036730.1	XP_006562310.2	22.727	110	65	2	184	276	208	314	0.013	27.3
XP_029036730.1	XP_006562308.2	22.727	110	65	2	184	276	427	533	0.014	27.3
XP_029037112.1	XP_006562311.2	27.692	65	41	3	10	71	1336	1397	0.001	28.9
XP_029037112.1	XP_006562310.2	27.692	65	41	3	10	71	1336	1397	0.001	28.9
XP_029037112.1	XP_006562308.2	27.692	65	41	3	10	71	1534	1595	0.001	28.9
XP_029037112.1	XP_016771029.2	27.692	65	41	3	10	71	1134	1195	0.002	28.5
XP_029037112.1	XP_016771028.2	27.692	65	41	3	10	71	1198	1259	0.002	28.5
XP_029037568.1	XP_016771021.1	37.143	35	20	2	58	91	1	34	0.044	24.3
XP_029037568.1	XP_016771020.1	37.143	35	20	2	58	91	1	34	0.044	24.3
XP_029038069.1	XP_016771028.2	28.947	76	48	2	285	356	472	545	0.038	26.9
XP_029038069.1	XP_016771029.2	28.947	76	48	2	285	356	408	481	0.042	26.9
XP_029038274.1	XP_006562308.2	32.500	40	24	2	75	111	198	237	0.029	26.2
XP_029038291.1	XP_006562308.2	28.125	64	45	1	405	468	385	447	0.012	28.5
XP_029038291.1	XP_006562311.2	28.125	64	45	1	405	468	166	228	0.014	28.1
XP_029038291.1	XP_006562310.2	28.125	64	45	1	405	468	166	228	0.014	28.1
XP_029038311.1	XP_016771029.2	27.711	83	50	3	168	240	1242	1324	0.010	28.9
XP_029038311.1	XP_016771028.2	27.711	83	50	3	168	240	1306	1388	0.010	28.9
XP_029038311.1	XP_006562311.2	27.711	83	50	3	168	240	1444	1526	0.013	28.9
XP_029038311.1	XP_006562310.2	27.711	83	50	3	168	240	1444	1526	0.013	28.9
XP_029038311.1	XP_006562308.2	27.711	83	50	3	168	240	1642	1724	0.016	28.5
XP_029038313.1	XP_016771029.2	27.711	83	50	3	168	240	1242	1324	0.010	28.9
XP_029038313.1	XP_016771028.2	27.711	83	50	3	168	240	1306	1388	0.010	28.9
XP_029038313.1	XP_006562311.2	27.711	83	50	3	168	240	1444	1526	0.013	28.9
XP_029038313.1	XP_006562310.2	27.711	83	50	3	168	240	1444	1526	0.013	28.9
XP_029038313.1	XP_006562308.2	27.711	83	50	3	168	240	1642	1724	0.016	28.5
XP_029038314.1	XP_016771029.2	27.711	83	50	3	168	240	1242	1324	0.010	28.9
XP_029038314.1	XP_016771028.2	27.711	83	50	3	168	240	1306	1388	0.010	28.9
XP_029038314.1	XP_006562311.2	27.711	83	50	3	168	240	1444	1526	0.013	28.9
XP_029038314.1	XP_006562310.2	27.711	83	50	3	168	240	1444	1526	0.013	28.9
XP_029038314.1	XP_006562308.2	27.711	83	50	3	168	240	1642	1724	0.016	28.5
XP_029038391.1	XP_006562311.2	43.902	41	22	1	751	790	52	92	0.002	32.0
XP_029038391.1	XP_006562310.2	43.902	41	22	1	751	790	52	92	0.002	32.0
XP_029038391.1	XP_006562308.2	43.902	41	22	1	751	790	271	311	0.002	32.0
XP_029038830.1	XP_006562308.2	74.100	2305	448	61	1	2198	1	2263	0.0	3093
XP_029038830.1	XP_006562311.2	74.745	2055	394	57	250	2198	30	2065	0.0	2771
XP_029038830.1	XP_006562310.2	74.745	2055	394	57	250	2198	30	2065	0.0	2771
XP_029038830.1	XP_016771029.2	71.333	1800	390	58	506	2198	83	1863	0.0	2203
XP_029038830.1	XP_016771028.2	70.805	1764	390	57	541	2198	183	1927	0.0	2136
XP_029038831.1	XP_006562308.2	74.100	2305	448	61	1	2198	1	2263	0.0	3093
XP_029038831.1	XP_006562311.2	74.745	2055	394	57	250	2198	30	2065	0.0	2771
XP_029038831.1	XP_006562310.2	74.745	2055	394	57	250	2198	30	2065	0.0	2771
XP_029038831.1	XP_016771029.2	71.333	1800	390	58	506	2198	83	1863	0.0	2203
XP_029038831.1	XP_016771028.2	70.805	1764	390	57	541	2198	183	1927	0.0	2136
XP_029038832.1	XP_006562308.2	74.781	2284	448	60	1	2177	1	2263	0.0	3107
XP_029038832.1	XP_006562311.2	73.723	2055	394	58	250	2177	30	2065	0.0	2712
XP_029038832.1	XP_006562310.2	73.723	2055	394	58	250	2177	30	2065	0.0	2712
XP_029038832.1	XP_016771029.2	70.167	1800	390	59	506	2177	83	1863	0.0	2144
XP_029038832.1	XP_016771028.2	69.615	1764	390	58	541	2177	183	1927	0.0	2075
XP_029038833.1	XP_006562311.2	74.793	2055	393	58	35	1983	30	2065	0.0	2774
XP_029038833.1	XP_006562310.2	74.793	2055	393	58	35	1983	30	2065	0.0	2774
XP_029038833.1	XP_006562308.2	73.863	2089	400	59	1	1983	215	2263	0.0	2763
XP_029038833.1	XP_016771029.2	71.389	1800	389	59	291	1983	83	1863	0.0	2207
XP_029038833.1	XP_016771028.2	70.862	1764	389	58	326	1983	183	1927	0.0	2139
XP_029038834.1	XP_006562311.2	74.952	2084	394	59	1	1975	1	2065	0.0	2805
XP_029038834.1	XP_006562310.2	74.952	2084	394	59	1	1975	1	2065	0.0	2805
XP_029038834.1	XP_006562308.2	73.820	2055	392	59	27	1975	249	2263	0.0	2713
XP_029038834.1	XP_016771029.2	71.333	1800	390	58	283	1975	83	1863	0.0	2207
XP_029038834.1	XP_016771028.2	70.805	1764	390	57	318	1975	183	1927	0.0	2138
XP_029038835.1	XP_006562311.2	74.952	2084	394	59	1	1975	1	2065	0.0	2805
XP_029038835.1	XP_006562310.2	74.952	2084	394	59	1	1975	1	2065	0.0	2805
XP_029038835.1	XP_006562308.2	73.820	2055	392	59	27	1975	249	2263	0.0	2713
XP_029038835.1	XP_016771029.2	71.333	1800	390	58	283	1975	83	1863	0.0	2207
XP_029038835.1	XP_016771028.2	70.805	1764	390	57	318	1975	183	1927	0.0	2138
XP_029038836.1	XP_006562311.2	74.952	2084	394	59	1	1975	1	2065	0.0	2805
XP_029038836.1	XP_006562310.2	74.952	2084	394	59	1	1975	1	2065	0.0	2805
XP_029038836.1	XP_006562308.2	73.820	2055	392	59	27	1975	249	2263	0.0	2713
XP_029038836.1	XP_016771029.2	71.333	1800	390	58	283	1975	83	1863	0.0	2207
XP_029038836.1	XP_016771028.2	70.805	1764	390	57	318	1975	183	1927	0.0	2138
XP_029038837.1	XP_006562311.2	74.842	2055	392	58	20	1968	30	2065	0.0	2774
XP_029038837.1	XP_006562310.2	74.842	2055	392	58	20	1968	30	2065	0.0	2774
XP_029038837.1	XP_006562308.2	73.820	2055	392	59	20	1968	249	2263	0.0	2712
XP_029038837.1	XP_016771029.2	71.389	1800	389	59	276	1968	83	1863	0.0	2206
XP_029038837.1	XP_016771028.2	70.862	1764	389	58	311	1968	183	1927	0.0	2135
XP_029038861.1	XP_016771021.1	84.720	661	95	2	1	656	1	660	0.0	1179
XP_029038861.1	XP_016771020.1	84.720	661	95	2	1	656	1	660	0.0	1179
XP_029038862.1	XP_016771021.1	84.720	661	95	2	1	656	1	660	0.0	1179
XP_029038862.1	XP_016771020.1	84.720	661	95	2	1	656	1	660	0.0	1179
XP_029038864.1	XP_016771021.1	84.720	661	95	2	1	656	1	660	0.0	1179
XP_029038864.1	XP_016771020.1	84.720	661	95	2	1	656	1	660	0.0	1179
XP_029038865.1	XP_016771021.1	84.340	530	77	2	16	540	132	660	0.0	935
XP_029038865.1	XP_016771020.1	84.340	530	77	2	16	540	132	660	0.0	935
XP_029038897.1	NP_001011612.1	50.000	16	8	0	211	226	8	23	0.042	23.9
XP_029039141.1	XP_006562308.2	27.586	87	55	2	98	183	1088	1167	0.024	28.5
XP_029039141.1	XP_006562311.2	27.586	87	55	2	98	183	890	969	0.035	28.1
XP_029039141.1	XP_006562310.2	27.586	87	55	2	98	183	890	969	0.035	28.1
XP_029039404.1	XP_006562308.2	33.333	45	30	0	871	915	60	104	0.009	30.4
XP_029039622.1	XP_006562308.2	25.743	101	70	3	257	354	2033	2131	0.009	28.5
XP_029039622.1	XP_006562311.2	25.743	101	70	3	257	354	1835	1933	0.010	28.5
XP_029039622.1	XP_006562310.2	25.743	101	70	3	257	354	1835	1933	0.010	28.5
XP_029039622.1	XP_016771029.2	25.743	101	70	3	257	354	1633	1731	0.020	27.3
XP_029039622.1	XP_016771028.2	25.743	101	70	3	257	354	1697	1795	0.026	26.9
XP_029039623.1	XP_006562308.2	25.743	101	70	3	257	354	2033	2131	0.009	28.5
XP_029039623.1	XP_006562311.2	25.743	101	70	3	257	354	1835	1933	0.010	28.5
XP_029039623.1	XP_006562310.2	25.743	101	70	3	257	354	1835	1933	0.010	28.5
XP_029039623.1	XP_016771029.2	25.743	101	70	3	257	354	1633	1731	0.020	27.3
XP_029039623.1	XP_016771028.2	25.743	101	70	3	257	354	1697	1795	0.026	26.9
XP_029039624.1	XP_006562308.2	25.743	101	70	3	257	354	2033	2131	0.009	28.5
XP_029039624.1	XP_006562311.2	25.743	101	70	3	257	354	1835	1933	0.010	28.5
XP_029039624.1	XP_006562310.2	25.743	101	70	3	257	354	1835	1933	0.010	28.5
XP_029039624.1	XP_016771029.2	25.743	101	70	3	257	354	1633	1731	0.020	27.3
XP_029039624.1	XP_016771028.2	25.743	101	70	3	257	354	1697	1795	0.026	26.9
XP_029039630.1	XP_016771021.1	27.273	44	23	1	84	127	114	148	0.031	25.0
XP_029039630.1	XP_016771020.1	27.273	44	23	1	84	127	114	148	0.031	25.0
XP_029039750.1	XP_006562308.2	26.068	234	143	7	485	692	283	512	5.82e-18	80.1
XP_029039750.1	XP_006562311.2	26.068	234	143	7	485	692	64	293	6.50e-18	80.1
XP_029039750.1	XP_006562310.2	26.068	234	143	7	485	692	64	293	6.50e-18	80.1
XP_029039760.1	XP_006562308.2	26.068	234	143	7	485	692	283	512	2.14e-17	77.8
XP_029039760.1	XP_006562311.2	26.068	234	143	7	485	692	64	293	3.29e-17	77.4
XP_029039760.1	XP_006562310.2	26.068	234	143	7	485	692	64	293	3.29e-17	77.4
XP_029039927.1	XP_016771028.2	23.438	64	44	1	29	92	1471	1529	0.049	24.3
XP_029039927.1	XP_006562311.2	28.571	35	25	0	29	63	1609	1643	0.050	24.3
XP_029039927.1	XP_006562310.2	28.571	35	25	0	29	63	1609	1643	0.050	24.3
XP_029039936.1	XP_006562308.2	23.466	277	185	8	361	611	283	558	2.32e-15	70.1
XP_029039936.1	XP_006562311.2	23.466	277	185	8	361	611	64	339	5.81e-15	68.9
XP_029039936.1	XP_006562310.2	23.466	277	185	8	361	611	64	339	5.81e-15	68.9
XP_029039944.1	XP_016771028.2	32.836	67	35	4	61	118	1147	1212	0.040	26.9
XP_029039944.1	XP_016771029.2	32.836	67	35	4	61	118	1083	1148	0.044	26.6
XP_029040292.1	XP_006562308.2	35.000	60	36	2	885	941	270	329	0.005	31.2
XP_029040292.1	XP_006562311.2	35.000	60	36	2	885	941	51	110	0.006	31.2
XP_029040292.1	XP_006562310.2	35.000	60	36	2	885	941	51	110	0.006	31.2
XP_029040586.1	NP_001011611.2	38.710	31	15	1	6	36	20	46	0.037	24.3
XP_029040857.1	XP_006562311.2	26.389	72	50	1	278	349	432	500	0.006	30.0
XP_029040857.1	XP_006562310.2	26.389	72	50	1	278	349	432	500	0.006	30.0
XP_029040875.1	XP_006562308.2	24.286	70	53	0	6	75	880	949	0.013	28.9
XP_029040875.1	XP_006562311.2	24.286	70	53	0	6	75	682	751	0.013	28.9
XP_029040875.1	XP_006562310.2	24.286	70	53	0	6	75	682	751	0.013	28.9
XP_029040875.1	XP_016771029.2	24.286	70	53	0	6	75	480	549	0.021	28.1
XP_029040875.1	XP_016771028.2	24.286	70	53	0	6	75	544	613	0.023	28.1
XP_029040973.1	XP_016771029.2	25.000	88	54	2	99	185	169	245	1.67e-04	32.7
XP_029040973.1	XP_006562311.2	25.000	88	54	2	99	185	371	447	1.71e-04	32.3
XP_029040973.1	XP_006562310.2	25.000	88	54	2	99	185	371	447	1.71e-04	32.3
XP_029040973.1	XP_016771028.2	25.000	88	54	2	99	185	233	309	1.78e-04	32.3
XP_029040973.1	XP_006562308.2	27.143	70	39	2	99	167	590	648	0.004	28.5
XP_029041499.1	XP_016771028.2	45.833	24	13	0	348	371	1484	1507	0.028	26.9
XP_029041499.1	XP_016771029.2	45.833	24	13	0	348	371	1420	1443	0.029	26.9
XP_029041499.1	XP_006562311.2	45.833	24	13	0	348	371	1622	1645	0.034	26.9
XP_029041499.1	XP_006562310.2	45.833	24	13	0	348	371	1622	1645	0.034	26.9
XP_029041499.1	XP_006562308.2	45.833	24	13	0	348	371	1820	1843	0.038	26.6
XP_029041500.1	XP_016771028.2	45.833	24	13	0	348	371	1484	1507	0.028	26.9
XP_029041500.1	XP_016771029.2	45.833	24	13	0	348	371	1420	1443	0.029	26.9
XP_029041500.1	XP_006562311.2	45.833	24	13	0	348	371	1622	1645	0.034	26.9
XP_029041500.1	XP_006562310.2	45.833	24	13	0	348	371	1622	1645	0.034	26.9
XP_029041500.1	XP_006562308.2	45.833	24	13	0	348	371	1820	1843	0.038	26.6
XP_029041501.1	XP_016771028.2	45.833	24	13	0	348	371	1484	1507	0.028	26.9
XP_029041501.1	XP_016771029.2	45.833	24	13	0	348	371	1420	1443	0.029	26.9
XP_029041501.1	XP_006562311.2	45.833	24	13	0	348	371	1622	1645	0.034	26.9
XP_029041501.1	XP_006562310.2	45.833	24	13	0	348	371	1622	1645	0.034	26.9
XP_029041501.1	XP_006562308.2	45.833	24	13	0	348	371	1820	1843	0.038	26.6
XP_029041502.1	XP_016771028.2	45.833	24	13	0	348	371	1484	1507	0.028	26.9
XP_029041502.1	XP_016771029.2	45.833	24	13	0	348	371	1420	1443	0.029	26.9
XP_029041502.1	XP_006562311.2	45.833	24	13	0	348	371	1622	1645	0.034	26.9
XP_029041502.1	XP_006562310.2	45.833	24	13	0	348	371	1622	1645	0.034	26.9
XP_029041502.1	XP_006562308.2	45.833	24	13	0	348	371	1820	1843	0.038	26.6
XP_029041503.1	XP_016771028.2	45.833	24	13	0	348	371	1484	1507	0.028	26.9
XP_029041503.1	XP_016771029.2	45.833	24	13	0	348	371	1420	1443	0.029	26.9
XP_029041503.1	XP_006562311.2	45.833	24	13	0	348	371	1622	1645	0.034	26.9
XP_029041503.1	XP_006562310.2	45.833	24	13	0	348	371	1622	1645	0.034	26.9
XP_029041503.1	XP_006562308.2	45.833	24	13	0	348	371	1820	1843	0.038	26.6
XP_029041504.1	XP_016771029.2	45.833	24	13	0	340	363	1420	1443	0.027	26.9
XP_029041504.1	XP_016771028.2	45.833	24	13	0	340	363	1484	1507	0.027	26.9
XP_029041504.1	XP_006562311.2	45.833	24	13	0	340	363	1622	1645	0.033	26.9
XP_029041504.1	XP_006562310.2	45.833	24	13	0	340	363	1622	1645	0.033	26.9
XP_029041504.1	XP_006562308.2	45.833	24	13	0	340	363	1820	1843	0.036	26.6
XP_029041856.1	XP_016771028.2	37.838	37	23	0	486	522	1447	1483	0.042	26.9
XP_029041856.1	XP_016771029.2	37.838	37	23	0	486	522	1383	1419	0.042	26.9
XP_029041856.1	XP_006562308.2	37.838	37	23	0	486	522	1783	1819	0.042	26.9
XP_029041856.1	XP_006562311.2	37.838	37	23	0	486	522	1585	1621	0.043	26.9
XP_029041856.1	XP_006562310.2	37.838	37	23	0	486	522	1585	1621	0.043	26.9
XP_029042177.1	XP_016771028.2	29.412	51	32	1	124	174	1325	1371	0.041	25.4
XP_029042177.1	XP_006562311.2	29.412	51	32	1	124	174	1463	1509	0.046	25.4
XP_029042177.1	XP_006562310.2	29.412	51	32	1	124	174	1463	1509	0.046	25.4
XP_029042177.1	XP_016771029.2	29.412	51	32	1	124	174	1261	1307	0.047	25.0
XP_029042177.1	XP_006562308.2	29.412	51	32	1	124	174	1661	1707	0.048	25.0
XP_029042178.1	XP_016771028.2	29.412	51	32	1	124	174	1325	1371	0.041	25.4
XP_029042178.1	XP_006562311.2	29.412	51	32	1	124	174	1463	1509	0.046	25.4
XP_029042178.1	XP_006562310.2	29.412	51	32	1	124	174	1463	1509	0.046	25.4
XP_029042178.1	XP_016771029.2	29.412	51	32	1	124	174	1261	1307	0.047	25.0
XP_029042178.1	XP_006562308.2	29.412	51	32	1	124	174	1661	1707	0.048	25.0
XP_029042179.1	XP_016771028.2	29.412	51	32	1	124	174	1325	1371	0.041	25.4
XP_029042179.1	XP_006562311.2	29.412	51	32	1	124	174	1463	1509	0.046	25.4
XP_029042179.1	XP_006562310.2	29.412	51	32	1	124	174	1463	1509	0.046	25.4
XP_029042179.1	XP_016771029.2	29.412	51	32	1	124	174	1261	1307	0.047	25.0
XP_029042179.1	XP_006562308.2	29.412	51	32	1	124	174	1661	1707	0.048	25.0
XP_029042180.1	XP_016771028.2	29.412	51	32	1	124	174	1325	1371	0.041	25.4
XP_029042180.1	XP_006562311.2	29.412	51	32	1	124	174	1463	1509	0.046	25.4
XP_029042180.1	XP_006562310.2	29.412	51	32	1	124	174	1463	1509	0.046	25.4
XP_029042180.1	XP_016771029.2	29.412	51	32	1	124	174	1261	1307	0.047	25.0
XP_029042180.1	XP_006562308.2	29.412	51	32	1	124	174	1661	1707	0.048	25.0
XP_029042282.1	XP_006562308.2	28.723	94	61	2	56	143	735	828	0.013	26.9
XP_029042282.1	XP_006562311.2	28.723	94	61	2	56	143	537	630	0.014	26.9
XP_029042282.1	XP_006562310.2	28.723	94	61	2	56	143	537	630	0.014	26.9
XP_029042282.1	XP_016771028.2	28.723	94	61	2	56	143	399	492	0.014	26.9
XP_029042282.1	XP_016771029.2	28.723	94	61	2	56	143	335	428	0.017	26.6
XP_029042283.1	XP_006562308.2	28.723	94	61	2	55	142	735	828	0.012	27.3
XP_029042283.1	XP_016771028.2	28.723	94	61	2	55	142	399	492	0.013	26.9
XP_029042283.1	XP_006562311.2	28.723	94	61	2	55	142	537	630	0.013	26.9
XP_029042283.1	XP_006562310.2	28.723	94	61	2	55	142	537	630	0.013	26.9
XP_029042283.1	XP_016771029.2	28.723	94	61	2	55	142	335	428	0.015	26.9
XP_029042358.1	XP_006562311.2	28.571	238	136	8	73	282	56	287	1.66e-17	74.7
XP_029042358.1	XP_006562310.2	28.571	238	136	8	73	282	56	287	1.66e-17	74.7
XP_029042358.1	XP_006562308.2	26.937	271	140	9	73	306	275	524	9.73e-17	72.4
XP_029042359.1	XP_006562311.2	28.571	238	136	8	73	282	56	287	1.66e-17	74.7
XP_029042359.1	XP_006562310.2	28.571	238	136	8	73	282	56	287	1.66e-17	74.7
XP_029042359.1	XP_006562308.2	26.937	271	140	9	73	306	275	524	9.73e-17	72.4
XP_029042693.1	XP_006562311.2	23.664	131	81	5	178	289	463	593	0.004	30.0
XP_029042693.1	XP_006562310.2	23.664	131	81	5	178	289	463	593	0.004	30.0
XP_029042693.1	XP_006562308.2	23.664	131	81	5	178	289	661	791	0.005	30.0
XP_029042693.1	XP_016771029.2	23.664	131	81	5	178	289	261	391	0.008	29.3
XP_029042693.1	XP_016771028.2	23.664	131	81	5	178	289	325	455	0.010	28.9
XP_029042953.1	XP_006562311.2	25.352	71	52	1	104	173	243	313	0.045	26.9
XP_029042953.1	XP_006562310.2	25.352	71	52	1	104	173	243	313	0.045	26.9
XP_029042953.1	XP_006562308.2	25.352	71	52	1	104	173	462	532	0.046	26.9
XP_029043038.1	XP_016771028.2	28.571	98	59	3	306	395	801	895	0.021	27.7
XP_029043038.1	XP_016771029.2	28.571	98	59	3	306	395	737	831	0.023	27.7
XP_029043038.1	XP_006562308.2	28.571	98	59	3	306	395	1137	1231	0.025	27.7
XP_029043038.1	XP_006562311.2	28.571	98	59	3	306	395	939	1033	0.025	27.7
XP_029043038.1	XP_006562310.2	28.571	98	59	3	306	395	939	1033	0.025	27.7
XP_029043039.1	XP_016771029.2	28.571	98	59	3	304	393	737	831	0.022	27.7
XP_029043039.1	XP_016771028.2	28.571	98	59	3	304	393	801	895	0.023	27.7
XP_029043039.1	XP_006562311.2	28.571	98	59	3	304	393	939	1033	0.025	27.7
XP_029043039.1	XP_006562310.2	28.571	98	59	3	304	393	939	1033	0.025	27.7
XP_029043039.1	XP_006562308.2	28.571	98	59	3	304	393	1137	1231	0.025	27.7
XP_029043226.1	XP_006562308.2	22.519	262	146	12	233	474	271	495	0.001	32.0
XP_029043226.1	XP_006562311.2	22.519	262	146	12	233	474	52	276	0.001	31.6
XP_029043226.1	XP_006562310.2	22.519	262	146	12	233	474	52	276	0.001	31.6
XP_029043227.1	XP_006562308.2	22.519	262	146	12	233	474	271	495	0.001	32.0
XP_029043227.1	XP_006562311.2	22.519	262	146	12	233	474	52	276	0.001	31.6
XP_029043227.1	XP_006562310.2	22.519	262	146	12	233	474	52	276	0.001	31.6
XP_029043827.1	XP_006562311.2	26.087	46	34	0	38	83	1849	1894	0.015	24.3
XP_029043827.1	XP_006562310.2	26.087	46	34	0	38	83	1849	1894	0.015	24.3
XP_029043827.1	XP_006562308.2	26.087	46	34	0	38	83	2047	2092	0.016	23.9
XP_029043827.1	XP_016771029.2	26.087	46	34	0	38	83	1647	1692	0.018	23.9
XP_029043827.1	XP_016771028.2	26.087	46	34	0	38	83	1711	1756	0.020	23.9
XP_029043828.1	XP_006562311.2	26.087	46	34	0	34	79	1849	1894	0.013	24.3
XP_029043828.1	XP_006562310.2	26.087	46	34	0	34	79	1849	1894	0.013	24.3
XP_029043828.1	XP_006562308.2	26.087	46	34	0	34	79	2047	2092	0.014	23.9
XP_029043828.1	XP_016771029.2	26.087	46	34	0	34	79	1647	1692	0.016	23.9
XP_029043828.1	XP_016771028.2	26.087	46	34	0	34	79	1711	1756	0.018	23.9
XP_029043829.1	XP_006562311.2	26.087	46	34	0	34	79	1849	1894	0.013	24.3
XP_029043829.1	XP_006562310.2	26.087	46	34	0	34	79	1849	1894	0.013	24.3
XP_029043829.1	XP_006562308.2	26.087	46	34	0	34	79	2047	2092	0.014	23.9
XP_029043829.1	XP_016771029.2	26.087	46	34	0	34	79	1647	1692	0.016	23.9
XP_029043829.1	XP_016771028.2	26.087	46	34	0	34	79	1711	1756	0.018	23.9
XP_029043889.1	XP_006562311.2	33.333	222	125	6	122	321	64	284	1.52e-29	112
XP_029043889.1	XP_006562310.2	33.333	222	125	6	122	321	64	284	1.52e-29	112
XP_029043889.1	XP_006562308.2	33.333	222	125	6	122	321	283	503	1.54e-29	112
XP_029043890.1	XP_006562311.2	33.333	222	125	6	100	299	64	284	1.89e-29	111
XP_029043890.1	XP_006562310.2	33.333	222	125	6	100	299	64	284	1.89e-29	111
XP_029043890.1	XP_006562308.2	33.333	222	125	6	100	299	283	503	2.54e-29	110
XP_029043891.1	XP_006562311.2	33.333	222	125	6	66	265	64	284	1.72e-29	110
XP_029043891.1	XP_006562310.2	33.333	222	125	6	66	265	64	284	1.72e-29	110
XP_029043891.1	XP_006562308.2	33.333	222	125	6	66	265	283	503	1.89e-29	110
XP_029043892.1	XP_006562311.2	31.500	200	114	6	122	299	64	262	2.61e-21	85.1
XP_029043892.1	XP_006562310.2	31.500	200	114	6	122	299	64	262	2.61e-21	85.1
XP_029043892.1	XP_006562308.2	31.500	200	114	6	122	299	283	481	2.64e-21	85.1
XP_029043985.1	XP_016771028.2	26.277	137	83	3	828	963	384	503	0.011	30.0
XP_029043985.1	XP_016771029.2	26.277	137	83	3	828	963	320	439	0.016	29.6
XP_029043985.1	XP_006562308.2	29.670	91	46	3	828	917	720	793	0.026	28.9
XP_029043985.1	XP_006562311.2	26.277	137	83	3	828	963	522	641	0.028	28.9
XP_029043985.1	XP_006562310.2	26.277	137	83	3	828	963	522	641	0.028	28.9
XP_029043995.1	XP_016771028.2	26.277	137	83	3	828	963	384	503	0.011	30.0
XP_029043995.1	XP_016771029.2	26.277	137	83	3	828	963	320	439	0.016	29.6
XP_029043995.1	XP_006562308.2	29.670	91	46	3	828	917	720	793	0.026	28.9
XP_029043995.1	XP_006562311.2	26.277	137	83	3	828	963	522	641	0.028	28.9
XP_029043995.1	XP_006562310.2	26.277	137	83	3	828	963	522	641	0.028	28.9
XP_029044006.1	XP_016771028.2	26.277	137	83	3	828	963	384	503	0.011	30.0
XP_029044006.1	XP_016771029.2	26.277	137	83	3	828	963	320	439	0.016	29.6
XP_029044006.1	XP_006562308.2	29.670	91	46	3	828	917	720	793	0.026	28.9
XP_029044006.1	XP_006562311.2	26.277	137	83	3	828	963	522	641	0.028	28.9
XP_029044006.1	XP_006562310.2	26.277	137	83	3	828	963	522	641	0.028	28.9
XP_029044015.1	XP_016771028.2	26.277	137	83	3	828	963	384	503	0.011	30.0
XP_029044015.1	XP_016771029.2	26.277	137	83	3	828	963	320	439	0.016	29.6
XP_029044015.1	XP_006562308.2	29.670	91	46	3	828	917	720	793	0.026	28.9
XP_029044015.1	XP_006562311.2	26.277	137	83	3	828	963	522	641	0.028	28.9
XP_029044015.1	XP_006562310.2	26.277	137	83	3	828	963	522	641	0.028	28.9
XP_029044023.1	XP_016771028.2	26.277	137	83	3	828	963	384	503	0.012	30.0
XP_029044023.1	XP_016771029.2	26.277	137	83	3	828	963	320	439	0.016	29.6
XP_029044023.1	XP_006562308.2	29.670	91	46	3	828	917	720	793	0.026	28.9
XP_029044023.1	XP_006562311.2	26.277	137	83	3	828	963	522	641	0.027	28.9
XP_029044023.1	XP_006562310.2	26.277	137	83	3	828	963	522	641	0.027	28.9
XP_029044031.1	XP_016771028.2	26.277	137	83	3	822	957	384	503	0.012	30.0
XP_029044031.1	XP_016771029.2	26.277	137	83	3	822	957	320	439	0.016	29.6
XP_029044031.1	XP_006562308.2	29.670	91	46	3	822	911	720	793	0.027	28.9
XP_029044031.1	XP_006562311.2	26.277	137	83	3	822	957	522	641	0.029	28.9
XP_029044031.1	XP_006562310.2	26.277	137	83	3	822	957	522	641	0.029	28.9
XP_029044035.1	XP_016771028.2	26.277	137	83	3	810	945	384	503	0.013	30.0
XP_029044035.1	XP_016771029.2	26.277	137	83	3	810	945	320	439	0.018	29.3
XP_029044035.1	XP_006562308.2	29.670	91	46	3	810	899	720	793	0.023	28.9
XP_029044035.1	XP_006562311.2	26.277	137	83	3	810	945	522	641	0.029	28.9
XP_029044035.1	XP_006562310.2	26.277	137	83	3	810	945	522	641	0.029	28.9
XP_029044043.1	XP_016771028.2	26.277	137	83	3	828	963	384	503	0.013	30.0
XP_029044043.1	XP_016771029.2	26.277	137	83	3	828	963	320	439	0.015	29.6
XP_029044043.1	XP_006562308.2	26.277	137	83	3	828	963	720	839	0.023	28.9
XP_029044043.1	XP_006562311.2	26.277	137	83	3	828	963	522	641	0.028	28.9
XP_029044043.1	XP_006562310.2	26.277	137	83	3	828	963	522	641	0.028	28.9
XP_029044052.1	XP_016771028.2	26.277	137	83	3	828	963	384	503	0.013	30.0
XP_029044052.1	XP_016771029.2	26.277	137	83	3	828	963	320	439	0.015	29.6
XP_029044052.1	XP_006562308.2	26.277	137	83	3	828	963	720	839	0.023	28.9
XP_029044052.1	XP_006562311.2	26.277	137	83	3	828	963	522	641	0.027	28.9
XP_029044052.1	XP_006562310.2	26.277	137	83	3	828	963	522	641	0.027	28.9
XP_029044061.1	XP_016771028.2	26.277	137	83	3	828	963	384	503	0.012	30.0
XP_029044061.1	XP_016771029.2	26.277	137	83	3	828	963	320	439	0.014	29.6
XP_029044061.1	XP_006562308.2	26.277	137	83	3	828	963	720	839	0.025	28.9
XP_029044061.1	XP_006562311.2	26.277	137	83	3	828	963	522	641	0.027	28.9
XP_029044061.1	XP_006562310.2	26.277	137	83	3	828	963	522	641	0.027	28.9
XP_029044071.1	XP_016771028.2	26.277	137	83	3	828	963	384	503	0.012	30.0
XP_029044071.1	XP_016771029.2	26.277	137	83	3	828	963	320	439	0.014	29.6
XP_029044071.1	XP_006562308.2	26.277	137	83	3	828	963	720	839	0.024	28.9
XP_029044071.1	XP_006562311.2	26.277	137	83	3	828	963	522	641	0.026	28.9
XP_029044071.1	XP_006562310.2	26.277	137	83	3	828	963	522	641	0.026	28.9
XP_029044079.1	XP_016771028.2	26.277	137	83	3	810	945	384	503	0.014	29.6
XP_029044079.1	XP_016771029.2	26.277	137	83	3	810	945	320	439	0.017	29.6
XP_029044079.1	XP_006562308.2	29.670	91	46	3	810	899	720	793	0.024	28.9
XP_029044079.1	XP_006562311.2	26.277	137	83	3	810	945	522	641	0.029	28.9
XP_029044079.1	XP_006562310.2	26.277	137	83	3	810	945	522	641	0.029	28.9
XP_029044089.1	XP_016771028.2	26.277	137	83	3	804	939	384	503	0.014	29.6
XP_029044089.1	XP_016771029.2	26.277	137	83	3	804	939	320	439	0.017	29.3
XP_029044089.1	XP_006562308.2	29.670	91	46	3	804	893	720	793	0.025	28.9
XP_029044089.1	XP_006562311.2	29.670	91	46	3	804	893	522	595	0.031	28.5
XP_029044089.1	XP_006562310.2	29.670	91	46	3	804	893	522	595	0.031	28.5
XP_029044408.1	XP_006562311.2	24.113	141	81	7	347	474	1560	1687	0.043	26.6
XP_029044408.1	XP_006562310.2	24.113	141	81	7	347	474	1560	1687	0.043	26.6
XP_029044408.1	XP_016771029.2	24.113	141	81	7	347	474	1358	1485	0.047	26.6
XP_029044409.1	XP_006562311.2	24.113	141	81	7	347	474	1560	1687	0.043	26.6
XP_029044409.1	XP_006562310.2	24.113	141	81	7	347	474	1560	1687	0.043	26.6
XP_029044409.1	XP_016771029.2	24.113	141	81	7	347	474	1358	1485	0.047	26.6
XP_029044821.1	XP_016771029.2	36.170	47	27	1	75	118	1426	1472	0.009	27.7
XP_029044821.1	XP_006562311.2	36.170	47	27	1	75	118	1628	1674	0.011	27.3
XP_029044821.1	XP_006562310.2	36.170	47	27	1	75	118	1628	1674	0.011	27.3
XP_029044821.1	XP_006562308.2	36.170	47	27	1	75	118	1826	1872	0.012	26.9
XP_029044821.1	XP_016771028.2	36.170	47	27	1	75	118	1490	1536	0.018	26.6
XP_029044848.1	XP_016771028.2	26.277	137	83	3	828	963	384	503	0.011	30.0
XP_029044848.1	XP_016771029.2	26.277	137	83	3	828	963	320	439	0.016	29.6
XP_029044848.1	XP_006562308.2	29.670	91	46	3	828	917	720	793	0.026	28.9
XP_029044848.1	XP_006562311.2	26.277	137	83	3	828	963	522	641	0.028	28.9
XP_029044848.1	XP_006562310.2	26.277	137	83	3	828	963	522	641	0.028	28.9
XP_029044856.1	XP_016771028.2	26.277	137	83	3	828	963	384	503	0.011	30.0
XP_029044856.1	XP_016771029.2	26.277	137	83	3	828	963	320	439	0.016	29.6
XP_029044856.1	XP_006562308.2	29.670	91	46	3	828	917	720	793	0.026	28.9
XP_029044856.1	XP_006562311.2	26.277	137	83	3	828	963	522	641	0.028	28.9
XP_029044856.1	XP_006562310.2	26.277	137	83	3	828	963	522	641	0.028	28.9
XP_029044866.1	XP_016771028.2	26.277	137	83	3	828	963	384	503	0.011	30.0
XP_029044866.1	XP_016771029.2	26.277	137	83	3	828	963	320	439	0.016	29.6
XP_029044866.1	XP_006562308.2	29.670	91	46	3	828	917	720	793	0.026	28.9
XP_029044866.1	XP_006562311.2	26.277	137	83	3	828	963	522	641	0.028	28.9
XP_029044866.1	XP_006562310.2	26.277	137	83	3	828	963	522	641	0.028	28.9
XP_029044873.1	XP_016771028.2	26.277	137	83	3	828	963	384	503	0.011	30.0
XP_029044873.1	XP_016771029.2	26.277	137	83	3	828	963	320	439	0.016	29.6
XP_029044873.1	XP_006562308.2	29.670	91	46	3	828	917	720	793	0.026	28.9
XP_029044873.1	XP_006562311.2	26.277	137	83	3	828	963	522	641	0.028	28.9
XP_029044873.1	XP_006562310.2	26.277	137	83	3	828	963	522	641	0.028	28.9
XP_029044883.1	XP_016771028.2	26.277	137	83	3	828	963	384	503	0.012	30.0
XP_029044883.1	XP_016771029.2	26.277	137	83	3	828	963	320	439	0.016	29.6
XP_029044883.1	XP_006562308.2	29.670	91	46	3	828	917	720	793	0.026	28.9
XP_029044883.1	XP_006562311.2	26.277	137	83	3	828	963	522	641	0.027	28.9
XP_029044883.1	XP_006562310.2	26.277	137	83	3	828	963	522	641	0.027	28.9
XP_029044892.1	XP_016771028.2	26.277	137	83	3	822	957	384	503	0.012	30.0
XP_029044892.1	XP_016771029.2	26.277	137	83	3	822	957	320	439	0.016	29.6
XP_029044892.1	XP_006562308.2	29.670	91	46	3	822	911	720	793	0.027	28.9
XP_029044892.1	XP_006562311.2	26.277	137	83	3	822	957	522	641	0.029	28.9
XP_029044892.1	XP_006562310.2	26.277	137	83	3	822	957	522	641	0.029	28.9
XP_029044901.1	XP_016771028.2	26.277	137	83	3	810	945	384	503	0.013	30.0
XP_029044901.1	XP_016771029.2	26.277	137	83	3	810	945	320	439	0.018	29.3
XP_029044901.1	XP_006562308.2	29.670	91	46	3	810	899	720	793	0.023	28.9
XP_029044901.1	XP_006562311.2	26.277	137	83	3	810	945	522	641	0.029	28.9
XP_029044901.1	XP_006562310.2	26.277	137	83	3	810	945	522	641	0.029	28.9
XP_029044908.1	XP_016771028.2	26.277	137	83	3	828	963	384	503	0.013	30.0
XP_029044908.1	XP_016771029.2	26.277	137	83	3	828	963	320	439	0.015	29.6
XP_029044908.1	XP_006562308.2	26.277	137	83	3	828	963	720	839	0.023	28.9
XP_029044908.1	XP_006562311.2	26.277	137	83	3	828	963	522	641	0.028	28.9
XP_029044908.1	XP_006562310.2	26.277	137	83	3	828	963	522	641	0.028	28.9
XP_029044915.1	XP_016771028.2	26.277	137	83	3	828	963	384	503	0.013	30.0
XP_029044915.1	XP_016771029.2	26.277	137	83	3	828	963	320	439	0.015	29.6
XP_029044915.1	XP_006562308.2	26.277	137	83	3	828	963	720	839	0.023	28.9
XP_029044915.1	XP_006562311.2	26.277	137	83	3	828	963	522	641	0.027	28.9
XP_029044915.1	XP_006562310.2	26.277	137	83	3	828	963	522	641	0.027	28.9
XP_029044924.1	XP_016771028.2	26.277	137	83	3	828	963	384	503	0.012	30.0
XP_029044924.1	XP_016771029.2	26.277	137	83	3	828	963	320	439	0.014	29.6
XP_029044924.1	XP_006562308.2	26.277	137	83	3	828	963	720	839	0.025	28.9
XP_029044924.1	XP_006562311.2	26.277	137	83	3	828	963	522	641	0.027	28.9
XP_029044924.1	XP_006562310.2	26.277	137	83	3	828	963	522	641	0.027	28.9
XP_029044933.1	XP_016771028.2	26.277	137	83	3	828	963	384	503	0.012	30.0
XP_029044933.1	XP_016771029.2	26.277	137	83	3	828	963	320	439	0.014	29.6
XP_029044933.1	XP_006562308.2	26.277	137	83	3	828	963	720	839	0.024	28.9
XP_029044933.1	XP_006562311.2	26.277	137	83	3	828	963	522	641	0.026	28.9
XP_029044933.1	XP_006562310.2	26.277	137	83	3	828	963	522	641	0.026	28.9
XP_029045039.1	XP_016771028.2	56.250	16	7	0	458	473	104	119	0.042	26.6
XP_029045040.1	XP_016771028.2	56.250	16	7	0	458	473	104	119	0.042	26.6
XP_029045041.1	XP_016771028.2	56.250	16	7	0	458	473	104	119	0.042	26.6
XP_029045042.1	XP_016771028.2	56.250	16	7	0	453	468	104	119	0.039	26.6
XP_029045258.1	XP_006562308.2	25.301	83	56	2	19	97	1588	1668	0.046	28.5
XP_029045258.1	XP_006562311.2	25.301	83	56	2	19	97	1390	1470	0.048	28.5
XP_029045258.1	XP_006562310.2	25.301	83	56	2	19	97	1390	1470	0.048	28.5
XP_029045259.1	XP_006562308.2	25.301	83	56	2	19	97	1588	1668	0.046	28.5
XP_029045259.1	XP_006562311.2	25.301	83	56	2	19	97	1390	1470	0.049	28.5
XP_029045259.1	XP_006562310.2	25.301	83	56	2	19	97	1390	1470	0.049	28.5
XP_029046246.1	XP_006562308.2	29.944	177	101	6	608	765	331	503	3.47e-15	70.9
XP_029046246.1	XP_006562311.2	29.944	177	101	6	608	765	112	284	4.02e-15	70.5
XP_029046246.1	XP_006562310.2	29.944	177	101	6	608	765	112	284	4.02e-15	70.5
XP_029046247.1	XP_006562308.2	29.944	177	101	6	608	765	331	503	3.47e-15	70.9
XP_029046247.1	XP_006562311.2	29.944	177	101	6	608	765	112	284	4.02e-15	70.5
XP_029046247.1	XP_006562310.2	29.944	177	101	6	608	765	112	284	4.02e-15	70.5
XP_029046248.1	XP_006562308.2	29.944	177	101	6	602	759	331	503	3.30e-15	70.9
XP_029046248.1	XP_006562311.2	30.189	159	92	4	620	759	126	284	3.95e-15	70.9
XP_029046248.1	XP_006562310.2	30.189	159	92	4	620	759	126	284	3.95e-15	70.9
XP_029046249.1	XP_006562308.2	29.944	177	101	6	602	759	331	503	3.30e-15	70.9
XP_029046249.1	XP_006562311.2	30.189	159	92	4	620	759	126	284	3.95e-15	70.9
XP_029046249.1	XP_006562310.2	30.189	159	92	4	620	759	126	284	3.95e-15	70.9
XP_029046250.1	XP_006562308.2	29.944	177	101	6	602	759	331	503	3.30e-15	70.9
XP_029046250.1	XP_006562311.2	30.189	159	92	4	620	759	126	284	3.95e-15	70.9
XP_029046250.1	XP_006562310.2	30.189	159	92	4	620	759	126	284	3.95e-15	70.9
XP_029046251.1	XP_006562308.2	29.944	177	101	6	602	759	331	503	3.30e-15	70.9
XP_029046251.1	XP_006562311.2	30.189	159	92	4	620	759	126	284	3.95e-15	70.9
XP_029046251.1	XP_006562310.2	30.189	159	92	4	620	759	126	284	3.95e-15	70.9
XP_029046252.1	XP_006562308.2	29.560	159	93	4	626	765	345	503	3.18e-15	70.9
XP_029046252.1	XP_006562311.2	29.560	159	93	4	626	765	126	284	3.91e-15	70.5
XP_029046252.1	XP_006562310.2	29.560	159	93	4	626	765	126	284	3.91e-15	70.5
XP_029046483.1	XP_006562308.2	28.571	49	32	1	194	239	1881	1929	0.010	28.9
XP_029046483.1	XP_006562311.2	28.571	49	32	1	194	239	1683	1731	0.010	28.9
XP_029046483.1	XP_006562310.2	28.571	49	32	1	194	239	1683	1731	0.010	28.9
XP_029046483.1	XP_016771029.2	28.571	49	32	1	194	239	1481	1529	0.013	28.5
XP_029046483.1	XP_016771028.2	28.571	49	32	1	194	239	1545	1593	0.015	28.1
XP_029046487.1	XP_006562311.2	24.074	54	33	1	58	111	143	188	0.031	25.4
XP_029046487.1	XP_006562310.2	24.074	54	33	1	58	111	143	188	0.031	25.4
XP_029046487.1	XP_006562308.2	24.074	54	33	1	58	111	362	407	0.031	25.4
XP_029047208.1	XP_006562308.2	30.037	273	141	13	667	906	272	527	1.47e-20	89.0
XP_029047208.1	XP_006562311.2	30.037	273	141	13	667	906	53	308	2.25e-20	88.2
XP_029047208.1	XP_006562310.2	30.037	273	141	13	667	906	53	308	2.25e-20	88.2
XP_029047209.1	XP_006562308.2	30.037	273	141	13	631	870	272	527	1.99e-20	88.6
XP_029047209.1	XP_006562311.2	30.037	273	141	13	631	870	53	308	2.78e-20	87.8
XP_029047209.1	XP_006562310.2	30.037	273	141	13	631	870	53	308	2.78e-20	87.8
XP_029047210.1	XP_006562308.2	30.037	273	141	13	631	870	272	527	1.99e-20	88.6
XP_029047210.1	XP_006562311.2	30.037	273	141	13	631	870	53	308	2.78e-20	87.8
XP_029047210.1	XP_006562310.2	30.037	273	141	13	631	870	53	308	2.78e-20	87.8
XP_029047211.1	XP_006562308.2	30.037	273	141	13	631	870	272	527	1.99e-20	88.6
XP_029047211.1	XP_006562311.2	30.037	273	141	13	631	870	53	308	2.78e-20	87.8
XP_029047211.1	XP_006562310.2	30.037	273	141	13	631	870	53	308	2.78e-20	87.8
XP_029047358.1	XP_006562308.2	27.350	117	80	4	262	375	331	445	9.27e-05	36.2
XP_029047358.1	XP_006562311.2	27.350	117	80	4	262	375	112	226	1.18e-04	35.8
XP_029047358.1	XP_006562310.2	27.350	117	80	4	262	375	112	226	1.18e-04	35.8
XP_029047378.1	XP_016771028.2	35.484	31	20	0	79	109	1503	1533	0.042	26.2
XP_029047378.1	XP_016771029.2	35.484	31	20	0	79	109	1439	1469	0.044	26.2
XP_029047378.1	XP_006562308.2	30.769	39	27	0	79	117	1839	1877	0.045	26.2
XP_029047378.1	XP_006562311.2	35.484	31	20	0	79	109	1641	1671	0.047	26.2
XP_029047378.1	XP_006562310.2	35.484	31	20	0	79	109	1641	1671	0.047	26.2
XP_029047380.1	XP_016771028.2	35.484	31	20	0	70	100	1503	1533	0.038	26.2
XP_029047380.1	XP_016771029.2	35.484	31	20	0	70	100	1439	1469	0.040	26.2
XP_029047380.1	XP_006562311.2	35.484	31	20	0	70	100	1641	1671	0.041	26.2
XP_029047380.1	XP_006562310.2	35.484	31	20	0	70	100	1641	1671	0.041	26.2
XP_029047380.1	XP_006562308.2	30.769	39	27	0	70	108	1839	1877	0.043	26.2
XP_029047381.1	XP_016771028.2	35.484	31	20	0	70	100	1503	1533	0.038	26.2
XP_029047381.1	XP_016771029.2	35.484	31	20	0	70	100	1439	1469	0.040	26.2
XP_029047381.1	XP_006562311.2	35.484	31	20	0	70	100	1641	1671	0.041	26.2
XP_029047381.1	XP_006562310.2	35.484	31	20	0	70	100	1641	1671	0.041	26.2
XP_029047381.1	XP_006562308.2	30.769	39	27	0	70	108	1839	1877	0.043	26.2
XP_029047382.1	XP_016771028.2	35.484	31	20	0	70	100	1503	1533	0.038	26.2
XP_029047382.1	XP_016771029.2	35.484	31	20	0	70	100	1439	1469	0.040	26.2
XP_029047382.1	XP_006562311.2	35.484	31	20	0	70	100	1641	1671	0.041	26.2
XP_029047382.1	XP_006562310.2	35.484	31	20	0	70	100	1641	1671	0.041	26.2
XP_029047382.1	XP_006562308.2	30.769	39	27	0	70	108	1839	1877	0.043	26.2
XP_029047383.1	XP_016771028.2	35.484	31	20	0	70	100	1503	1533	0.038	26.2
XP_029047383.1	XP_016771029.2	35.484	31	20	0	70	100	1439	1469	0.040	26.2
XP_029047383.1	XP_006562311.2	35.484	31	20	0	70	100	1641	1671	0.041	26.2
XP_029047383.1	XP_006562310.2	35.484	31	20	0	70	100	1641	1671	0.041	26.2
XP_029047383.1	XP_006562308.2	30.769	39	27	0	70	108	1839	1877	0.043	26.2
XP_029047384.1	XP_016771028.2	35.484	31	20	0	70	100	1503	1533	0.038	26.2
XP_029047384.1	XP_016771029.2	35.484	31	20	0	70	100	1439	1469	0.040	26.2
XP_029047384.1	XP_006562311.2	35.484	31	20	0	70	100	1641	1671	0.041	26.2
XP_029047384.1	XP_006562310.2	35.484	31	20	0	70	100	1641	1671	0.041	26.2
XP_029047384.1	XP_006562308.2	30.769	39	27	0	70	108	1839	1877	0.043	26.2
XP_029048003.1	XP_006562308.2	20.438	137	92	4	390	509	353	489	9.80e-05	35.8
XP_029048003.1	XP_006562311.2	20.438	137	92	4	390	509	134	270	1.23e-04	35.4
XP_029048003.1	XP_006562310.2	20.438	137	92	4	390	509	134	270	1.23e-04	35.4
XP_029048012.1	XP_006562308.2	20.438	137	92	4	384	503	353	489	7.97e-05	36.2
XP_029048012.1	XP_006562311.2	20.438	137	92	4	384	503	134	270	8.85e-05	35.8
XP_029048012.1	XP_006562310.2	20.438	137	92	4	384	503	134	270	8.85e-05	35.8
XP_029048025.1	XP_006562308.2	26.531	98	66	2	102	194	876	972	0.045	28.5
XP_029048025.1	XP_006562311.2	26.531	98	66	2	102	194	678	774	0.047	28.1
XP_029048025.1	XP_006562310.2	26.531	98	66	2	102	194	678	774	0.047	28.1
XP_029048139.1	XP_006562308.2	24.138	145	94	5	915	1053	1010	1144	0.002	33.1
XP_029048139.1	XP_006562311.2	24.138	145	94	5	915	1053	812	946	0.002	32.7
XP_029048139.1	XP_006562310.2	24.138	145	94	5	915	1053	812	946	0.002	32.7
XP_029048139.1	XP_016771029.2	24.138	145	94	5	915	1053	610	744	0.003	32.3
XP_029048139.1	XP_016771028.2	24.138	145	94	5	915	1053	674	808	0.003	32.3
XP_029048148.1	XP_006562308.2	24.138	145	94	5	915	1053	1010	1144	0.002	33.1
XP_029048148.1	XP_006562311.2	24.138	145	94	5	915	1053	812	946	0.002	32.7
XP_029048148.1	XP_006562310.2	24.138	145	94	5	915	1053	812	946	0.002	32.7
XP_029048148.1	XP_016771029.2	24.138	145	94	5	915	1053	610	744	0.003	32.3
XP_029048148.1	XP_016771028.2	24.138	145	94	5	915	1053	674	808	0.003	32.3
XP_029048155.1	XP_006562308.2	24.138	145	94	5	915	1053	1010	1144	0.002	33.1
XP_029048155.1	XP_006562311.2	24.138	145	94	5	915	1053	812	946	0.002	32.7
XP_029048155.1	XP_006562310.2	24.138	145	94	5	915	1053	812	946	0.002	32.7
XP_029048155.1	XP_016771029.2	24.138	145	94	5	915	1053	610	744	0.003	32.3
XP_029048155.1	XP_016771028.2	24.138	145	94	5	915	1053	674	808	0.003	32.3
XP_029048164.1	XP_006562308.2	24.138	145	94	5	908	1046	1010	1144	0.002	33.1
XP_029048164.1	XP_006562311.2	24.138	145	94	5	908	1046	812	946	0.002	32.7
XP_029048164.1	XP_006562310.2	24.138	145	94	5	908	1046	812	946	0.002	32.7
XP_029048164.1	XP_016771029.2	24.138	145	94	5	908	1046	610	744	0.003	32.3
XP_029048164.1	XP_016771028.2	24.138	145	94	5	908	1046	674	808	0.003	32.3
XP_029048262.1	XP_016771028.2	40.741	27	16	0	48	74	1246	1272	0.044	24.3
XP_029048262.1	XP_016771029.2	40.741	27	16	0	48	74	1182	1208	0.047	24.3
XP_029048265.1	XP_016771029.2	38.462	39	20	1	146	184	900	934	0.026	28.9
XP_029048265.1	XP_006562311.2	38.462	39	20	1	146	184	1102	1136	0.028	28.9
XP_029048265.1	XP_006562310.2	38.462	39	20	1	146	184	1102	1136	0.028	28.9
XP_029048265.1	XP_016771028.2	38.462	39	20	1	146	184	964	998	0.028	28.9
XP_029048265.1	XP_006562308.2	38.462	39	20	1	146	184	1300	1334	0.029	28.9
XP_029048266.1	XP_016771029.2	38.462	39	20	1	403	441	900	934	0.043	28.5
XP_029048266.1	XP_016771028.2	38.462	39	20	1	403	441	964	998	0.045	28.5
XP_029048266.1	XP_006562311.2	38.462	39	20	1	403	441	1102	1136	0.046	28.5
XP_029048266.1	XP_006562310.2	38.462	39	20	1	403	441	1102	1136	0.046	28.5
XP_029048266.1	XP_006562308.2	38.462	39	20	1	403	441	1300	1334	0.049	28.5
XP_029048275.1	XP_006562311.2	31.579	38	26	0	15	52	277	314	0.032	26.6
XP_029048275.1	XP_006562310.2	31.579	38	26	0	15	52	277	314	0.032	26.6
XP_029048275.1	XP_006562308.2	31.579	38	26	0	15	52	496	533	0.032	26.6
XP_029048676.1	XP_016771021.1	36.667	30	19	0	59	88	418	447	0.034	26.9
XP_029048676.1	XP_016771020.1	36.667	30	19	0	59	88	418	447	0.034	26.9
XP_029048980.1	XP_006562311.2	34.211	38	23	1	6	41	1793	1830	0.032	21.9
XP_029048980.1	XP_006562310.2	34.211	38	23	1	6	41	1793	1830	0.032	21.9
XP_029048980.1	XP_006562308.2	34.211	38	23	1	6	41	1991	2028	0.033	21.9
XP_029048980.1	XP_016771029.2	33.333	36	22	1	6	39	1591	1626	0.038	21.6
XP_029048980.1	XP_016771028.2	33.333	36	22	1	6	39	1655	1690	0.044	21.6
XP_029049073.1	XP_016771029.2	41.667	36	17	2	330	365	99	130	0.017	28.1
XP_029049073.1	XP_006562311.2	41.667	36	17	2	330	365	301	332	0.017	28.1
XP_029049073.1	XP_006562310.2	41.667	36	17	2	330	365	301	332	0.017	28.1
XP_029049073.1	XP_006562308.2	41.667	36	17	2	330	365	520	551	0.018	28.1
XP_029049402.1	XP_006562311.2	25.000	76	54	1	439	511	1177	1252	0.005	30.0
XP_029049402.1	XP_006562310.2	25.000	76	54	1	439	511	1177	1252	0.005	30.0
XP_029049402.1	XP_006562308.2	25.000	76	54	1	439	511	1375	1450	0.006	29.6
XP_029049402.1	XP_016771028.2	25.000	76	54	1	439	511	1039	1114	0.006	29.6
XP_029049402.1	XP_016771029.2	25.000	76	54	1	439	511	975	1050	0.006	29.6
XP_029049403.1	XP_006562311.2	28.571	77	49	3	439	510	1177	1252	0.004	30.4
XP_029049403.1	XP_006562310.2	28.571	77	49	3	439	510	1177	1252	0.004	30.4
XP_029049403.1	XP_016771028.2	28.571	77	49	3	439	510	1039	1114	0.005	30.0
XP_029049403.1	XP_006562308.2	28.571	77	49	3	439	510	1375	1450	0.005	30.0
XP_029049403.1	XP_016771029.2	28.571	77	49	3	439	510	975	1050	0.005	30.0
XP_029049404.1	XP_006562311.2	25.000	76	54	1	436	508	1177	1252	0.006	29.6
XP_029049404.1	XP_006562310.2	25.000	76	54	1	436	508	1177	1252	0.006	29.6
XP_029049404.1	XP_006562308.2	25.000	76	54	1	436	508	1375	1450	0.006	29.6
XP_029049404.1	XP_016771028.2	25.000	76	54	1	436	508	1039	1114	0.006	29.6
XP_029049404.1	XP_016771029.2	25.000	76	54	1	436	508	975	1050	0.007	29.6
XP_029049405.1	XP_006562311.2	25.000	76	54	1	428	500	1177	1252	0.006	29.6
XP_029049405.1	XP_006562310.2	25.000	76	54	1	428	500	1177	1252	0.006	29.6
XP_029049405.1	XP_006562308.2	25.000	76	54	1	428	500	1375	1450	0.007	29.6
XP_029049405.1	XP_016771028.2	25.000	76	54	1	428	500	1039	1114	0.007	29.6
XP_029049405.1	XP_016771029.2	25.000	76	54	1	428	500	975	1050	0.007	29.6
XP_029049406.1	XP_006562311.2	28.571	77	49	3	428	499	1177	1252	0.005	30.0
XP_029049406.1	XP_006562310.2	28.571	77	49	3	428	499	1177	1252	0.005	30.0
XP_029049406.1	XP_006562308.2	28.571	77	49	3	428	499	1375	1450	0.005	30.0
XP_029049406.1	XP_016771028.2	28.571	77	49	3	428	499	1039	1114	0.006	29.6
XP_029049406.1	XP_016771029.2	28.571	77	49	3	428	499	975	1050	0.006	29.6
XP_029049407.1	XP_006562311.2	28.571	77	49	3	425	496	1177	1252	0.006	29.6
XP_029049407.1	XP_006562310.2	28.571	77	49	3	425	496	1177	1252	0.006	29.6
XP_029049407.1	XP_006562308.2	28.571	77	49	3	425	496	1375	1450	0.006	29.6
XP_029049407.1	XP_016771028.2	28.571	77	49	3	425	496	1039	1114	0.006	29.6
XP_029049407.1	XP_016771029.2	28.571	77	49	3	425	496	975	1050	0.006	29.6
XP_029049824.1	NP_001011611.2	47.619	21	11	0	2	22	19	39	0.042	23.1
XP_029049825.1	NP_001011611.2	47.619	21	11	0	2	22	19	39	0.041	23.1
XP_029050059.1	XP_006562308.2	24.779	226	137	8	183	380	283	503	1.18e-12	62.4
XP_029050059.1	XP_006562311.2	24.779	226	137	8	183	380	64	284	2.48e-12	61.2
XP_029050059.1	XP_006562310.2	24.779	226	137	8	183	380	64	284	2.48e-12	61.2
XP_029050060.1	XP_006562308.2	24.779	226	137	8	183	380	283	503	1.10e-12	62.4
XP_029050060.1	XP_006562311.2	24.779	226	137	8	183	380	64	284	2.26e-12	61.2
XP_029050060.1	XP_006562310.2	24.779	226	137	8	183	380	64	284	2.26e-12	61.2
XP_029050061.1	XP_006562308.2	24.779	226	137	8	141	338	283	503	8.56e-13	62.8
XP_029050061.1	XP_006562311.2	24.779	226	137	8	141	338	64	284	1.60e-12	61.6
XP_029050061.1	XP_006562310.2	24.779	226	137	8	141	338	64	284	1.60e-12	61.6
XP_029050062.1	XP_006562308.2	24.779	226	137	8	141	338	283	503	8.56e-13	62.8
XP_029050062.1	XP_006562311.2	24.779	226	137	8	141	338	64	284	1.60e-12	61.6
XP_029050062.1	XP_006562310.2	24.779	226	137	8	141	338	64	284	1.60e-12	61.6
XP_029050064.1	XP_006562308.2	24.779	226	137	8	183	380	283	503	8.27e-13	62.8
XP_029050064.1	XP_006562311.2	24.779	226	137	8	183	380	64	284	1.64e-12	61.6
XP_029050064.1	XP_006562310.2	24.779	226	137	8	183	380	64	284	1.64e-12	61.6
XP_029050065.1	XP_006562308.2	24.779	226	137	8	183	380	283	503	9.06e-13	62.4
XP_029050065.1	XP_006562311.2	24.779	226	137	8	183	380	64	284	1.76e-12	61.6
XP_029050065.1	XP_006562310.2	24.779	226	137	8	183	380	64	284	1.76e-12	61.6
XP_029050451.1	XP_006562308.2	34.286	35	23	0	185	219	463	497	0.004	30.8
XP_029050451.1	XP_006562311.2	34.286	35	23	0	185	219	244	278	0.005	30.4
XP_029050451.1	XP_006562310.2	34.286	35	23	0	185	219	244	278	0.005	30.4
XP_029050641.1	XP_016771021.1	37.243	486	287	11	293	768	22	499	2.04e-106	337
XP_029050641.1	XP_016771020.1	37.243	486	287	11	293	768	22	499	2.04e-106	337
XP_029050923.1	XP_016771029.2	37.037	27	17	0	19	45	1325	1351	0.032	26.2
XP_029050923.1	XP_016771028.2	37.037	27	17	0	19	45	1389	1415	0.032	26.2
XP_029050923.1	XP_006562311.2	37.037	27	17	0	19	45	1527	1553	0.032	26.2
XP_029050923.1	XP_006562310.2	37.037	27	17	0	19	45	1527	1553	0.032	26.2
XP_029050923.1	XP_006562308.2	37.037	27	17	0	19	45	1725	1751	0.032	26.2
XP_029050937.1	XP_006562308.2	28.571	63	42	1	14	76	2155	2214	0.010	27.3
XP_029050937.1	XP_006562311.2	28.571	63	42	1	14	76	1957	2016	0.011	27.3
XP_029050937.1	XP_006562310.2	28.571	63	42	1	14	76	1957	2016	0.011	27.3
XP_029050937.1	XP_016771028.2	28.571	63	42	1	14	76	1819	1878	0.012	27.3
XP_029050937.1	XP_016771029.2	28.571	63	42	1	14	76	1755	1814	0.014	26.9
XP_029051050.1	XP_006562311.2	25.000	32	23	1	40	71	614	644	0.034	23.1
XP_029051050.1	XP_006562310.2	25.000	32	23	1	40	71	614	644	0.034	23.1
XP_029051050.1	XP_016771029.2	25.000	32	23	1	40	71	412	442	0.034	23.1
XP_029051050.1	XP_016771028.2	25.000	32	23	1	40	71	476	506	0.036	22.7
XP_029051050.1	XP_006562308.2	25.000	32	23	1	40	71	812	842	0.037	22.7
XP_029051643.1	XP_006562311.2	26.667	75	41	2	414	474	196	270	0.015	28.1
XP_029051643.1	XP_006562310.2	26.667	75	41	2	414	474	196	270	0.015	28.1
XP_029051643.1	XP_006562308.2	26.667	75	41	2	414	474	415	489	0.017	28.1
XP_029051804.1	XP_016771021.1	26.613	124	76	5	105	222	488	602	0.003	29.6
XP_029051804.1	XP_016771020.1	26.613	124	76	5	105	222	488	602	0.003	29.6
XP_029052192.1	XP_016771029.2	22.321	112	74	2	962	1073	549	647	0.002	33.1
XP_029052192.1	XP_016771028.2	22.321	112	74	2	962	1073	613	711	0.002	33.1
XP_029052192.1	XP_006562311.2	22.321	112	74	2	962	1073	751	849	0.002	32.7
XP_029052192.1	XP_006562310.2	22.321	112	74	2	962	1073	751	849	0.002	32.7
XP_029052192.1	XP_006562308.2	22.321	112	74	2	962	1073	949	1047	0.003	32.3
XP_029052193.1	XP_016771029.2	22.321	112	74	2	962	1073	549	647	0.002	33.1
XP_029052193.1	XP_016771028.2	22.321	112	74	2	962	1073	613	711	0.002	33.1
XP_029052193.1	XP_006562311.2	22.321	112	74	2	962	1073	751	849	0.002	32.7
XP_029052193.1	XP_006562310.2	22.321	112	74	2	962	1073	751	849	0.002	32.7
XP_029052193.1	XP_006562308.2	22.321	112	74	2	962	1073	949	1047	0.002	32.3
XP_029052194.1	XP_016771029.2	22.321	112	74	2	858	969	549	647	0.001	33.1
XP_029052194.1	XP_016771028.2	22.321	112	74	2	858	969	613	711	0.002	33.1
XP_029052194.1	XP_006562311.2	22.321	112	74	2	858	969	751	849	0.002	32.7
XP_029052194.1	XP_006562310.2	22.321	112	74	2	858	969	751	849	0.002	32.7
XP_029052194.1	XP_006562308.2	22.321	112	74	2	858	969	949	1047	0.002	32.3
XP_029052195.1	XP_016771029.2	22.321	112	74	2	962	1073	549	647	0.002	33.1
XP_029052195.1	XP_016771028.2	22.321	112	74	2	962	1073	613	711	0.002	32.7
XP_029052195.1	XP_006562311.2	22.321	112	74	2	962	1073	751	849	0.002	32.7
XP_029052195.1	XP_006562310.2	22.321	112	74	2	962	1073	751	849	0.002	32.7
XP_029052195.1	XP_006562308.2	22.321	112	74	2	962	1073	949	1047	0.002	32.7
XP_029052196.1	XP_016771029.2	22.321	112	74	2	962	1073	549	647	0.002	33.1
XP_029052196.1	XP_006562311.2	22.321	112	74	2	962	1073	751	849	0.002	33.1
XP_029052196.1	XP_006562310.2	22.321	112	74	2	962	1073	751	849	0.002	33.1
XP_029052196.1	XP_016771028.2	22.321	112	74	2	962	1073	613	711	0.002	32.7
XP_029052196.1	XP_006562308.2	22.321	112	74	2	962	1073	949	1047	0.002	32.7
XP_029052499.1	XP_016771028.2	37.255	51	27	2	11	59	1382	1429	0.005	30.0
XP_029052499.1	XP_016771029.2	37.255	51	27	2	11	59	1318	1365	0.005	30.0
XP_029052499.1	XP_006562308.2	35.897	39	23	1	23	59	1727	1765	0.042	26.9
XP_029052499.1	XP_006562311.2	35.897	39	23	1	23	59	1529	1567	0.043	26.9
XP_029052499.1	XP_006562310.2	35.897	39	23	1	23	59	1529	1567	0.043	26.9
XP_029052678.1	XP_016771021.1	35.652	460	267	12	53	497	41	486	6.55e-86	272
XP_029052678.1	XP_016771020.1	35.652	460	267	12	53	497	41	486	6.55e-86	272
XP_029052679.1	XP_016771021.1	36.054	441	260	11	18	443	53	486	5.80e-86	271
XP_029052679.1	XP_016771020.1	36.054	441	260	11	18	443	53	486	5.80e-86	271
XP_029052680.1	XP_016771021.1	36.054	441	260	11	18	443	53	486	5.80e-86	271
XP_029052680.1	XP_016771020.1	36.054	441	260	11	18	443	53	486	5.80e-86	271
XP_029052681.1	XP_016771021.1	36.054	441	260	11	18	443	53	486	5.80e-86	271
XP_029052681.1	XP_016771020.1	36.054	441	260	11	18	443	53	486	5.80e-86	271
XP_029052682.1	XP_016771021.1	36.054	441	260	11	18	443	53	486	5.80e-86	271
XP_029052682.1	XP_016771020.1	36.054	441	260	11	18	443	53	486	5.80e-86	271
XP_029052683.1	XP_016771021.1	36.054	441	260	11	18	443	53	486	5.80e-86	271
XP_029052683.1	XP_016771020.1	36.054	441	260	11	18	443	53	486	5.80e-86	271
XP_029052684.1	XP_016771021.1	36.054	441	260	11	18	443	53	486	5.80e-86	271
XP_029052684.1	XP_016771020.1	36.054	441	260	11	18	443	53	486	5.80e-86	271
XP_029052800.1	XP_016771028.2	40.625	32	17	1	99	128	118	149	0.015	26.6
XP_029053094.1	XP_016771021.1	37.500	40	24	1	504	542	277	316	0.020	28.1
XP_029053094.1	XP_016771020.1	37.500	40	24	1	504	542	277	316	0.020	28.1
XP_029053095.1	XP_016771021.1	37.500	40	24	1	504	542	277	316	0.020	28.1
XP_029053095.1	XP_016771020.1	37.500	40	24	1	504	542	277	316	0.020	28.1
XP_029053096.1	XP_016771021.1	37.500	40	24	1	502	540	277	316	0.019	28.1
XP_029053096.1	XP_016771020.1	37.500	40	24	1	502	540	277	316	0.019	28.1
XP_029053097.1	XP_016771021.1	37.500	40	24	1	504	542	277	316	0.019	28.1
XP_029053097.1	XP_016771020.1	37.500	40	24	1	504	542	277	316	0.019	28.1
XP_029053191.1	XP_016771029.2	34.483	29	19	0	254	282	1762	1790	0.021	27.3
XP_029053191.1	XP_016771028.2	34.483	29	19	0	254	282	1826	1854	0.021	27.3
XP_029053191.1	XP_006562308.2	34.483	29	19	0	254	282	2162	2190	0.022	27.3
XP_029053191.1	XP_006562311.2	34.483	29	19	0	254	282	1964	1992	0.025	27.3
XP_029053191.1	XP_006562310.2	34.483	29	19	0	254	282	1964	1992	0.025	27.3
XP_029053192.1	XP_016771028.2	34.483	29	19	0	253	281	1826	1854	0.021	27.3
XP_029053192.1	XP_016771029.2	34.483	29	19	0	253	281	1762	1790	0.021	27.3
XP_029053192.1	XP_006562308.2	34.483	29	19	0	253	281	2162	2190	0.022	27.3
XP_029053192.1	XP_006562311.2	34.483	29	19	0	253	281	1964	1992	0.025	27.3
XP_029053192.1	XP_006562310.2	34.483	29	19	0	253	281	1964	1992	0.025	27.3
XP_029053195.1	XP_016771028.2	34.483	29	19	0	254	282	1826	1854	0.029	27.7
XP_029053195.1	XP_016771029.2	34.483	29	19	0	254	282	1762	1790	0.030	27.7
XP_029053195.1	XP_006562308.2	34.483	29	19	0	254	282	2162	2190	0.030	27.7
XP_029053195.1	XP_006562311.2	34.483	29	19	0	254	282	1964	1992	0.034	27.3
XP_029053195.1	XP_006562310.2	34.483	29	19	0	254	282	1964	1992	0.034	27.3
XP_029053949.1	XP_016771028.2	36.111	36	22	1	101	135	87	122	0.010	29.3
XP_029054464.1	XP_006562308.2	23.125	160	95	4	169	319	822	962	0.001	32.0
XP_029054464.1	XP_006562311.2	23.125	160	95	4	169	319	624	764	0.001	31.6
XP_029054464.1	XP_006562310.2	23.125	160	95	4	169	319	624	764	0.001	31.6
XP_029054464.1	XP_016771029.2	23.125	160	95	4	169	319	422	562	0.006	29.6
XP_029054464.1	XP_016771028.2	25.424	59	41	1	264	319	568	626	0.007	29.6
XP_029054471.1	XP_006562308.2	23.125	160	95	4	169	319	822	962	0.001	32.0
XP_029054471.1	XP_006562311.2	23.125	160	95	4	169	319	624	764	0.001	31.6
XP_029054471.1	XP_006562310.2	23.125	160	95	4	169	319	624	764	0.001	31.6
XP_029054471.1	XP_016771029.2	23.125	160	95	4	169	319	422	562	0.006	29.6
XP_029054471.1	XP_016771028.2	25.424	59	41	1	264	319	568	626	0.007	29.6
XP_029054478.1	XP_006562308.2	23.125	160	95	4	169	319	822	962	0.001	32.0
XP_029054478.1	XP_006562311.2	23.125	160	95	4	169	319	624	764	0.001	31.6
XP_029054478.1	XP_006562310.2	23.125	160	95	4	169	319	624	764	0.001	31.6
XP_029054478.1	XP_016771029.2	23.125	160	95	4	169	319	422	562	0.006	29.6
XP_029054478.1	XP_016771028.2	25.424	59	41	1	264	319	568	626	0.007	29.6
XP_029054479.1	XP_006562308.2	23.125	160	95	4	169	319	822	962	0.001	32.0
XP_029054479.1	XP_006562311.2	23.125	160	95	4	169	319	624	764	0.001	31.6
XP_029054479.1	XP_006562310.2	23.125	160	95	4	169	319	624	764	0.001	31.6
XP_029054479.1	XP_016771029.2	23.125	160	95	4	169	319	422	562	0.006	29.6
XP_029054479.1	XP_016771028.2	25.424	59	41	1	264	319	568	626	0.007	29.6
XP_029054485.1	XP_006562308.2	23.125	160	95	4	169	319	822	962	0.001	32.0
XP_029054485.1	XP_006562311.2	23.125	160	95	4	169	319	624	764	0.002	31.6
XP_029054485.1	XP_006562310.2	23.125	160	95	4	169	319	624	764	0.002	31.6
XP_029054485.1	XP_016771029.2	23.125	160	95	4	169	319	422	562	0.005	30.0
XP_029054485.1	XP_016771028.2	25.424	59	41	1	264	319	568	626	0.007	29.6
XP_029054489.1	XP_006562308.2	23.125	160	95	4	169	319	822	962	0.001	31.6
XP_029054489.1	XP_006562311.2	23.125	160	95	4	169	319	624	764	0.002	31.6
XP_029054489.1	XP_006562310.2	23.125	160	95	4	169	319	624	764	0.002	31.6
XP_029054489.1	XP_016771029.2	23.125	160	95	4	169	319	422	562	0.005	30.0
XP_029054489.1	XP_016771028.2	25.424	59	41	1	264	319	568	626	0.005	29.6
XP_029054872.1	XP_016771028.2	27.632	76	54	1	665	739	130	205	0.021	28.5
XP_029054874.1	XP_016771028.2	27.632	76	54	1	665	739	130	205	0.021	28.5
XP_029054879.1	XP_016771028.2	27.632	76	54	1	665	739	130	205	0.021	28.5
XP_029055061.1	XP_006562311.2	28.125	96	52	3	23	102	415	509	0.022	25.8
XP_029055061.1	XP_006562310.2	28.125	96	52	3	23	102	415	509	0.022	25.8
XP_029055061.1	XP_016771029.2	28.125	96	52	3	23	102	213	307	0.047	24.6
XP_029055061.1	XP_016771028.2	28.125	96	52	3	23	102	277	371	0.047	24.6
XP_029055300.1	XP_006562311.2	31.915	47	29	2	21	64	482	528	0.002	26.9
XP_029055300.1	XP_006562310.2	31.915	47	29	2	21	64	482	528	0.002	26.9
XP_029055300.1	XP_006562308.2	31.915	47	29	2	21	64	680	726	0.003	26.9
XP_029055300.1	XP_016771029.2	31.915	47	29	2	21	64	280	326	0.005	26.2
XP_029055300.1	XP_016771028.2	31.915	47	29	2	21	64	344	390	0.006	25.8
XP_029055381.1	XP_006562308.2	25.472	106	70	2	178	276	441	544	0.008	28.9
XP_029055381.1	XP_006562311.2	23.148	108	81	1	178	285	222	327	0.009	28.5
XP_029055381.1	XP_006562310.2	23.148	108	81	1	178	285	222	327	0.009	28.5
XP_029055382.1	XP_006562308.2	25.472	106	70	2	178	276	441	544	0.007	28.9
XP_029055382.1	XP_006562311.2	25.472	106	70	2	178	276	222	325	0.007	28.9
XP_029055382.1	XP_006562310.2	25.472	106	70	2	178	276	222	325	0.007	28.9
XP_029055510.1	XP_006562308.2	28.070	114	70	4	138	243	321	430	4.05e-04	33.9
XP_029055510.1	XP_006562311.2	28.070	114	70	4	138	243	102	211	4.78e-04	33.5
XP_029055510.1	XP_006562310.2	28.070	114	70	4	138	243	102	211	4.78e-04	33.5
XP_029055511.1	XP_006562308.2	28.070	114	70	4	138	243	321	430	4.05e-04	33.9
XP_029055511.1	XP_006562311.2	28.070	114	70	4	138	243	102	211	4.78e-04	33.5
XP_029055511.1	XP_006562310.2	28.070	114	70	4	138	243	102	211	4.78e-04	33.5
XP_029055544.1	XP_006562308.2	31.250	80	48	2	1178	1252	12	89	0.045	29.6
XP_029055545.1	XP_006562308.2	31.250	80	48	2	1178	1252	12	89	0.045	29.6
XP_029055546.1	XP_006562308.2	31.250	80	48	2	1178	1252	12	89	0.045	29.6
XP_029055547.1	XP_006562308.2	31.250	80	48	2	1146	1220	12	89	0.043	29.6
XP_029055548.1	XP_006562308.2	31.250	80	48	2	1178	1252	12	89	0.032	29.6
XP_029055549.1	XP_006562308.2	31.250	80	48	2	1178	1252	12	89	0.033	29.6
XP_029055730.1	XP_006562311.2	29.114	79	45	2	520	587	367	445	0.001	33.1
XP_029055730.1	XP_006562310.2	29.114	79	45	2	520	587	367	445	0.001	33.1
XP_029055730.1	XP_016771029.2	29.114	79	45	2	520	587	165	243	0.002	32.7
XP_029055730.1	XP_016771028.2	29.114	79	45	2	520	587	229	307	0.002	32.3
XP_029055731.1	XP_006562311.2	29.114	79	45	2	520	587	367	445	0.001	33.1
XP_029055731.1	XP_006562310.2	29.114	79	45	2	520	587	367	445	0.001	33.1
XP_029055731.1	XP_016771029.2	29.114	79	45	2	520	587	165	243	0.002	32.7
XP_029055731.1	XP_016771028.2	29.114	79	45	2	520	587	229	307	0.002	32.0
XP_029055732.1	XP_006562311.2	29.114	79	45	2	520	587	367	445	0.001	33.1
XP_029055732.1	XP_006562310.2	29.114	79	45	2	520	587	367	445	0.001	33.1
XP_029055732.1	XP_016771029.2	29.114	79	45	2	520	587	165	243	0.002	32.7
XP_029055732.1	XP_016771028.2	29.114	79	45	2	520	587	229	307	0.002	32.0
XP_029055733.1	XP_006562311.2	29.114	79	45	2	520	587	367	445	0.001	33.1
XP_029055733.1	XP_006562310.2	29.114	79	45	2	520	587	367	445	0.001	33.1
XP_029055733.1	XP_016771029.2	29.114	79	45	2	520	587	165	243	0.002	32.7
XP_029055733.1	XP_016771028.2	29.114	79	45	2	520	587	229	307	0.002	32.3
XP_029055744.1	XP_006562308.2	26.000	150	83	5	691	827	82	216	0.009	30.8
XP_029055829.1	XP_016771029.2	41.026	39	23	0	24	62	285	323	0.001	31.6
XP_029055829.1	XP_016771028.2	41.026	39	23	0	24	62	349	387	0.001	31.2
XP_029055829.1	XP_006562311.2	41.026	39	23	0	24	62	487	525	0.001	31.2
XP_029055829.1	XP_006562310.2	41.026	39	23	0	24	62	487	525	0.001	31.2
XP_029055829.1	XP_006562308.2	41.026	39	23	0	24	62	685	723	0.002	30.8
XP_029055851.1	XP_006562311.2	23.770	122	77	4	246	359	439	552	0.002	30.8
XP_029055851.1	XP_006562310.2	23.770	122	77	4	246	359	439	552	0.002	30.8
XP_029055851.1	XP_016771029.2	23.770	122	77	4	246	359	237	350	0.002	30.4
XP_029055851.1	XP_016771028.2	23.770	122	77	4	246	359	301	414	0.003	30.0
XP_029055852.1	XP_006562311.2	23.770	122	77	4	230	343	439	552	0.001	31.2
XP_029055852.1	XP_006562310.2	23.770	122	77	4	230	343	439	552	0.001	31.2
XP_029055852.1	XP_016771029.2	23.770	122	77	4	230	343	237	350	0.002	30.4
XP_029055852.1	XP_016771028.2	23.770	122	77	4	230	343	301	414	0.003	30.0
XP_029055859.1	XP_016771021.1	36.364	44	25	1	239	282	282	322	0.015	28.9
XP_029055859.1	XP_016771020.1	36.364	44	25	1	239	282	282	322	0.015	28.9
XP_029055860.1	XP_016771021.1	36.364	44	25	1	239	282	282	322	0.015	28.9
XP_029055860.1	XP_016771020.1	36.364	44	25	1	239	282	282	322	0.015	28.9
XP_029055861.1	XP_016771021.1	36.364	44	25	1	239	282	282	322	0.013	28.9
XP_029055861.1	XP_016771020.1	36.364	44	25	1	239	282	282	322	0.013	28.9
XP_029056451.1	XP_016771029.2	30.189	53	31	1	336	382	671	723	0.038	26.9
XP_029056451.1	XP_016771028.2	30.189	53	31	1	336	382	735	787	0.040	26.9
XP_029056451.1	XP_006562311.2	30.189	53	31	1	336	382	873	925	0.042	26.9
XP_029056451.1	XP_006562310.2	30.189	53	31	1	336	382	873	925	0.042	26.9
XP_029056451.1	XP_006562308.2	30.189	53	31	1	336	382	1071	1123	0.044	26.9
XP_029056578.1	XP_006562311.2	26.168	107	66	3	22	119	719	821	0.047	24.3
XP_029056578.1	XP_006562310.2	26.168	107	66	3	22	119	719	821	0.047	24.3
XP_029056578.1	XP_006562308.2	26.168	107	66	3	22	119	917	1019	0.048	24.3
XP_029056662.1	NP_001011611.2	47.059	17	9	0	105	121	16	32	0.039	23.5
