XP_015171026.1	XP_006562311.2	31.579	76	49	1	165	237	384	459	0.002	30.8
XP_015171026.1	XP_006562310.2	31.579	76	49	1	165	237	384	459	0.002	30.8
XP_015171026.1	XP_016771029.2	31.579	76	49	1	165	237	182	257	0.003	30.0
XP_015171026.1	XP_016771028.2	31.579	76	49	1	165	237	246	321	0.004	29.6
XP_015171278.1	XP_016771028.2	47.619	21	11	0	220	240	697	717	0.033	26.6
XP_015171278.1	XP_016771029.2	47.619	21	11	0	220	240	633	653	0.033	26.6
XP_015171278.1	XP_006562308.2	47.619	21	11	0	220	240	1033	1053	0.036	26.6
XP_015171278.1	XP_006562311.2	47.619	21	11	0	220	240	835	855	0.037	26.2
XP_015171278.1	XP_006562310.2	47.619	21	11	0	220	240	835	855	0.037	26.2
XP_015171279.1	XP_016771028.2	47.619	21	11	0	220	240	697	717	0.033	26.6
XP_015171279.1	XP_016771029.2	47.619	21	11	0	220	240	633	653	0.033	26.6
XP_015171279.1	XP_006562308.2	47.619	21	11	0	220	240	1033	1053	0.036	26.6
XP_015171279.1	XP_006562311.2	47.619	21	11	0	220	240	835	855	0.037	26.2
XP_015171279.1	XP_006562310.2	47.619	21	11	0	220	240	835	855	0.037	26.2
XP_015171431.1	XP_006562308.2	25.902	305	170	10	152	428	276	552	4.67e-20	86.3
XP_015171431.1	XP_006562311.2	25.902	305	170	10	152	428	57	333	6.73e-20	85.5
XP_015171431.1	XP_006562310.2	25.902	305	170	10	152	428	57	333	6.73e-20	85.5
XP_015171432.1	XP_006562308.2	25.902	305	170	10	152	428	276	552	4.67e-20	86.3
XP_015171432.1	XP_006562311.2	25.902	305	170	10	152	428	57	333	6.73e-20	85.5
XP_015171432.1	XP_006562310.2	25.902	305	170	10	152	428	57	333	6.73e-20	85.5
XP_015171436.1	XP_006562308.2	19.697	198	139	4	124	313	241	426	0.048	26.6
XP_015171589.1	XP_016771021.1	39.583	48	24	2	9	56	484	526	0.031	28.1
XP_015171589.1	XP_016771020.1	39.583	48	24	2	9	56	484	526	0.031	28.1
XP_015171590.1	XP_016771021.1	39.583	48	24	2	9	56	484	526	0.031	28.1
XP_015171590.1	XP_016771020.1	39.583	48	24	2	9	56	484	526	0.031	28.1
XP_015171609.1	XP_006562311.2	25.000	268	172	7	93	337	56	317	4.96e-20	85.1
XP_015171609.1	XP_006562310.2	25.000	268	172	7	93	337	56	317	4.96e-20	85.1
XP_015171609.1	XP_006562308.2	25.000	268	172	7	93	337	275	536	5.46e-20	85.1
XP_015171610.1	XP_006562311.2	25.000	268	172	7	93	337	56	317	4.96e-20	85.1
XP_015171610.1	XP_006562310.2	25.000	268	172	7	93	337	56	317	4.96e-20	85.1
XP_015171610.1	XP_006562308.2	25.000	268	172	7	93	337	275	536	5.46e-20	85.1
XP_015171771.1	XP_016771029.2	28.889	45	32	0	1094	1138	180	224	0.031	28.9
XP_015171771.1	XP_006562311.2	28.889	45	32	0	1094	1138	382	426	0.031	28.9
XP_015171771.1	XP_006562310.2	28.889	45	32	0	1094	1138	382	426	0.031	28.9
XP_015171771.1	XP_016771028.2	28.889	45	32	0	1094	1138	244	288	0.033	28.9
XP_015171771.1	XP_006562308.2	28.889	45	32	0	1094	1138	601	645	0.034	28.9
XP_015172035.1	XP_006562311.2	34.286	35	23	0	767	801	52	86	0.037	28.1
XP_015172035.1	XP_006562310.2	34.286	35	23	0	767	801	52	86	0.037	28.1
XP_015172035.1	XP_006562308.2	34.286	35	23	0	767	801	271	305	0.040	28.1
XP_015172036.1	XP_006562311.2	34.286	35	23	0	767	801	52	86	0.037	28.1
XP_015172036.1	XP_006562310.2	34.286	35	23	0	767	801	52	86	0.037	28.1
XP_015172036.1	XP_006562308.2	34.286	35	23	0	767	801	271	305	0.040	28.1
XP_015172037.1	XP_006562311.2	34.286	35	23	0	767	801	52	86	0.037	28.1
XP_015172037.1	XP_006562310.2	34.286	35	23	0	767	801	52	86	0.037	28.1
XP_015172037.1	XP_006562308.2	34.286	35	23	0	767	801	271	305	0.040	28.1
XP_015172038.1	XP_006562311.2	34.286	35	23	0	767	801	52	86	0.037	28.1
XP_015172038.1	XP_006562310.2	34.286	35	23	0	767	801	52	86	0.037	28.1
XP_015172038.1	XP_006562308.2	34.286	35	23	0	767	801	271	305	0.040	28.1
XP_015172039.1	XP_006562311.2	34.286	35	23	0	751	785	52	86	0.034	28.1
XP_015172039.1	XP_006562310.2	34.286	35	23	0	751	785	52	86	0.034	28.1
XP_015172039.1	XP_006562308.2	34.286	35	23	0	751	785	271	305	0.037	28.1
XP_015172046.1	XP_006562311.2	28.261	46	33	0	272	317	524	569	0.013	27.7
XP_015172046.1	XP_006562310.2	28.261	46	33	0	272	317	524	569	0.013	27.7
XP_015172046.1	XP_006562308.2	28.261	46	33	0	272	317	722	767	0.014	27.3
XP_015172046.1	XP_016771029.2	28.261	46	33	0	272	317	322	367	0.017	27.3
XP_015172192.1	XP_016771021.1	36.458	480	292	8	303	774	28	502	2.58e-110	347
XP_015172192.1	XP_016771020.1	36.458	480	292	8	303	774	28	502	2.58e-110	347
XP_015172193.1	XP_016771028.2	34.694	49	29	1	125	170	496	544	0.027	27.7
XP_015172193.1	XP_016771029.2	34.694	49	29	1	125	170	432	480	0.028	27.7
XP_015172193.1	XP_006562311.2	34.694	49	29	1	125	170	634	682	0.036	27.3
XP_015172193.1	XP_006562310.2	34.694	49	29	1	125	170	634	682	0.036	27.3
XP_015172193.1	XP_006562308.2	34.694	49	29	1	125	170	832	880	0.042	27.3
XP_015172351.1	XP_016771028.2	27.632	152	84	8	546	696	1468	1594	0.015	28.9
XP_015172351.1	XP_016771029.2	27.632	152	84	8	546	696	1404	1530	0.015	28.9
XP_015172351.1	XP_006562311.2	27.632	152	84	8	546	696	1606	1732	0.015	28.9
XP_015172351.1	XP_006562310.2	27.632	152	84	8	546	696	1606	1732	0.015	28.9
XP_015172351.1	XP_006562308.2	27.778	126	70	6	572	696	1825	1930	0.018	28.5
XP_015172362.1	XP_016771028.2	27.632	152	84	8	546	696	1468	1594	0.015	28.9
XP_015172362.1	XP_016771029.2	27.632	152	84	8	546	696	1404	1530	0.015	28.9
XP_015172362.1	XP_006562311.2	27.632	152	84	8	546	696	1606	1732	0.015	28.9
XP_015172362.1	XP_006562310.2	27.632	152	84	8	546	696	1606	1732	0.015	28.9
XP_015172362.1	XP_006562308.2	27.778	126	70	6	572	696	1825	1930	0.018	28.5
XP_015172481.1	XP_016771021.1	29.268	41	29	0	60	100	397	437	0.012	26.6
XP_015172481.1	XP_016771020.1	29.268	41	29	0	60	100	397	437	0.012	26.6
XP_015172506.1	XP_006562308.2	38.462	39	24	0	423	461	91	129	0.047	27.7
XP_015172890.1	XP_016771021.1	31.373	51	32	2	794	843	607	655	0.044	27.3
XP_015172890.1	XP_016771020.1	31.373	51	32	2	794	843	607	655	0.044	27.3
XP_015172891.1	XP_016771021.1	31.373	51	32	2	750	799	607	655	0.044	27.3
XP_015172891.1	XP_016771020.1	31.373	51	32	2	750	799	607	655	0.044	27.3
XP_015173006.1	XP_006562308.2	39.394	33	20	0	429	461	157	189	0.049	26.9
XP_015173165.1	XP_006562308.2	21.687	249	142	10	246	477	283	495	0.008	29.3
XP_015173165.1	XP_006562311.2	21.687	249	142	10	246	477	64	276	0.010	28.9
XP_015173165.1	XP_006562310.2	21.687	249	142	10	246	477	64	276	0.010	28.9
XP_015173166.1	XP_006562308.2	21.687	249	142	10	246	477	283	495	0.008	29.3
XP_015173166.1	XP_006562311.2	21.687	249	142	10	246	477	64	276	0.010	28.9
XP_015173166.1	XP_006562310.2	21.687	249	142	10	246	477	64	276	0.010	28.9
XP_015173167.1	XP_006562308.2	21.687	249	142	10	246	477	283	495	0.008	29.3
XP_015173167.1	XP_006562311.2	21.687	249	142	10	246	477	64	276	0.010	28.9
XP_015173167.1	XP_006562310.2	21.687	249	142	10	246	477	64	276	0.010	28.9
XP_015173404.1	XP_016771028.2	22.388	134	93	1	80	202	518	651	5.36e-05	34.3
XP_015173404.1	XP_006562308.2	24.427	131	84	3	80	197	854	982	0.013	26.6
XP_015173404.1	XP_006562311.2	24.427	131	84	3	80	197	656	784	0.015	26.6
XP_015173404.1	XP_006562310.2	24.427	131	84	3	80	197	656	784	0.015	26.6
XP_015173404.1	XP_016771029.2	24.427	131	84	3	80	197	454	582	0.027	25.8
XP_015173405.1	XP_016771028.2	22.388	134	93	1	68	190	518	651	5.19e-05	33.9
XP_015173405.1	XP_016771029.2	22.388	134	93	1	68	190	454	587	7.37e-05	33.5
XP_015173405.1	XP_006562308.2	24.427	131	84	3	68	185	854	982	0.010	26.9
XP_015173405.1	XP_006562311.2	24.427	131	84	3	68	185	656	784	0.012	26.6
XP_015173405.1	XP_006562310.2	24.427	131	84	3	68	185	656	784	0.012	26.6
XP_015173600.1	XP_016771021.1	24.000	275	179	10	56	311	223	486	3.40e-15	67.0
XP_015173600.1	XP_016771020.1	24.000	275	179	10	56	311	223	486	3.40e-15	67.0
XP_015173899.1	XP_006562308.2	35.000	40	26	0	55	94	1729	1768	0.038	28.5
XP_015173899.1	XP_006562311.2	35.000	40	26	0	55	94	1531	1570	0.040	28.5
XP_015173899.1	XP_006562310.2	35.000	40	26	0	55	94	1531	1570	0.040	28.5
XP_015173900.1	XP_006562308.2	35.000	40	26	0	55	94	1729	1768	0.037	28.5
XP_015173900.1	XP_006562311.2	35.000	40	26	0	55	94	1531	1570	0.040	28.5
XP_015173900.1	XP_006562310.2	35.000	40	26	0	55	94	1531	1570	0.040	28.5
XP_015173901.1	XP_006562308.2	35.000	40	26	0	42	81	1729	1768	0.042	28.5
XP_015173901.1	XP_006562311.2	35.000	40	26	0	42	81	1531	1570	0.048	28.1
XP_015173901.1	XP_006562310.2	35.000	40	26	0	42	81	1531	1570	0.048	28.1
XP_015174138.1	XP_006562311.2	24.468	94	66	2	56	144	537	630	0.019	26.6
XP_015174138.1	XP_006562310.2	24.468	94	66	2	56	144	537	630	0.019	26.6
XP_015174138.1	XP_006562308.2	24.468	94	66	2	56	144	735	828	0.019	26.6
XP_015174138.1	XP_016771028.2	24.468	94	66	2	56	144	399	492	0.019	26.6
XP_015174138.1	XP_016771029.2	24.468	94	66	2	56	144	335	428	0.021	26.6
XP_015174568.1	XP_016771021.1	26.042	96	52	4	236	323	387	471	0.048	26.9
XP_015174568.1	XP_016771020.1	26.042	96	52	4	236	323	387	471	0.048	26.9
XP_015174569.1	XP_016771021.1	26.042	96	52	4	236	323	387	471	0.048	26.9
XP_015174569.1	XP_016771020.1	26.042	96	52	4	236	323	387	471	0.048	26.9
XP_015174570.1	XP_016771021.1	26.042	96	52	4	236	323	387	471	0.048	26.9
XP_015174570.1	XP_016771020.1	26.042	96	52	4	236	323	387	471	0.048	26.9
XP_015174653.1	XP_016771028.2	29.577	71	43	3	160	223	1623	1693	0.002	30.8
XP_015174653.1	XP_016771029.2	29.577	71	43	3	160	223	1559	1629	0.002	30.4
XP_015174653.1	XP_006562308.2	29.577	71	43	3	160	223	1959	2029	0.003	29.6
XP_015174653.1	XP_006562311.2	29.577	71	43	3	160	223	1761	1831	0.004	29.6
XP_015174653.1	XP_006562310.2	29.577	71	43	3	160	223	1761	1831	0.004	29.6
XP_015174654.1	XP_016771028.2	29.577	71	43	3	133	196	1623	1693	0.001	30.4
XP_015174654.1	XP_016771029.2	29.577	71	43	3	133	196	1559	1629	0.002	30.4
XP_015174654.1	XP_006562308.2	29.577	71	43	3	133	196	1959	2029	0.003	29.6
XP_015174654.1	XP_006562311.2	29.577	71	43	3	133	196	1761	1831	0.003	29.6
XP_015174654.1	XP_006562310.2	29.577	71	43	3	133	196	1761	1831	0.003	29.6
XP_015174655.1	XP_016771028.2	29.577	71	43	3	133	196	1623	1693	0.001	30.4
XP_015174655.1	XP_016771029.2	29.577	71	43	3	133	196	1559	1629	0.002	30.4
XP_015174655.1	XP_006562308.2	29.577	71	43	3	133	196	1959	2029	0.003	29.6
XP_015174655.1	XP_006562311.2	29.577	71	43	3	133	196	1761	1831	0.003	29.6
XP_015174655.1	XP_006562310.2	29.577	71	43	3	133	196	1761	1831	0.003	29.6
XP_015174878.1	XP_006562308.2	50.000	18	9	0	424	441	1893	1910	0.046	26.6
XP_015175230.1	XP_006562308.2	26.000	50	35	1	63	112	217	264	0.037	23.9
XP_015175230.1	XP_006562311.2	38.889	18	11	0	95	112	28	45	0.046	23.9
XP_015175230.1	XP_006562310.2	38.889	18	11	0	95	112	28	45	0.046	23.9
XP_015175395.1	XP_016771021.1	23.529	85	57	2	131	208	346	429	0.003	31.6
XP_015175395.1	XP_016771020.1	23.529	85	57	2	131	208	346	429	0.003	31.6
XP_015175396.1	XP_016771021.1	23.529	85	57	2	131	208	346	429	0.003	31.6
XP_015175396.1	XP_016771020.1	23.529	85	57	2	131	208	346	429	0.003	31.6
XP_015175397.1	XP_016771021.1	23.529	85	57	2	131	208	346	429	0.002	31.6
XP_015175397.1	XP_016771020.1	23.529	85	57	2	131	208	346	429	0.002	31.6
XP_015175471.1	XP_006562308.2	29.730	74	42	3	292	365	2116	2179	0.020	27.3
XP_015175471.1	XP_006562311.2	29.730	74	42	3	292	365	1918	1981	0.024	26.9
XP_015175471.1	XP_006562310.2	29.730	74	42	3	292	365	1918	1981	0.024	26.9
XP_015175471.1	XP_016771028.2	30.508	59	32	2	307	365	1794	1843	0.032	26.6
XP_015175471.1	XP_016771029.2	30.508	59	32	2	307	365	1730	1779	0.034	26.6
XP_015175557.1	XP_016771021.1	29.730	37	26	0	88	124	415	451	0.015	25.8
XP_015175557.1	XP_016771020.1	29.730	37	26	0	88	124	415	451	0.015	25.8
XP_015175632.1	XP_006562308.2	29.787	47	33	0	26	72	1909	1955	0.046	23.9
XP_015175712.1	XP_006562311.2	32.877	73	48	1	35	106	1785	1857	0.032	27.3
XP_015175712.1	XP_006562310.2	32.877	73	48	1	35	106	1785	1857	0.032	27.3
XP_015175712.1	XP_006562308.2	32.877	73	48	1	35	106	1983	2055	0.034	27.3
XP_015175712.1	XP_016771029.2	32.877	73	48	1	35	106	1583	1655	0.041	26.9
XP_015175712.1	XP_016771028.2	32.877	73	48	1	35	106	1647	1719	0.044	26.9
XP_015175713.1	XP_006562311.2	32.877	73	48	1	35	106	1785	1857	0.031	27.3
XP_015175713.1	XP_006562310.2	32.877	73	48	1	35	106	1785	1857	0.031	27.3
XP_015175713.1	XP_006562308.2	32.877	73	48	1	35	106	1983	2055	0.033	27.3
XP_015175713.1	XP_016771029.2	32.877	73	48	1	35	106	1583	1655	0.040	26.9
XP_015175713.1	XP_016771028.2	32.877	73	48	1	35	106	1647	1719	0.040	26.9
XP_015175935.1	XP_006562311.2	26.829	41	30	0	273	313	863	903	0.040	26.2
XP_015175935.1	XP_006562310.2	26.829	41	30	0	273	313	863	903	0.040	26.2
XP_015175935.1	XP_006562308.2	26.829	41	30	0	273	313	1061	1101	0.042	26.2
XP_015175935.1	XP_016771029.2	27.500	40	29	0	274	313	662	701	0.042	26.2
XP_015175935.1	XP_016771028.2	26.829	41	30	0	273	313	725	765	0.043	25.8
XP_015176072.1	XP_006562311.2	27.734	256	157	5	83	313	56	308	8.09e-18	75.9
XP_015176072.1	XP_006562310.2	27.734	256	157	5	83	313	56	308	8.09e-18	75.9
XP_015176072.1	XP_006562308.2	27.734	256	157	5	83	313	275	527	9.98e-18	75.5
XP_015176434.1	XP_016771029.2	42.105	38	16	2	328	362	1163	1197	0.041	26.6
XP_015176434.1	XP_006562311.2	42.105	38	16	2	328	362	1365	1399	0.046	26.2
XP_015176434.1	XP_006562310.2	42.105	38	16	2	328	362	1365	1399	0.046	26.2
XP_015176485.1	XP_016771028.2	23.438	64	48	1	76	138	76	139	0.043	24.6
XP_015176522.1	XP_016771029.2	38.182	55	32	2	456	509	13	66	0.008	30.0
XP_015176522.1	XP_016771028.2	38.182	55	32	2	456	509	13	66	0.008	30.0
XP_015176523.1	XP_016771029.2	38.182	55	32	2	456	509	13	66	0.008	30.0
XP_015176523.1	XP_016771028.2	38.182	55	32	2	456	509	13	66	0.008	30.0
XP_015176524.1	XP_016771029.2	38.182	55	32	2	456	509	13	66	0.008	30.0
XP_015176524.1	XP_016771028.2	38.182	55	32	2	456	509	13	66	0.008	30.0
XP_015176525.1	XP_016771029.2	38.182	55	32	2	456	509	13	66	0.008	30.0
XP_015176525.1	XP_016771028.2	38.182	55	32	2	456	509	13	66	0.008	30.0
XP_015176526.1	XP_016771029.2	38.182	55	32	2	456	509	13	66	0.008	30.0
XP_015176526.1	XP_016771028.2	38.182	55	32	2	456	509	13	66	0.008	30.0
XP_015176652.1	XP_006562308.2	24.766	214	118	9	226	421	1570	1758	0.045	27.7
XP_015176953.1	XP_006562311.2	36.585	41	25	1	106	146	1333	1372	0.037	24.6
XP_015176953.1	XP_006562310.2	36.585	41	25	1	106	146	1333	1372	0.037	24.6
XP_015176953.1	XP_016771029.2	36.585	41	25	1	106	146	1131	1170	0.040	24.6
XP_015176953.1	XP_006562308.2	36.585	41	25	1	106	146	1531	1570	0.042	24.6
XP_015176953.1	XP_016771028.2	36.585	41	25	1	106	146	1195	1234	0.042	24.6
XP_015176964.1	XP_016771021.1	31.579	38	26	0	37	74	85	122	0.023	26.2
XP_015176964.1	XP_016771020.1	31.579	38	26	0	37	74	85	122	0.023	26.2
XP_015177013.1	XP_006562308.2	31.373	102	58	4	114	214	2172	2262	8.84e-04	32.7
XP_015177013.1	XP_006562311.2	31.373	102	58	4	114	214	1974	2064	0.001	32.3
XP_015177013.1	XP_006562310.2	31.373	102	58	4	114	214	1974	2064	0.001	32.3
XP_015177013.1	XP_016771028.2	31.373	102	58	4	114	214	1836	1926	0.001	32.0
XP_015177013.1	XP_016771029.2	31.373	102	58	4	114	214	1772	1862	0.002	31.6
XP_015177159.1	XP_006562308.2	32.692	52	32	1	384	432	726	777	0.044	27.7
XP_015177160.1	XP_006562308.2	32.692	52	32	1	526	574	726	777	0.049	27.3
XP_015177161.1	XP_006562308.2	32.692	52	32	1	526	574	726	777	0.048	27.3
XP_015177414.1	XP_006562308.2	26.087	115	76	3	165	275	639	748	2.68e-04	33.1
XP_015177414.1	XP_006562311.2	27.368	95	63	2	182	275	461	550	0.001	31.2
XP_015177414.1	XP_006562310.2	27.368	95	63	2	182	275	461	550	0.001	31.2
XP_015177414.1	XP_016771028.2	27.368	95	63	2	182	275	323	412	0.002	30.4
XP_015177414.1	XP_016771029.2	27.368	95	63	2	182	275	259	348	0.002	30.4
XP_015177695.1	XP_016771028.2	34.694	49	24	2	24	68	1838	1882	0.013	25.0
XP_015177695.1	XP_006562308.2	34.694	49	24	2	24	68	2174	2218	0.014	24.6
XP_015177695.1	XP_016771029.2	34.694	49	24	2	24	68	1774	1818	0.016	24.6
XP_015177695.1	XP_006562311.2	34.694	49	24	2	24	68	1976	2020	0.016	24.6
XP_015177695.1	XP_006562310.2	34.694	49	24	2	24	68	1976	2020	0.016	24.6
XP_015178132.1	XP_016771029.2	37.500	24	15	0	223	246	113	136	0.037	25.8
XP_015178132.1	XP_006562311.2	37.500	24	15	0	223	246	315	338	0.043	25.4
XP_015178132.1	XP_006562310.2	37.500	24	15	0	223	246	315	338	0.043	25.4
XP_015178132.1	XP_006562308.2	37.500	24	15	0	223	246	534	557	0.045	25.4
XP_015178664.1	XP_016771021.1	34.091	44	26	1	239	282	282	322	0.037	27.7
XP_015178664.1	XP_016771020.1	34.091	44	26	1	239	282	282	322	0.037	27.7
XP_015178665.1	XP_016771021.1	34.091	44	26	1	239	282	282	322	0.036	27.7
XP_015178665.1	XP_016771020.1	34.091	44	26	1	239	282	282	322	0.036	27.7
XP_015178677.1	XP_006562308.2	22.321	112	72	3	410	507	415	525	0.006	29.6
XP_015178677.1	XP_006562311.2	22.321	112	72	3	410	507	196	306	0.007	29.3
XP_015178677.1	XP_006562310.2	22.321	112	72	3	410	507	196	306	0.007	29.3
XP_015178689.1	XP_006562308.2	28.679	265	155	10	662	901	272	527	2.16e-19	85.1
XP_015178689.1	XP_006562311.2	28.679	265	155	10	662	901	53	308	2.87e-19	84.7
XP_015178689.1	XP_006562310.2	28.679	265	155	10	662	901	53	308	2.87e-19	84.7
XP_015178690.1	XP_006562308.2	28.679	265	155	10	639	878	272	527	2.12e-19	85.1
XP_015178690.1	XP_006562311.2	28.679	265	155	10	639	878	53	308	2.49e-19	84.7
XP_015178690.1	XP_006562310.2	28.679	265	155	10	639	878	53	308	2.49e-19	84.7
XP_015178691.1	XP_006562308.2	28.679	265	155	10	639	878	272	527	2.12e-19	85.1
XP_015178691.1	XP_006562311.2	28.679	265	155	10	639	878	53	308	2.49e-19	84.7
XP_015178691.1	XP_006562310.2	28.679	265	155	10	639	878	53	308	2.49e-19	84.7
XP_015178692.1	XP_006562308.2	28.679	265	155	10	639	878	272	527	2.12e-19	85.1
XP_015178692.1	XP_006562311.2	28.679	265	155	10	639	878	53	308	2.49e-19	84.7
XP_015178692.1	XP_006562310.2	28.679	265	155	10	639	878	53	308	2.49e-19	84.7
XP_015178693.1	XP_006562308.2	28.679	265	155	10	639	878	272	527	2.12e-19	85.1
XP_015178693.1	XP_006562311.2	28.679	265	155	10	639	878	53	308	2.49e-19	84.7
XP_015178693.1	XP_006562310.2	28.679	265	155	10	639	878	53	308	2.49e-19	84.7
XP_015178789.1	XP_006562308.2	22.383	277	189	7	381	632	283	558	1.77e-14	67.4
XP_015178789.1	XP_006562311.2	22.383	277	189	7	381	632	64	339	3.90e-14	66.2
XP_015178789.1	XP_006562310.2	22.383	277	189	7	381	632	64	339	3.90e-14	66.2
XP_015178823.1	XP_016771021.1	37.500	40	24	1	515	553	277	316	0.007	29.6
XP_015178823.1	XP_016771020.1	37.500	40	24	1	515	553	277	316	0.007	29.6
XP_015179657.1	XP_006562308.2	29.870	77	45	2	16	84	637	712	8.61e-04	28.9
XP_015179912.1	XP_006562308.2	27.044	159	102	2	487	631	355	513	1.32e-12	62.0
XP_015179912.1	XP_006562311.2	27.215	158	101	2	487	630	136	293	2.09e-12	61.2
XP_015179912.1	XP_006562310.2	27.215	158	101	2	487	630	136	293	2.09e-12	61.2
XP_015179913.1	XP_006562308.2	27.044	159	102	2	487	631	355	513	1.32e-12	62.0
XP_015179913.1	XP_006562311.2	27.215	158	101	2	487	630	136	293	2.09e-12	61.2
XP_015179913.1	XP_006562310.2	27.215	158	101	2	487	630	136	293	2.09e-12	61.2
XP_015179914.1	XP_006562308.2	27.044	159	102	2	487	631	355	513	1.32e-12	62.0
XP_015179914.1	XP_006562311.2	27.215	158	101	2	487	630	136	293	2.09e-12	61.2
XP_015179914.1	XP_006562310.2	27.215	158	101	2	487	630	136	293	2.09e-12	61.2
XP_015179925.1	XP_016771028.2	27.972	143	92	7	984	1121	1300	1436	0.020	30.0
XP_015179925.1	XP_006562308.2	27.972	143	92	7	984	1121	1636	1772	0.020	30.0
XP_015179925.1	XP_006562311.2	27.972	143	92	7	984	1121	1438	1574	0.022	30.0
XP_015179925.1	XP_006562310.2	27.972	143	92	7	984	1121	1438	1574	0.022	30.0
XP_015179925.1	XP_016771029.2	27.972	143	92	7	984	1121	1236	1372	0.024	30.0
XP_015179966.1	XP_006562308.2	20.904	177	127	3	226	396	1737	1906	0.008	28.5
XP_015179966.1	XP_006562311.2	20.904	177	127	3	226	396	1539	1708	0.012	28.1
XP_015179966.1	XP_006562310.2	20.904	177	127	3	226	396	1539	1708	0.012	28.1
XP_015179966.1	XP_016771028.2	20.904	177	127	3	226	396	1401	1570	0.014	28.1
XP_015179966.1	XP_016771029.2	20.904	177	127	3	226	396	1337	1506	0.014	28.1
XP_015179967.1	XP_006562308.2	20.904	177	127	3	226	396	1737	1906	0.008	28.5
XP_015179967.1	XP_006562311.2	20.904	177	127	3	226	396	1539	1708	0.012	28.1
XP_015179967.1	XP_006562310.2	20.904	177	127	3	226	396	1539	1708	0.012	28.1
XP_015179967.1	XP_016771028.2	20.904	177	127	3	226	396	1401	1570	0.014	28.1
XP_015179967.1	XP_016771029.2	20.904	177	127	3	226	396	1337	1506	0.014	28.1
XP_015179968.1	XP_006562308.2	20.904	177	127	3	183	353	1737	1906	0.007	28.9
XP_015179968.1	XP_006562311.2	20.904	177	127	3	183	353	1539	1708	0.010	28.1
XP_015179968.1	XP_006562310.2	20.904	177	127	3	183	353	1539	1708	0.010	28.1
XP_015179968.1	XP_016771028.2	20.904	177	127	3	183	353	1401	1570	0.012	28.1
XP_015179968.1	XP_016771029.2	20.904	177	127	3	183	353	1337	1506	0.014	27.7
XP_015179988.1	XP_006562308.2	27.451	51	37	0	39	89	1963	2013	0.016	25.0
XP_015179988.1	XP_006562311.2	27.451	51	37	0	39	89	1765	1815	0.016	25.0
XP_015179988.1	XP_006562310.2	27.451	51	37	0	39	89	1765	1815	0.016	25.0
XP_015179988.1	XP_016771029.2	27.451	51	37	0	39	89	1563	1613	0.019	24.6
XP_015179988.1	XP_016771028.2	27.451	51	37	0	39	89	1627	1677	0.019	24.6
XP_015180054.1	XP_016771028.2	27.397	73	47	2	9	77	1657	1727	0.034	25.0
XP_015180054.1	XP_016771029.2	27.397	73	47	2	9	77	1593	1663	0.040	24.6
XP_015180054.1	XP_006562308.2	27.397	73	47	2	9	77	1993	2063	0.040	24.6
XP_015180054.1	XP_006562311.2	27.397	73	47	2	9	77	1795	1865	0.042	24.6
XP_015180054.1	XP_006562310.2	27.397	73	47	2	9	77	1795	1865	0.042	24.6
XP_015180262.1	XP_006562308.2	37.209	43	22	1	110	147	409	451	0.018	27.7
XP_015180262.1	XP_006562311.2	37.209	43	22	1	110	147	190	232	0.019	27.7
XP_015180262.1	XP_006562310.2	37.209	43	22	1	110	147	190	232	0.019	27.7
XP_015180264.1	XP_016771021.1	27.660	94	64	3	3866	3957	323	414	0.039	30.4
XP_015180264.1	XP_016771020.1	27.660	94	64	3	3866	3957	323	414	0.039	30.4
XP_015180265.1	XP_016771021.1	27.660	94	64	3	3862	3953	323	414	0.039	30.4
XP_015180265.1	XP_016771020.1	27.660	94	64	3	3862	3953	323	414	0.039	30.4
XP_015180266.1	XP_016771021.1	27.660	94	64	3	3856	3947	323	414	0.041	30.4
XP_015180266.1	XP_016771020.1	27.660	94	64	3	3856	3947	323	414	0.041	30.4
XP_015180267.1	XP_016771021.1	27.660	94	64	3	3856	3947	323	414	0.041	30.4
XP_015180267.1	XP_016771020.1	27.660	94	64	3	3856	3947	323	414	0.041	30.4
XP_015180268.1	XP_016771021.1	27.660	94	64	3	3854	3945	323	414	0.040	30.4
XP_015180268.1	XP_016771020.1	27.660	94	64	3	3854	3945	323	414	0.040	30.4
XP_015180269.1	XP_016771021.1	27.660	94	64	3	3813	3904	323	414	0.040	30.4
XP_015180269.1	XP_016771020.1	27.660	94	64	3	3813	3904	323	414	0.040	30.4
XP_015180270.1	XP_016771021.1	27.660	94	64	3	3584	3675	323	414	0.036	30.4
XP_015180270.1	XP_016771020.1	27.660	94	64	3	3584	3675	323	414	0.036	30.4
XP_015180271.1	XP_016771021.1	27.660	94	64	3	3547	3638	323	414	0.034	30.4
XP_015180271.1	XP_016771020.1	27.660	94	64	3	3547	3638	323	414	0.034	30.4
XP_015180479.1	XP_006562308.2	28.378	74	39	3	23	96	2141	2200	0.044	25.0
XP_015180479.1	XP_006562311.2	28.378	74	39	3	23	96	1943	2002	0.046	25.0
XP_015180479.1	XP_006562310.2	28.378	74	39	3	23	96	1943	2002	0.046	25.0
XP_015180612.1	XP_016771028.2	25.333	75	56	0	155	229	471	545	0.039	25.4
XP_015180983.1	XP_016771028.2	37.778	45	23	2	182	222	1560	1603	0.027	26.9
XP_015180983.1	XP_016771029.2	39.535	43	21	2	184	222	1498	1539	0.027	26.9
XP_015180983.1	XP_006562308.2	39.474	38	19	1	184	217	1898	1935	0.028	26.9
XP_015180983.1	XP_006562311.2	39.535	43	21	2	184	222	1700	1741	0.028	26.9
XP_015180983.1	XP_006562310.2	39.535	43	21	2	184	222	1700	1741	0.028	26.9
XP_015181047.1	XP_006562308.2	29.944	177	101	6	669	826	331	503	1.88e-15	72.0
XP_015181047.1	XP_006562311.2	29.944	177	101	6	669	826	112	284	2.27e-15	71.6
XP_015181047.1	XP_006562310.2	29.944	177	101	6	669	826	112	284	2.27e-15	71.6
XP_015181048.1	XP_006562308.2	29.944	177	101	6	664	821	331	503	1.67e-15	72.0
XP_015181048.1	XP_006562311.2	29.944	177	101	6	664	821	112	284	2.37e-15	71.6
XP_015181048.1	XP_006562310.2	29.944	177	101	6	664	821	112	284	2.37e-15	71.6
XP_015181049.1	XP_006562308.2	29.944	177	101	6	669	826	331	503	1.66e-15	72.0
XP_015181049.1	XP_006562311.2	29.944	177	101	6	669	826	112	284	1.95e-15	71.6
XP_015181049.1	XP_006562310.2	29.944	177	101	6	669	826	112	284	1.95e-15	71.6
XP_015181059.1	XP_016771028.2	29.870	77	40	3	61	126	95	168	4.85e-04	33.1
XP_015181060.1	XP_016771028.2	29.870	77	40	3	61	126	95	168	4.85e-04	33.1
XP_015181061.1	XP_016771028.2	29.870	77	40	3	61	126	95	168	4.85e-04	33.1
XP_015181062.1	XP_016771028.2	29.870	77	40	3	61	126	95	168	4.85e-04	33.1
XP_015181063.1	XP_016771028.2	29.870	77	40	3	61	126	95	168	4.85e-04	33.1
XP_015181064.1	XP_016771028.2	29.870	77	40	3	61	126	95	168	4.85e-04	33.1
XP_015181065.1	XP_016771028.2	29.870	77	40	3	61	126	95	168	4.85e-04	33.1
XP_015181066.1	XP_016771028.2	29.870	77	40	3	61	126	95	168	4.85e-04	33.1
XP_015181067.1	XP_016771028.2	29.870	77	40	3	61	126	95	168	4.85e-04	33.1
XP_015181068.1	XP_016771028.2	29.870	77	40	3	61	126	95	168	4.85e-04	33.1
XP_015181161.1	XP_006562308.2	30.508	59	36	1	318	371	663	721	0.016	27.7
XP_015181161.1	XP_006562311.2	30.508	59	36	1	318	371	465	523	0.017	27.3
XP_015181161.1	XP_006562310.2	30.508	59	36	1	318	371	465	523	0.017	27.3
XP_015181174.1	XP_016771028.2	35.849	53	33	1	274	326	99	150	0.002	31.6
XP_015181220.1	XP_006562308.2	25.000	144	91	4	414	541	798	940	0.010	28.9
XP_015181220.1	XP_006562311.2	25.000	144	91	4	414	541	600	742	0.012	28.5
XP_015181220.1	XP_006562310.2	25.000	144	91	4	414	541	600	742	0.012	28.5
XP_015181220.1	XP_016771028.2	25.000	144	91	4	414	541	462	604	0.020	28.1
XP_015181220.1	XP_016771029.2	25.000	144	91	4	414	541	398	540	0.021	27.7
XP_015181221.1	XP_006562308.2	25.000	144	91	4	403	530	798	940	0.009	28.9
XP_015181221.1	XP_006562311.2	25.000	144	91	4	403	530	600	742	0.014	28.5
XP_015181221.1	XP_006562310.2	25.000	144	91	4	403	530	600	742	0.014	28.5
XP_015181221.1	XP_016771029.2	25.000	144	91	4	403	530	398	540	0.022	27.7
XP_015181221.1	XP_016771028.2	25.000	144	91	4	403	530	462	604	0.024	27.7
XP_015181324.1	XP_006562311.2	44.828	29	16	0	154	182	1182	1210	0.012	26.9
XP_015181324.1	XP_006562310.2	44.828	29	16	0	154	182	1182	1210	0.012	26.9
XP_015181324.1	XP_006562308.2	44.828	29	16	0	154	182	1380	1408	0.013	26.9
XP_015181324.1	XP_016771028.2	44.828	29	16	0	154	182	1044	1072	0.013	26.9
XP_015181324.1	XP_016771029.2	44.828	29	16	0	154	182	980	1008	0.018	26.6
XP_015181384.1	XP_016771021.1	29.231	130	78	4	782	899	8	135	6.55e-10	53.5
XP_015181384.1	XP_016771020.1	29.231	130	78	4	782	899	8	135	6.55e-10	53.5
XP_015181514.1	XP_016771021.1	29.231	130	78	4	594	711	8	135	2.15e-09	51.6
XP_015181514.1	XP_016771020.1	29.231	130	78	4	594	711	8	135	2.15e-09	51.6
XP_015181598.1	XP_016771021.1	33.333	39	26	0	348	386	233	271	0.020	28.1
XP_015181598.1	XP_016771020.1	33.333	39	26	0	348	386	233	271	0.020	28.1
XP_015181786.1	XP_016771021.1	21.333	150	99	6	270	419	11	141	0.032	28.5
XP_015181786.1	XP_016771020.1	21.333	150	99	6	270	419	11	141	0.032	28.5
XP_015181787.1	XP_016771021.1	21.333	150	99	6	270	419	11	141	0.034	27.7
XP_015181787.1	XP_016771020.1	21.333	150	99	6	270	419	11	141	0.034	27.7
XP_015181788.1	XP_016771021.1	21.333	150	99	6	270	419	11	141	0.032	27.7
XP_015181788.1	XP_016771020.1	21.333	150	99	6	270	419	11	141	0.032	27.7
XP_015182115.1	XP_016771029.2	28.571	70	43	3	165	229	1170	1237	0.011	28.5
XP_015182115.1	XP_016771028.2	28.571	70	43	3	165	229	1234	1301	0.011	28.5
XP_015182116.1	XP_016771029.2	28.571	70	43	3	165	229	1170	1237	0.011	28.5
XP_015182116.1	XP_016771028.2	28.571	70	43	3	165	229	1234	1301	0.011	28.5
XP_015182399.1	XP_016771021.1	22.840	162	96	6	530	672	419	570	0.046	27.7
XP_015182399.1	XP_016771020.1	22.840	162	96	6	530	672	419	570	0.046	27.7
XP_015182463.1	XP_006562308.2	24.540	163	99	6	518	662	347	503	4.53e-07	43.5
XP_015182463.1	XP_006562311.2	24.540	163	99	6	518	662	128	284	5.95e-07	43.1
XP_015182463.1	XP_006562310.2	24.540	163	99	6	518	662	128	284	5.95e-07	43.1
XP_015182516.1	XP_006562308.2	28.889	45	31	1	172	216	157	200	0.015	27.3
XP_015182664.1	XP_016771028.2	30.000	80	47	3	671	745	130	205	0.022	28.5
XP_015182747.1	XP_016771028.2	30.000	80	47	3	664	738	130	205	0.019	28.9
XP_015182835.1	XP_016771028.2	30.000	80	47	3	660	734	130	205	0.018	28.9
XP_015183068.1	XP_006562308.2	31.429	70	47	1	700	769	2195	2263	0.040	27.7
XP_015183068.1	XP_006562311.2	31.429	70	47	1	700	769	1997	2065	0.046	27.3
XP_015183068.1	XP_006562310.2	31.429	70	47	1	700	769	1997	2065	0.046	27.3
XP_015183068.1	XP_016771028.2	31.429	70	47	1	700	769	1859	1927	0.049	27.3
XP_015183069.1	XP_006562308.2	31.429	70	47	1	700	769	2195	2263	0.040	27.7
XP_015183069.1	XP_006562311.2	31.429	70	47	1	700	769	1997	2065	0.046	27.3
XP_015183069.1	XP_006562310.2	31.429	70	47	1	700	769	1997	2065	0.046	27.3
XP_015183069.1	XP_016771028.2	31.429	70	47	1	700	769	1859	1927	0.049	27.3
XP_015183189.1	XP_016771021.1	41.935	31	16	1	5	33	375	405	0.050	24.6
XP_015183189.1	XP_016771020.1	41.935	31	16	1	5	33	375	405	0.050	24.6
XP_015183192.1	XP_016771028.2	33.333	24	16	0	32	55	1101	1124	0.048	24.6
XP_015183193.1	XP_016771028.2	33.333	24	16	0	17	40	1101	1124	0.043	24.6
XP_015183193.1	XP_016771029.2	33.333	24	16	0	17	40	1037	1060	0.046	24.6
XP_015183193.1	XP_006562311.2	33.333	24	16	0	17	40	1239	1262	0.050	24.3
XP_015183193.1	XP_006562310.2	33.333	24	16	0	17	40	1239	1262	0.050	24.3
XP_015183193.1	XP_006562308.2	33.333	24	16	0	17	40	1437	1460	0.050	24.3
XP_015183418.1	XP_016771028.2	24.576	118	65	3	97	214	1444	1537	0.045	26.6
XP_015183418.1	XP_016771029.2	24.576	118	65	3	97	214	1380	1473	0.049	26.6
XP_015183614.1	XP_016771029.2	21.429	112	75	2	1006	1117	549	647	0.002	33.1
XP_015183614.1	XP_016771028.2	21.429	112	75	2	1006	1117	613	711	0.002	33.1
XP_015183614.1	XP_006562311.2	21.429	112	75	2	1006	1117	751	849	0.003	32.3
XP_015183614.1	XP_006562310.2	21.429	112	75	2	1006	1117	751	849	0.003	32.3
XP_015183614.1	XP_006562308.2	21.429	112	75	2	1006	1117	949	1047	0.003	32.3
XP_015183615.1	XP_016771029.2	21.429	112	75	2	1006	1117	549	647	0.002	33.1
XP_015183615.1	XP_016771028.2	21.429	112	75	2	1006	1117	613	711	0.002	33.1
XP_015183615.1	XP_006562311.2	21.429	112	75	2	1006	1117	751	849	0.003	32.3
XP_015183615.1	XP_006562310.2	21.429	112	75	2	1006	1117	751	849	0.003	32.3
XP_015183615.1	XP_006562308.2	21.429	112	75	2	1006	1117	949	1047	0.003	32.3
XP_015183616.1	XP_016771029.2	21.429	112	75	2	1006	1117	549	647	0.002	33.1
XP_015183616.1	XP_016771028.2	21.429	112	75	2	1006	1117	613	711	0.002	33.1
XP_015183616.1	XP_006562311.2	21.429	112	75	2	1006	1117	751	849	0.003	32.3
XP_015183616.1	XP_006562310.2	21.429	112	75	2	1006	1117	751	849	0.003	32.3
XP_015183616.1	XP_006562308.2	21.429	112	75	2	1006	1117	949	1047	0.003	32.3
XP_015183617.1	XP_016771029.2	21.429	112	75	2	1006	1117	549	647	0.002	33.1
XP_015183617.1	XP_016771028.2	21.429	112	75	2	1006	1117	613	711	0.002	33.1
XP_015183617.1	XP_006562311.2	21.429	112	75	2	1006	1117	751	849	0.003	32.3
XP_015183617.1	XP_006562310.2	21.429	112	75	2	1006	1117	751	849	0.003	32.3
XP_015183617.1	XP_006562308.2	21.429	112	75	2	1006	1117	949	1047	0.003	32.3
XP_015183618.1	XP_016771029.2	21.429	112	75	2	1006	1117	549	647	0.002	33.1
XP_015183618.1	XP_016771028.2	21.429	112	75	2	1006	1117	613	711	0.002	33.1
XP_015183618.1	XP_006562311.2	21.429	112	75	2	1006	1117	751	849	0.003	32.3
XP_015183618.1	XP_006562310.2	21.429	112	75	2	1006	1117	751	849	0.003	32.3
XP_015183618.1	XP_006562308.2	21.429	112	75	2	1006	1117	949	1047	0.003	32.3
XP_015183620.1	XP_016771029.2	21.429	112	75	2	1006	1117	549	647	0.002	33.1
XP_015183620.1	XP_016771028.2	21.429	112	75	2	1006	1117	613	711	0.002	33.1
XP_015183620.1	XP_006562311.2	21.429	112	75	2	1006	1117	751	849	0.003	32.3
XP_015183620.1	XP_006562310.2	21.429	112	75	2	1006	1117	751	849	0.003	32.3
XP_015183620.1	XP_006562308.2	21.429	112	75	2	1006	1117	949	1047	0.003	32.3
XP_015183621.1	XP_016771029.2	21.429	112	75	2	998	1109	549	647	0.002	33.1
XP_015183621.1	XP_016771028.2	21.429	112	75	2	998	1109	613	711	0.002	33.1
XP_015183621.1	XP_006562311.2	21.429	112	75	2	998	1109	751	849	0.003	32.3
XP_015183621.1	XP_006562310.2	21.429	112	75	2	998	1109	751	849	0.003	32.3
XP_015183621.1	XP_006562308.2	21.429	112	75	2	998	1109	949	1047	0.003	32.0
XP_015183642.1	XP_016771028.2	41.379	29	17	0	578	606	1424	1452	0.044	26.9
XP_015183642.1	XP_006562311.2	41.379	29	17	0	578	606	1562	1590	0.044	26.9
XP_015183642.1	XP_006562310.2	41.379	29	17	0	578	606	1562	1590	0.044	26.9
XP_015183642.1	XP_006562308.2	41.379	29	17	0	578	606	1760	1788	0.044	26.9
XP_015183652.1	XP_016771028.2	41.379	29	17	0	578	606	1424	1452	0.044	26.9
XP_015183652.1	XP_006562311.2	41.379	29	17	0	578	606	1562	1590	0.044	26.9
XP_015183652.1	XP_006562310.2	41.379	29	17	0	578	606	1562	1590	0.044	26.9
XP_015183652.1	XP_006562308.2	41.379	29	17	0	578	606	1760	1788	0.044	26.9
XP_015183660.1	XP_016771028.2	41.379	29	17	0	578	606	1424	1452	0.044	26.9
XP_015183660.1	XP_006562311.2	41.379	29	17	0	578	606	1562	1590	0.044	26.9
XP_015183660.1	XP_006562310.2	41.379	29	17	0	578	606	1562	1590	0.044	26.9
XP_015183660.1	XP_006562308.2	41.379	29	17	0	578	606	1760	1788	0.044	26.9
XP_015183668.1	XP_016771028.2	41.379	29	17	0	578	606	1424	1452	0.044	26.9
XP_015183668.1	XP_006562311.2	41.379	29	17	0	578	606	1562	1590	0.044	26.9
XP_015183668.1	XP_006562310.2	41.379	29	17	0	578	606	1562	1590	0.044	26.9
XP_015183668.1	XP_006562308.2	41.379	29	17	0	578	606	1760	1788	0.044	26.9
XP_015183675.1	XP_016771028.2	41.379	29	17	0	578	606	1424	1452	0.044	26.9
XP_015183675.1	XP_006562311.2	41.379	29	17	0	578	606	1562	1590	0.044	26.9
XP_015183675.1	XP_006562310.2	41.379	29	17	0	578	606	1562	1590	0.044	26.9
XP_015183675.1	XP_006562308.2	41.379	29	17	0	578	606	1760	1788	0.044	26.9
XP_015183767.1	XP_016771028.2	29.412	85	40	3	93	177	1275	1339	0.024	28.5
XP_015183767.1	XP_016771029.2	29.412	85	40	3	93	177	1211	1275	0.025	28.5
XP_015183767.1	XP_006562311.2	29.412	85	40	3	93	177	1413	1477	0.031	28.5
XP_015183767.1	XP_006562310.2	29.412	85	40	3	93	177	1413	1477	0.031	28.5
XP_015183767.1	XP_006562308.2	29.412	85	40	3	93	177	1611	1675	0.034	28.1
XP_015183768.1	XP_016771028.2	29.412	85	40	3	93	177	1275	1339	0.024	28.5
XP_015183768.1	XP_016771029.2	29.412	85	40	3	93	177	1211	1275	0.025	28.5
XP_015183768.1	XP_006562311.2	29.412	85	40	3	93	177	1413	1477	0.030	28.5
XP_015183768.1	XP_006562310.2	29.412	85	40	3	93	177	1413	1477	0.030	28.5
XP_015183768.1	XP_006562308.2	29.412	85	40	3	93	177	1611	1675	0.033	28.1
XP_015183872.1	XP_006562311.2	44.000	25	14	0	178	202	1625	1649	0.046	26.2
XP_015183872.1	XP_006562310.2	44.000	25	14	0	178	202	1625	1649	0.046	26.2
XP_015183872.1	XP_006562308.2	44.000	25	14	0	178	202	1823	1847	0.047	26.2
XP_015183892.1	NP_001011612.1	47.059	17	9	0	571	587	27	43	0.022	25.4
XP_015184186.1	XP_016771029.2	32.432	37	25	0	431	467	1645	1681	0.039	26.9
XP_015184186.1	XP_016771028.2	32.432	37	25	0	431	467	1709	1745	0.042	26.6
XP_015184248.1	XP_016771021.1	23.729	59	41	1	90	148	27	81	0.024	26.2
XP_015184248.1	XP_016771020.1	23.729	59	41	1	90	148	27	81	0.024	26.2
XP_015184249.1	XP_016771021.1	23.729	59	41	1	90	148	27	81	0.024	26.2
XP_015184249.1	XP_016771020.1	23.729	59	41	1	90	148	27	81	0.024	26.2
XP_015184292.1	XP_016771029.2	38.776	49	29	1	634	682	23	70	0.008	29.6
XP_015184292.1	XP_016771028.2	38.776	49	29	1	634	682	23	70	0.010	29.3
XP_015184373.1	XP_016771029.2	33.333	48	26	1	240	281	1273	1320	0.023	26.9
XP_015184373.1	XP_016771028.2	33.333	48	26	1	240	281	1337	1384	0.024	26.9
XP_015184547.1	XP_016771021.1	33.333	42	24	2	25	62	374	415	0.008	26.9
XP_015184547.1	XP_016771020.1	33.333	42	24	2	25	62	374	415	0.008	26.9
XP_015184728.1	NP_001011612.1	37.500	24	15	0	71	94	11	34	0.031	25.8
XP_015184729.1	NP_001011612.1	37.500	24	15	0	71	94	11	34	0.031	25.8
XP_015184730.1	NP_001011612.1	37.500	24	15	0	28	51	11	34	0.030	25.8
XP_015184731.1	NP_001011612.1	37.500	24	15	0	28	51	11	34	0.030	25.8
XP_015184732.1	NP_001011612.1	37.500	24	15	0	28	51	11	34	0.030	25.8
XP_015184733.1	NP_001011612.1	37.500	24	15	0	28	51	11	34	0.030	25.8
XP_015184735.1	NP_001011612.1	37.500	24	15	0	71	94	11	34	0.030	25.8
XP_015184736.1	NP_001011612.1	37.500	24	15	0	71	94	11	34	0.030	25.8
XP_015184737.1	NP_001011612.1	37.500	24	15	0	28	51	11	34	0.030	25.8
XP_015184738.1	NP_001011612.1	37.500	24	15	0	71	94	11	34	0.025	25.8
XP_015184774.1	XP_006562308.2	20.126	159	110	4	358	499	331	489	2.85e-05	37.4
XP_015184774.1	XP_006562311.2	20.126	159	110	4	358	499	112	270	3.36e-05	37.4
XP_015184774.1	XP_006562310.2	20.126	159	110	4	358	499	112	270	3.36e-05	37.4
XP_015185020.1	XP_016771021.1	33.257	439	275	10	66	491	53	486	6.66e-77	248
XP_015185020.1	XP_016771020.1	33.257	439	275	10	66	491	53	486	6.66e-77	248
XP_015185175.1	XP_006562311.2	23.438	128	78	3	146	254	153	279	4.74e-04	33.1
XP_015185175.1	XP_006562310.2	23.438	128	78	3	146	254	153	279	4.74e-04	33.1
XP_015185175.1	XP_006562308.2	23.438	128	78	3	146	254	372	498	4.76e-04	33.1
XP_015185177.1	XP_006562308.2	22.222	54	39	1	21	71	180	233	0.012	26.6
XP_015185289.1	XP_006562308.2	31.579	76	40	3	1088	1156	1972	2042	0.003	32.3
XP_015185289.1	XP_006562311.2	31.579	76	40	3	1088	1156	1774	1844	0.003	32.3
XP_015185289.1	XP_006562310.2	31.579	76	40	3	1088	1156	1774	1844	0.003	32.3
XP_015185289.1	XP_016771028.2	31.579	76	40	3	1088	1156	1636	1706	0.003	32.3
XP_015185289.1	XP_016771029.2	31.579	76	40	3	1088	1156	1572	1642	0.003	32.3
XP_015185301.1	XP_016771029.2	34.783	46	29	1	36	81	1572	1616	4.39e-04	29.3
XP_015185301.1	XP_016771028.2	34.783	46	29	1	36	81	1636	1680	4.39e-04	29.3
XP_015185301.1	XP_006562311.2	34.783	46	29	1	36	81	1774	1818	4.40e-04	29.3
XP_015185301.1	XP_006562310.2	34.783	46	29	1	36	81	1774	1818	4.40e-04	29.3
XP_015185301.1	XP_006562308.2	34.783	46	29	1	36	81	1972	2016	4.41e-04	29.3
XP_015185373.1	XP_006562308.2	34.615	26	17	0	14	39	1522	1547	0.025	25.8
XP_015185373.1	XP_006562311.2	34.615	26	17	0	14	39	1324	1349	0.025	25.8
XP_015185373.1	XP_006562310.2	34.615	26	17	0	14	39	1324	1349	0.025	25.8
XP_015185373.1	XP_016771029.2	34.615	26	17	0	14	39	1122	1147	0.031	25.4
XP_015185373.1	XP_016771028.2	34.615	26	17	0	14	39	1186	1211	0.033	25.0
XP_015185425.1	XP_016771029.2	25.287	87	51	1	78	150	1383	1469	0.001	31.6
XP_015185425.1	XP_016771028.2	25.287	87	51	1	78	150	1447	1533	0.001	31.6
XP_015185425.1	XP_006562311.2	25.287	87	51	1	78	150	1585	1671	0.001	31.6
XP_015185425.1	XP_006562310.2	25.287	87	51	1	78	150	1585	1671	0.001	31.6
XP_015185425.1	XP_006562308.2	25.287	87	51	1	78	150	1783	1869	0.001	31.6
XP_015185448.1	XP_016771029.2	32.500	40	27	0	261	300	290	329	0.049	25.8
XP_015185448.1	XP_006562311.2	32.500	40	27	0	261	300	492	531	0.050	25.8
XP_015185448.1	XP_006562310.2	32.500	40	27	0	261	300	492	531	0.050	25.8
XP_015186003.1	NP_001011611.2	30.769	26	18	0	203	228	17	42	0.028	25.0
XP_015186111.1	XP_006562311.2	25.076	327	173	13	517	806	55	346	3.53e-18	80.9
XP_015186111.1	XP_006562310.2	25.076	327	173	13	517	806	55	346	3.53e-18	80.9
XP_015186111.1	XP_006562308.2	25.076	327	173	13	517	806	274	565	3.91e-18	80.9
XP_015186112.1	XP_006562311.2	25.076	327	173	13	517	806	55	346	3.74e-18	80.9
XP_015186112.1	XP_006562310.2	25.076	327	173	13	517	806	55	346	3.74e-18	80.9
XP_015186112.1	XP_006562308.2	25.076	327	173	13	517	806	274	565	3.90e-18	80.9
XP_015186114.1	XP_006562311.2	25.776	322	177	13	493	782	55	346	3.02e-18	81.3
XP_015186114.1	XP_006562310.2	25.776	322	177	13	493	782	55	346	3.02e-18	81.3
XP_015186114.1	XP_006562308.2	25.076	327	173	13	493	782	274	565	3.34e-18	80.9
XP_015186115.1	XP_006562311.2	25.776	322	177	13	477	766	55	346	3.78e-18	80.9
XP_015186115.1	XP_006562310.2	25.776	322	177	13	477	766	55	346	3.78e-18	80.9
XP_015186115.1	XP_006562308.2	25.076	327	173	13	477	766	274	565	3.91e-18	80.9
XP_015186116.1	XP_006562308.2	25.776	322	177	13	517	806	274	565	1.76e-17	78.2
XP_015186116.1	XP_006562311.2	25.776	322	177	13	517	806	55	346	2.07e-17	77.8
XP_015186116.1	XP_006562310.2	25.776	322	177	13	517	806	55	346	2.07e-17	77.8
XP_015186129.1	XP_006562311.2	33.333	39	26	0	423	461	472	510	0.016	28.1
XP_015186129.1	XP_006562311.2	29.231	65	35	2	407	471	915	968	0.029	27.3
XP_015186129.1	XP_006562310.2	33.333	39	26	0	423	461	472	510	0.016	28.1
XP_015186129.1	XP_006562310.2	29.231	65	35	2	407	471	915	968	0.029	27.3
XP_015186129.1	XP_016771029.2	33.333	39	26	0	423	461	270	308	0.017	28.1
XP_015186129.1	XP_016771029.2	29.231	65	35	2	407	471	713	766	0.032	27.3
XP_015186129.1	XP_016771028.2	33.333	39	26	0	423	461	334	372	0.017	28.1
XP_015186129.1	XP_016771028.2	29.231	65	35	2	407	471	777	830	0.032	27.3
XP_015186130.1	XP_006562311.2	33.333	39	26	0	423	461	472	510	0.016	28.1
XP_015186130.1	XP_006562311.2	29.231	65	35	2	407	471	915	968	0.029	27.3
XP_015186130.1	XP_006562310.2	33.333	39	26	0	423	461	472	510	0.016	28.1
XP_015186130.1	XP_006562310.2	29.231	65	35	2	407	471	915	968	0.029	27.3
XP_015186130.1	XP_016771029.2	33.333	39	26	0	423	461	270	308	0.017	28.1
XP_015186130.1	XP_016771029.2	29.231	65	35	2	407	471	713	766	0.032	27.3
XP_015186130.1	XP_016771028.2	33.333	39	26	0	423	461	334	372	0.017	28.1
XP_015186130.1	XP_016771028.2	29.231	65	35	2	407	471	777	830	0.032	27.3
XP_015186132.1	XP_006562311.2	33.333	39	26	0	423	461	472	510	0.016	28.1
XP_015186132.1	XP_006562311.2	29.231	65	35	2	407	471	915	968	0.029	27.3
XP_015186132.1	XP_006562310.2	33.333	39	26	0	423	461	472	510	0.016	28.1
XP_015186132.1	XP_006562310.2	29.231	65	35	2	407	471	915	968	0.029	27.3
XP_015186132.1	XP_016771029.2	33.333	39	26	0	423	461	270	308	0.017	28.1
XP_015186132.1	XP_016771029.2	29.231	65	35	2	407	471	713	766	0.032	27.3
XP_015186132.1	XP_016771028.2	33.333	39	26	0	423	461	334	372	0.017	28.1
XP_015186132.1	XP_016771028.2	29.231	65	35	2	407	471	777	830	0.032	27.3
XP_015186194.1	NP_001011612.1	64.286	14	5	0	6	19	8	21	0.044	23.5
XP_015186382.1	XP_016771028.2	35.417	48	22	2	35	82	1575	1613	0.040	26.6
XP_015186382.1	XP_016771029.2	35.417	48	22	2	35	82	1511	1549	0.046	26.2
XP_015186392.1	XP_006562308.2	68.621	921	216	14	1	912	1	857	0.0	1211
XP_015186392.1	XP_006562308.2	54.717	1272	441	42	1332	2509	1033	2263	0.0	1059
XP_015186392.1	XP_016771028.2	54.717	1272	441	42	1332	2509	697	1927	0.0	1060
XP_015186392.1	XP_016771028.2	61.995	371	102	8	549	912	183	521	4.05e-110	382
XP_015186392.1	XP_006562311.2	54.717	1272	441	42	1332	2509	835	2065	0.0	1059
XP_015186392.1	XP_006562311.2	76.312	667	114	9	253	912	30	659	0.0	1009
XP_015186392.1	XP_006562310.2	54.717	1272	441	42	1332	2509	835	2065	0.0	1059
XP_015186392.1	XP_006562310.2	76.312	667	114	9	253	912	30	659	0.0	1009
XP_015186392.1	XP_016771029.2	54.717	1272	441	42	1332	2509	633	1863	0.0	1058
XP_015186392.1	XP_016771029.2	65.337	401	100	8	519	912	89	457	1.01e-131	450
XP_015186394.1	XP_006562308.2	68.996	916	216	13	1	907	1	857	0.0	1217
XP_015186394.1	XP_006562308.2	54.717	1272	441	42	1327	2504	1033	2263	0.0	1060
XP_015186394.1	XP_016771028.2	54.717	1272	441	42	1327	2504	697	1927	0.0	1060
XP_015186394.1	XP_016771028.2	61.995	371	102	8	544	907	183	521	3.93e-110	382
XP_015186394.1	XP_006562311.2	54.717	1272	441	42	1327	2504	835	2065	0.0	1059
XP_015186394.1	XP_006562311.2	76.888	662	114	8	253	907	30	659	0.0	1016
XP_015186394.1	XP_006562310.2	54.717	1272	441	42	1327	2504	835	2065	0.0	1059
XP_015186394.1	XP_006562310.2	76.888	662	114	8	253	907	30	659	0.0	1016
XP_015186394.1	XP_016771029.2	54.717	1272	441	42	1327	2504	633	1863	0.0	1059
XP_015186394.1	XP_016771029.2	65.337	401	100	8	514	907	89	457	9.54e-132	450
XP_015186395.1	XP_016771028.2	54.717	1272	441	42	1109	2286	697	1927	0.0	1060
XP_015186395.1	XP_016771028.2	61.995	371	102	8	326	689	183	521	2.35e-110	383
XP_015186395.1	XP_016771029.2	54.717	1272	441	42	1109	2286	633	1863	0.0	1059
XP_015186395.1	XP_016771029.2	65.337	401	100	8	296	689	89	457	3.99e-132	451
XP_015186395.1	XP_006562311.2	54.717	1272	441	42	1109	2286	835	2065	0.0	1059
XP_015186395.1	XP_006562311.2	76.868	696	117	9	1	689	1	659	0.0	1039
XP_015186395.1	XP_006562310.2	54.717	1272	441	42	1109	2286	835	2065	0.0	1059
XP_015186395.1	XP_006562310.2	76.868	696	117	9	1	689	1	659	0.0	1039
XP_015186395.1	XP_006562308.2	54.717	1272	441	42	1109	2286	1033	2263	0.0	1057
XP_015186395.1	XP_006562308.2	73.463	667	112	10	30	689	249	857	0.0	948
XP_015186396.1	XP_016771028.2	54.717	1272	441	42	1109	2286	697	1927	0.0	1060
XP_015186396.1	XP_016771028.2	61.995	371	102	8	326	689	183	521	2.35e-110	383
XP_015186396.1	XP_016771029.2	54.717	1272	441	42	1109	2286	633	1863	0.0	1059
XP_015186396.1	XP_016771029.2	65.337	401	100	8	296	689	89	457	3.99e-132	451
XP_015186396.1	XP_006562311.2	54.717	1272	441	42	1109	2286	835	2065	0.0	1059
XP_015186396.1	XP_006562311.2	76.868	696	117	9	1	689	1	659	0.0	1039
XP_015186396.1	XP_006562310.2	54.717	1272	441	42	1109	2286	835	2065	0.0	1059
XP_015186396.1	XP_006562310.2	76.868	696	117	9	1	689	1	659	0.0	1039
XP_015186396.1	XP_006562308.2	54.717	1272	441	42	1109	2286	1033	2263	0.0	1057
XP_015186396.1	XP_006562308.2	73.463	667	112	10	30	689	249	857	0.0	948
XP_015186400.1	XP_016771021.1	70.359	668	173	5	1	651	1	660	0.0	980
XP_015186400.1	XP_016771020.1	70.359	668	173	5	1	651	1	660	0.0	980
XP_015186401.1	XP_016771021.1	70.465	667	173	4	1	650	1	660	0.0	984
XP_015186401.1	XP_016771020.1	70.465	667	173	4	1	650	1	660	0.0	984
XP_015186578.1	XP_016771028.2	34.783	46	21	2	53	89	83	128	0.038	28.1
XP_015186702.1	XP_016771029.2	33.333	39	20	1	345	383	550	582	0.035	28.1
XP_015186702.1	XP_016771028.2	33.333	39	20	1	345	383	614	646	0.038	28.1
XP_015186702.1	XP_006562311.2	33.333	39	20	1	345	383	752	784	0.043	27.7
XP_015186702.1	XP_006562310.2	33.333	39	20	1	345	383	752	784	0.043	27.7
XP_015186702.1	XP_006562308.2	33.333	39	20	1	345	383	950	982	0.048	27.7
XP_015186726.1	XP_016771029.2	33.333	39	20	1	345	383	550	582	0.029	28.1
XP_015186726.1	XP_016771028.2	33.333	39	20	1	345	383	614	646	0.032	28.1
XP_015186726.1	XP_006562311.2	33.333	39	20	1	345	383	752	784	0.037	28.1
XP_015186726.1	XP_006562310.2	33.333	39	20	1	345	383	752	784	0.037	28.1
XP_015186726.1	XP_006562308.2	33.333	39	20	1	345	383	950	982	0.040	27.7
XP_015186828.1	XP_006562308.2	27.586	87	52	2	693	768	792	878	0.012	30.0
XP_015186828.1	XP_006562311.2	27.586	87	52	2	693	768	594	680	0.014	29.6
XP_015186828.1	XP_006562310.2	27.586	87	52	2	693	768	594	680	0.014	29.6
XP_015186828.1	XP_016771029.2	27.586	87	52	2	693	768	392	478	0.025	28.9
XP_015186828.1	XP_016771028.2	27.586	87	52	2	693	768	456	542	0.025	28.9
XP_015187134.1	NP_001011611.2	47.059	17	9	0	105	121	16	32	0.038	23.5
XP_015187136.1	NP_001011611.2	47.059	17	9	0	105	121	16	32	0.038	23.5
XP_015187299.1	XP_006562308.2	25.510	98	57	4	166	248	946	1042	0.040	26.2
XP_015187300.1	XP_006562308.2	25.510	98	57	4	166	248	946	1042	0.040	26.2
XP_015187301.1	XP_006562308.2	25.510	98	57	4	166	248	946	1042	0.040	26.2
XP_015187404.1	XP_006562308.2	27.632	76	41	1	158	219	422	497	0.007	30.0
XP_015187404.1	XP_006562311.2	27.632	76	41	1	158	219	203	278	0.008	29.6
XP_015187404.1	XP_006562310.2	27.632	76	41	1	158	219	203	278	0.008	29.6
XP_015187445.1	XP_016771029.2	32.558	43	27	1	132	172	357	399	0.043	24.6
XP_015187445.1	XP_016771028.2	32.558	43	27	1	132	172	421	463	0.043	24.6
XP_015187445.1	XP_006562311.2	32.558	43	27	1	132	172	559	601	0.045	24.6
XP_015187445.1	XP_006562310.2	32.558	43	27	1	132	172	559	601	0.045	24.6
XP_015187445.1	XP_006562308.2	32.558	43	27	1	132	172	757	799	0.046	24.6
XP_015187526.1	XP_016771021.1	37.931	29	18	0	147	175	74	102	0.047	24.6
XP_015187526.1	XP_016771020.1	37.931	29	18	0	147	175	74	102	0.047	24.6
XP_015187580.1	XP_006562308.2	18.243	148	116	1	219	366	1956	2098	0.036	26.6
XP_015187580.1	XP_016771028.2	18.243	148	116	1	219	366	1620	1762	0.038	26.6
XP_015187580.1	XP_006562311.2	18.243	148	116	1	219	366	1758	1900	0.039	26.6
XP_015187580.1	XP_006562310.2	18.243	148	116	1	219	366	1758	1900	0.039	26.6
XP_015187580.1	XP_016771029.2	18.243	148	116	1	219	366	1556	1698	0.040	26.6
XP_015187581.1	XP_006562308.2	18.243	148	116	1	219	366	1956	2098	0.036	26.6
XP_015187581.1	XP_016771028.2	18.243	148	116	1	219	366	1620	1762	0.038	26.6
XP_015187581.1	XP_006562311.2	18.243	148	116	1	219	366	1758	1900	0.039	26.6
XP_015187581.1	XP_006562310.2	18.243	148	116	1	219	366	1758	1900	0.039	26.6
XP_015187581.1	XP_016771029.2	18.243	148	116	1	219	366	1556	1698	0.040	26.6
XP_015187888.1	XP_016771021.1	32.432	74	40	3	572	641	374	441	0.025	29.6
XP_015187888.1	XP_016771020.1	32.432	74	40	3	572	641	374	441	0.025	29.6
XP_015187889.1	XP_016771021.1	32.432	74	40	3	572	641	374	441	0.025	29.6
XP_015187889.1	XP_016771020.1	32.432	74	40	3	572	641	374	441	0.025	29.6
XP_015187890.1	XP_016771021.1	32.432	74	40	3	572	641	374	441	0.025	29.6
XP_015187890.1	XP_016771020.1	32.432	74	40	3	572	641	374	441	0.025	29.6
XP_015187892.1	XP_016771021.1	32.432	74	40	3	572	641	374	441	0.025	29.6
XP_015187892.1	XP_016771020.1	32.432	74	40	3	572	641	374	441	0.025	29.6
XP_015187893.1	XP_016771021.1	32.432	74	40	3	572	641	374	441	0.025	29.6
XP_015187893.1	XP_016771020.1	32.432	74	40	3	572	641	374	441	0.025	29.6
XP_015187894.1	XP_016771021.1	32.432	74	40	3	572	641	374	441	0.025	29.6
XP_015187894.1	XP_016771020.1	32.432	74	40	3	572	641	374	441	0.025	29.6
XP_015187895.1	XP_016771021.1	32.432	74	40	3	572	641	374	441	0.025	29.6
XP_015187895.1	XP_016771020.1	32.432	74	40	3	572	641	374	441	0.025	29.6
XP_015187896.1	XP_016771021.1	32.432	74	40	3	572	641	374	441	0.025	29.6
XP_015187896.1	XP_016771020.1	32.432	74	40	3	572	641	374	441	0.025	29.6
XP_015187897.1	XP_016771021.1	32.432	74	40	3	572	641	374	441	0.025	29.6
XP_015187897.1	XP_016771020.1	32.432	74	40	3	572	641	374	441	0.025	29.6
XP_015187898.1	XP_016771021.1	32.432	74	40	3	572	641	374	441	0.025	29.6
XP_015187898.1	XP_016771020.1	32.432	74	40	3	572	641	374	441	0.025	29.6
XP_015187899.1	XP_016771021.1	32.432	74	40	3	572	641	374	441	0.025	29.6
XP_015187899.1	XP_016771020.1	32.432	74	40	3	572	641	374	441	0.025	29.6
XP_015187900.1	XP_016771021.1	32.432	74	40	3	572	641	374	441	0.025	29.6
XP_015187900.1	XP_016771020.1	32.432	74	40	3	572	641	374	441	0.025	29.6
XP_015187901.1	XP_016771021.1	32.432	74	40	3	572	641	374	441	0.024	29.6
XP_015187901.1	XP_016771020.1	32.432	74	40	3	572	641	374	441	0.024	29.6
XP_015187902.1	XP_016771021.1	32.432	74	40	3	572	641	374	441	0.026	29.3
XP_015187902.1	XP_016771020.1	32.432	74	40	3	572	641	374	441	0.026	29.3
XP_015187903.1	XP_016771021.1	32.432	74	40	3	572	641	374	441	0.025	29.3
XP_015187903.1	XP_016771020.1	32.432	74	40	3	572	641	374	441	0.025	29.3
XP_015187904.1	XP_016771021.1	32.432	74	40	3	572	641	374	441	0.025	29.3
XP_015187904.1	XP_016771020.1	32.432	74	40	3	572	641	374	441	0.025	29.3
XP_015187905.1	XP_016771021.1	32.432	74	40	3	572	641	374	441	0.025	29.3
XP_015187905.1	XP_016771020.1	32.432	74	40	3	572	641	374	441	0.025	29.3
XP_015188036.1	XP_006562308.2	21.229	179	114	7	196	360	347	512	0.001	31.6
XP_015188036.1	XP_006562311.2	20.779	154	101	5	196	337	128	272	0.002	30.4
XP_015188036.1	XP_006562310.2	20.779	154	101	5	196	337	128	272	0.002	30.4
XP_015188268.1	XP_006562308.2	29.524	105	66	4	163	260	1869	1972	0.023	26.9
XP_015188268.1	XP_016771028.2	29.524	105	66	4	163	260	1533	1636	0.024	26.9
XP_015188268.1	XP_006562311.2	29.524	105	66	4	163	260	1671	1774	0.030	26.6
XP_015188268.1	XP_006562310.2	29.524	105	66	4	163	260	1671	1774	0.030	26.6
XP_015188268.1	XP_016771029.2	29.524	105	66	4	163	260	1469	1572	0.038	26.2
XP_015188269.1	XP_006562308.2	29.524	105	66	4	163	260	1869	1972	0.023	26.9
XP_015188269.1	XP_016771028.2	29.524	105	66	4	163	260	1533	1636	0.024	26.9
XP_015188269.1	XP_006562311.2	29.524	105	66	4	163	260	1671	1774	0.030	26.6
XP_015188269.1	XP_006562310.2	29.524	105	66	4	163	260	1671	1774	0.030	26.6
XP_015188269.1	XP_016771029.2	29.524	105	66	4	163	260	1469	1572	0.038	26.2
XP_015188271.1	XP_006562308.2	29.524	105	66	4	163	260	1869	1972	0.023	26.9
XP_015188271.1	XP_016771028.2	29.524	105	66	4	163	260	1533	1636	0.024	26.9
XP_015188271.1	XP_006562311.2	29.524	105	66	4	163	260	1671	1774	0.030	26.6
XP_015188271.1	XP_006562310.2	29.524	105	66	4	163	260	1671	1774	0.030	26.6
XP_015188271.1	XP_016771029.2	29.524	105	66	4	163	260	1469	1572	0.038	26.2
XP_015188272.1	XP_006562308.2	29.524	105	66	4	163	260	1869	1972	0.023	26.9
XP_015188272.1	XP_016771028.2	29.524	105	66	4	163	260	1533	1636	0.024	26.9
XP_015188272.1	XP_006562311.2	29.524	105	66	4	163	260	1671	1774	0.030	26.6
XP_015188272.1	XP_006562310.2	29.524	105	66	4	163	260	1671	1774	0.030	26.6
XP_015188272.1	XP_016771029.2	29.524	105	66	4	163	260	1469	1572	0.038	26.2
XP_015188410.1	XP_006562308.2	28.049	82	45	4	64	143	1759	1828	0.050	25.4
XP_015188683.1	XP_016771021.1	33.333	57	38	0	355	411	341	397	0.010	28.5
XP_015188683.1	XP_016771020.1	33.333	57	38	0	355	411	341	397	0.010	28.5
XP_015188684.1	XP_016771021.1	33.333	57	38	0	354	410	341	397	0.011	28.1
XP_015188684.1	XP_016771020.1	33.333	57	38	0	354	410	341	397	0.011	28.1
XP_015188726.1	XP_006562308.2	26.316	38	28	0	185	222	402	439	0.035	26.2
XP_015188726.1	XP_006562311.2	26.316	38	28	0	185	222	183	220	0.038	26.2
XP_015188726.1	XP_006562310.2	26.316	38	28	0	185	222	183	220	0.038	26.2
XP_015189038.1	XP_006562311.2	22.115	104	72	3	86	180	1410	1513	0.033	25.8
XP_015189038.1	XP_006562310.2	22.115	104	72	3	86	180	1410	1513	0.033	25.8
XP_015189038.1	XP_016771028.2	22.115	104	72	3	86	180	1272	1375	0.033	25.8
XP_015189038.1	XP_006562308.2	22.115	104	72	3	86	180	1608	1711	0.037	25.8
XP_015189038.1	XP_016771029.2	22.115	104	72	3	86	180	1208	1311	0.037	25.8
XP_015189104.1	XP_006562308.2	25.664	226	135	8	247	444	283	503	2.89e-13	64.3
XP_015189104.1	XP_006562311.2	25.664	226	135	8	247	444	64	284	4.95e-13	63.5
XP_015189104.1	XP_006562310.2	25.664	226	135	8	247	444	64	284	4.95e-13	63.5
XP_015189105.1	XP_006562308.2	25.664	226	135	8	247	444	283	503	2.93e-13	64.3
XP_015189105.1	XP_006562311.2	25.664	226	135	8	247	444	64	284	4.77e-13	63.5
XP_015189105.1	XP_006562310.2	25.664	226	135	8	247	444	64	284	4.77e-13	63.5
XP_015189106.1	XP_006562308.2	25.664	226	135	8	247	444	283	503	3.13e-13	64.3
XP_015189106.1	XP_006562311.2	25.664	226	135	8	247	444	64	284	5.31e-13	63.5
XP_015189106.1	XP_006562310.2	25.664	226	135	8	247	444	64	284	5.31e-13	63.5
XP_015189107.1	XP_006562308.2	24.779	226	137	8	169	366	283	503	8.37e-13	62.8
XP_015189107.1	XP_006562311.2	25.664	226	135	8	169	366	64	284	1.50e-12	62.0
XP_015189107.1	XP_006562310.2	25.664	226	135	8	169	366	64	284	1.50e-12	62.0
XP_015189211.1	XP_006562308.2	27.350	117	80	4	266	379	331	445	5.76e-05	37.0
XP_015189211.1	XP_006562311.2	27.350	117	80	4	266	379	112	226	7.50e-05	36.6
XP_015189211.1	XP_006562310.2	27.350	117	80	4	266	379	112	226	7.50e-05	36.6
XP_015189212.1	XP_006562308.2	27.350	117	80	4	266	379	331	445	5.76e-05	37.0
XP_015189212.1	XP_006562311.2	27.350	117	80	4	266	379	112	226	7.50e-05	36.6
XP_015189212.1	XP_006562310.2	27.350	117	80	4	266	379	112	226	7.50e-05	36.6
XP_015189363.1	XP_006562311.2	32.468	231	133	6	66	274	64	293	9.34e-32	117
XP_015189363.1	XP_006562310.2	32.468	231	133	6	66	274	64	293	9.34e-32	117
XP_015189363.1	XP_006562308.2	33.333	222	125	6	66	265	283	503	8.46e-31	114
XP_015189401.1	XP_006562311.2	30.263	76	48	3	141	216	1482	1552	0.003	30.4
XP_015189401.1	XP_006562310.2	30.263	76	48	3	141	216	1482	1552	0.003	30.4
XP_015189401.1	XP_016771028.2	30.263	76	48	3	141	216	1344	1414	0.003	30.4
XP_015189401.1	XP_006562308.2	30.263	76	48	3	141	216	1680	1750	0.004	30.4
XP_015189401.1	XP_016771029.2	30.263	76	48	3	141	216	1280	1350	0.004	30.4
XP_015190066.1	XP_006562308.2	26.374	91	63	1	1150	1240	1038	1124	0.003	32.7
XP_015190066.1	XP_006562311.2	26.374	91	63	1	1150	1240	840	926	0.003	32.7
XP_015190066.1	XP_006562310.2	26.374	91	63	1	1150	1240	840	926	0.003	32.7
XP_015190066.1	XP_016771029.2	26.374	91	63	1	1150	1240	638	724	0.004	32.3
XP_015190066.1	XP_016771028.2	26.374	91	63	1	1150	1240	702	788	0.004	32.3
XP_015190067.1	XP_006562308.2	26.374	91	63	1	1150	1240	1038	1124	0.003	32.7
XP_015190067.1	XP_006562311.2	26.374	91	63	1	1150	1240	840	926	0.003	32.7
XP_015190067.1	XP_006562310.2	26.374	91	63	1	1150	1240	840	926	0.003	32.7
XP_015190067.1	XP_016771029.2	26.374	91	63	1	1150	1240	638	724	0.004	32.3
XP_015190067.1	XP_016771028.2	26.374	91	63	1	1150	1240	702	788	0.004	32.3
XP_015190068.1	XP_006562308.2	26.374	91	63	1	1150	1240	1038	1124	0.003	32.7
XP_015190068.1	XP_006562311.2	26.374	91	63	1	1150	1240	840	926	0.003	32.7
XP_015190068.1	XP_006562310.2	26.374	91	63	1	1150	1240	840	926	0.003	32.7
XP_015190068.1	XP_016771029.2	26.374	91	63	1	1150	1240	638	724	0.004	32.3
XP_015190068.1	XP_016771028.2	26.374	91	63	1	1150	1240	702	788	0.004	32.3
XP_015190069.1	XP_006562308.2	26.374	91	63	1	1150	1240	1038	1124	0.003	32.7
XP_015190069.1	XP_006562311.2	26.374	91	63	1	1150	1240	840	926	0.003	32.7
XP_015190069.1	XP_006562310.2	26.374	91	63	1	1150	1240	840	926	0.003	32.7
XP_015190069.1	XP_016771029.2	26.374	91	63	1	1150	1240	638	724	0.004	32.3
XP_015190069.1	XP_016771028.2	26.374	91	63	1	1150	1240	702	788	0.004	32.3
XP_015190070.1	XP_006562308.2	26.374	91	63	1	1150	1240	1038	1124	0.003	32.7
XP_015190070.1	XP_006562311.2	26.374	91	63	1	1150	1240	840	926	0.003	32.7
XP_015190070.1	XP_006562310.2	26.374	91	63	1	1150	1240	840	926	0.003	32.7
XP_015190070.1	XP_016771029.2	26.374	91	63	1	1150	1240	638	724	0.004	32.3
XP_015190070.1	XP_016771028.2	26.374	91	63	1	1150	1240	702	788	0.004	32.3
XP_015190071.1	XP_006562308.2	26.374	91	63	1	1150	1240	1038	1124	0.003	32.7
XP_015190071.1	XP_006562311.2	26.374	91	63	1	1150	1240	840	926	0.003	32.7
XP_015190071.1	XP_006562310.2	26.374	91	63	1	1150	1240	840	926	0.003	32.7
XP_015190071.1	XP_016771029.2	26.374	91	63	1	1150	1240	638	724	0.004	32.3
XP_015190071.1	XP_016771028.2	26.374	91	63	1	1150	1240	702	788	0.004	32.3
XP_015190072.1	XP_006562308.2	26.374	91	63	1	1150	1240	1038	1124	0.003	32.7
XP_015190072.1	XP_006562311.2	26.374	91	63	1	1150	1240	840	926	0.003	32.7
XP_015190072.1	XP_006562310.2	26.374	91	63	1	1150	1240	840	926	0.003	32.7
XP_015190072.1	XP_016771029.2	26.374	91	63	1	1150	1240	638	724	0.004	32.3
XP_015190072.1	XP_016771028.2	26.374	91	63	1	1150	1240	702	788	0.004	32.3
XP_015190073.1	XP_006562308.2	26.374	91	63	1	1150	1240	1038	1124	0.003	32.7
XP_015190073.1	XP_006562311.2	26.374	91	63	1	1150	1240	840	926	0.003	32.7
XP_015190073.1	XP_006562310.2	26.374	91	63	1	1150	1240	840	926	0.003	32.7
XP_015190073.1	XP_016771029.2	26.374	91	63	1	1150	1240	638	724	0.004	32.3
XP_015190073.1	XP_016771028.2	26.374	91	63	1	1150	1240	702	788	0.004	32.3
XP_015190074.1	XP_006562308.2	26.374	91	63	1	1150	1240	1038	1124	0.003	32.7
XP_015190074.1	XP_006562311.2	26.374	91	63	1	1150	1240	840	926	0.003	32.7
XP_015190074.1	XP_006562310.2	26.374	91	63	1	1150	1240	840	926	0.003	32.7
XP_015190074.1	XP_016771029.2	26.374	91	63	1	1150	1240	638	724	0.004	32.3
XP_015190074.1	XP_016771028.2	26.374	91	63	1	1150	1240	702	788	0.004	32.3
XP_015190075.1	XP_006562308.2	26.374	91	63	1	1150	1240	1038	1124	0.003	32.7
XP_015190075.1	XP_006562311.2	26.374	91	63	1	1150	1240	840	926	0.003	32.7
XP_015190075.1	XP_006562310.2	26.374	91	63	1	1150	1240	840	926	0.003	32.7
XP_015190075.1	XP_016771029.2	26.374	91	63	1	1150	1240	638	724	0.004	32.3
XP_015190075.1	XP_016771028.2	26.374	91	63	1	1150	1240	702	788	0.004	32.3
XP_015190077.1	XP_006562308.2	26.374	91	63	1	1148	1238	1038	1124	0.003	32.7
XP_015190077.1	XP_006562311.2	26.374	91	63	1	1148	1238	840	926	0.003	32.7
XP_015190077.1	XP_006562310.2	26.374	91	63	1	1148	1238	840	926	0.003	32.7
XP_015190077.1	XP_016771029.2	26.374	91	63	1	1148	1238	638	724	0.004	32.3
XP_015190077.1	XP_016771028.2	26.374	91	63	1	1148	1238	702	788	0.004	32.0
XP_015190078.1	XP_006562311.2	26.374	91	63	1	1150	1240	840	926	0.003	32.7
XP_015190078.1	XP_006562310.2	26.374	91	63	1	1150	1240	840	926	0.003	32.7
XP_015190078.1	XP_006562308.2	26.374	91	63	1	1150	1240	1038	1124	0.003	32.7
XP_015190078.1	XP_016771029.2	26.374	91	63	1	1150	1240	638	724	0.004	32.3
XP_015190078.1	XP_016771028.2	26.374	91	63	1	1150	1240	702	788	0.004	32.0
XP_015190079.1	XP_006562311.2	26.374	91	63	1	1148	1238	840	926	0.003	32.7
XP_015190079.1	XP_006562310.2	26.374	91	63	1	1148	1238	840	926	0.003	32.7
XP_015190079.1	XP_006562308.2	26.374	91	63	1	1148	1238	1038	1124	0.003	32.7
XP_015190079.1	XP_016771029.2	26.374	91	63	1	1148	1238	638	724	0.004	32.3
XP_015190079.1	XP_016771028.2	26.374	91	63	1	1148	1238	702	788	0.004	32.3
XP_015190460.1	XP_016771021.1	28.846	52	37	0	36	87	591	642	0.049	25.8
XP_015190460.1	XP_016771020.1	28.846	52	37	0	36	87	591	642	0.049	25.8
XP_015190708.1	XP_016771029.2	30.120	83	40	3	115	196	1290	1355	0.002	29.3
XP_015190708.1	XP_016771028.2	30.120	83	40	3	115	196	1354	1419	0.002	29.3
XP_015190708.1	XP_006562311.2	30.120	83	40	3	115	196	1492	1557	0.003	28.5
XP_015190708.1	XP_006562310.2	30.120	83	40	3	115	196	1492	1557	0.003	28.5
XP_015190708.1	XP_006562308.2	30.120	83	40	3	115	196	1690	1755	0.004	28.1
XP_015190809.1	XP_006562311.2	32.895	76	43	3	999	1073	150	218	0.007	30.8
XP_015190809.1	XP_006562310.2	32.895	76	43	3	999	1073	150	218	0.007	30.8
XP_015190809.1	XP_006562308.2	32.895	76	43	3	999	1073	369	437	0.008	30.4
XP_015191221.1	XP_006562308.2	29.688	64	44	1	420	483	384	446	0.005	29.6
XP_015191221.1	XP_006562311.2	29.688	64	44	1	420	483	165	227	0.006	29.6
XP_015191221.1	XP_006562310.2	29.688	64	44	1	420	483	165	227	0.006	29.6
XP_015191222.1	XP_006562308.2	29.688	64	44	1	410	473	384	446	0.005	29.6
XP_015191222.1	XP_006562311.2	29.688	64	44	1	410	473	165	227	0.005	29.6
XP_015191222.1	XP_006562310.2	29.688	64	44	1	410	473	165	227	0.005	29.6
XP_015191329.1	XP_016771021.1	38.462	26	16	0	156	181	334	359	0.010	29.3
XP_015191329.1	XP_016771020.1	38.462	26	16	0	156	181	334	359	0.010	29.3
XP_015191330.1	XP_016771021.1	38.462	26	16	0	156	181	334	359	0.010	29.3
XP_015191330.1	XP_016771020.1	38.462	26	16	0	156	181	334	359	0.010	29.3
XP_015191331.1	XP_016771021.1	38.462	26	16	0	156	181	334	359	0.010	29.3
XP_015191331.1	XP_016771020.1	38.462	26	16	0	156	181	334	359	0.010	29.3
