XP_014597843.1	XP_006562308.2	29.730	74	42	3	294	367	2116	2179	0.012	27.7
XP_014597843.1	XP_006562311.2	29.730	74	42	3	294	367	1918	1981	0.016	27.7
XP_014597843.1	XP_006562310.2	29.730	74	42	3	294	367	1918	1981	0.016	27.7
XP_014597843.1	XP_016771028.2	30.508	59	32	2	309	367	1794	1843	0.020	27.3
XP_014597843.1	XP_016771029.2	30.508	59	32	2	309	367	1730	1779	0.021	27.3
XP_014597986.1	XP_006562308.2	26.316	38	28	0	185	222	402	439	0.043	25.8
XP_014597986.1	XP_006562311.2	26.316	38	28	0	185	222	183	220	0.047	25.8
XP_014597986.1	XP_006562310.2	26.316	38	28	0	185	222	183	220	0.047	25.8
XP_014598099.1	XP_016771021.1	33.333	45	27	1	101	145	355	396	0.027	25.8
XP_014598099.1	XP_016771020.1	33.333	45	27	1	101	145	355	396	0.027	25.8
XP_014598100.1	XP_016771021.1	33.333	45	27	1	101	145	355	396	0.027	25.8
XP_014598100.1	XP_016771020.1	33.333	45	27	1	101	145	355	396	0.027	25.8
XP_014598101.1	XP_016771021.1	33.333	45	27	1	101	145	355	396	0.019	25.8
XP_014598101.1	XP_016771020.1	33.333	45	27	1	101	145	355	396	0.019	25.8
XP_014598126.1	XP_006562308.2	29.688	64	44	1	413	476	384	446	0.004	30.0
XP_014598126.1	XP_006562311.2	29.688	64	44	1	413	476	165	227	0.005	29.6
XP_014598126.1	XP_006562310.2	29.688	64	44	1	413	476	165	227	0.005	29.6
XP_014598468.1	XP_016771021.1	27.273	77	49	2	91	160	375	451	0.011	26.2
XP_014598468.1	XP_016771020.1	27.273	77	49	2	91	160	375	451	0.011	26.2
XP_014598758.1	XP_016771021.1	31.579	38	26	0	37	74	85	122	0.028	26.2
XP_014598758.1	XP_016771020.1	31.579	38	26	0	37	74	85	122	0.028	26.2
XP_014598768.1	XP_016771029.2	30.769	52	35	1	1004	1055	174	224	0.008	30.8
XP_014598768.1	XP_016771028.2	30.769	52	35	1	1004	1055	238	288	0.008	30.8
XP_014598768.1	XP_006562311.2	30.769	52	35	1	1004	1055	376	426	0.009	30.8
XP_014598768.1	XP_006562310.2	30.769	52	35	1	1004	1055	376	426	0.009	30.8
XP_014598768.1	XP_006562308.2	30.769	52	35	1	1004	1055	595	645	0.010	30.4
XP_014598941.1	XP_016771021.1	36.458	480	292	8	306	777	28	502	5.99e-111	348
XP_014598941.1	XP_016771020.1	36.458	480	292	8	306	777	28	502	5.99e-111	348
XP_014599139.1	XP_006562311.2	36.585	41	25	1	106	146	1333	1372	0.039	24.6
XP_014599139.1	XP_006562310.2	36.585	41	25	1	106	146	1333	1372	0.039	24.6
XP_014599139.1	XP_016771029.2	36.585	41	25	1	106	146	1131	1170	0.042	24.6
XP_014599139.1	XP_006562308.2	36.585	41	25	1	106	146	1531	1570	0.045	24.6
XP_014599139.1	XP_016771028.2	36.585	41	25	1	106	146	1195	1234	0.046	24.6
XP_014599167.1	XP_006562308.2	40.000	25	15	0	277	301	1941	1965	0.039	26.6
XP_014599167.1	XP_016771028.2	40.000	25	15	0	277	301	1605	1629	0.041	26.2
XP_014599167.1	XP_016771029.2	40.000	25	15	0	277	301	1541	1565	0.042	26.2
XP_014599167.1	XP_006562311.2	40.000	25	15	0	277	301	1743	1767	0.042	26.2
XP_014599167.1	XP_006562310.2	40.000	25	15	0	277	301	1743	1767	0.042	26.2
XP_014599168.1	XP_016771028.2	40.000	25	15	0	232	256	1605	1629	0.031	26.6
XP_014599168.1	XP_006562308.2	40.000	25	15	0	232	256	1941	1965	0.031	26.6
XP_014599168.1	XP_016771029.2	40.000	25	15	0	232	256	1541	1565	0.034	26.2
XP_014599168.1	XP_006562311.2	40.000	25	15	0	232	256	1743	1767	0.034	26.2
XP_014599168.1	XP_006562310.2	40.000	25	15	0	232	256	1743	1767	0.034	26.2
XP_014599169.1	XP_006562308.2	40.000	25	15	0	206	230	1941	1965	0.031	26.2
XP_014599169.1	XP_016771028.2	40.000	25	15	0	206	230	1605	1629	0.032	26.2
XP_014599169.1	XP_016771029.2	40.000	25	15	0	206	230	1541	1565	0.033	26.2
XP_014599169.1	XP_006562311.2	40.000	25	15	0	206	230	1743	1767	0.034	26.2
XP_014599169.1	XP_006562310.2	40.000	25	15	0	206	230	1743	1767	0.034	26.2
XP_014599170.1	XP_006562308.2	40.000	25	15	0	206	230	1941	1965	0.031	26.2
XP_014599170.1	XP_016771028.2	40.000	25	15	0	206	230	1605	1629	0.032	26.2
XP_014599170.1	XP_016771029.2	40.000	25	15	0	206	230	1541	1565	0.033	26.2
XP_014599170.1	XP_006562311.2	40.000	25	15	0	206	230	1743	1767	0.034	26.2
XP_014599170.1	XP_006562310.2	40.000	25	15	0	206	230	1743	1767	0.034	26.2
XP_014599350.1	XP_016771021.1	33.898	59	33	4	20	72	368	426	0.002	28.5
XP_014599350.1	XP_016771020.1	33.898	59	33	4	20	72	368	426	0.002	28.5
XP_014599438.1	XP_006562311.2	26.389	72	50	1	285	356	432	500	0.002	32.0
XP_014599438.1	XP_006562310.2	26.389	72	50	1	285	356	432	500	0.002	32.0
XP_014599567.1	XP_016771021.1	70.254	669	173	6	1	652	1	660	0.0	974
XP_014599567.1	XP_016771020.1	70.254	669	173	6	1	652	1	660	0.0	974
XP_014599568.1	XP_016771021.1	70.254	669	173	6	1	652	1	660	0.0	974
XP_014599568.1	XP_016771020.1	70.254	669	173	6	1	652	1	660	0.0	974
XP_014599569.1	XP_016771021.1	70.254	669	173	6	1	652	1	660	0.0	974
XP_014599569.1	XP_016771020.1	70.254	669	173	6	1	652	1	660	0.0	974
XP_014599571.1	XP_016771021.1	70.254	669	173	6	1	652	1	660	0.0	974
XP_014599571.1	XP_016771020.1	70.254	669	173	6	1	652	1	660	0.0	974
XP_014599572.1	XP_016771021.1	70.254	669	173	6	1	652	1	660	0.0	974
XP_014599572.1	XP_016771020.1	70.254	669	173	6	1	652	1	660	0.0	974
XP_014599573.1	XP_016771021.1	70.254	669	173	6	1	652	1	660	0.0	974
XP_014599573.1	XP_016771020.1	70.254	669	173	6	1	652	1	660	0.0	974
XP_014599574.1	XP_016771021.1	70.254	669	173	6	1	652	1	660	0.0	974
XP_014599574.1	XP_016771020.1	70.254	669	173	6	1	652	1	660	0.0	974
XP_014599575.1	XP_016771021.1	70.359	668	173	5	1	651	1	660	0.0	978
XP_014599575.1	XP_016771020.1	70.359	668	173	5	1	651	1	660	0.0	978
XP_014599577.1	XP_016771029.2	55.530	1293	426	51	1089	2280	619	1863	0.0	1063
XP_014599577.1	XP_016771029.2	65.649	393	106	9	296	686	89	454	6.70e-131	447
XP_014599577.1	XP_016771028.2	55.530	1293	426	51	1089	2280	683	1927	0.0	1062
XP_014599577.1	XP_016771028.2	49.326	519	199	15	326	837	183	644	4.60e-109	379
XP_014599577.1	XP_006562311.2	55.530	1293	426	51	1089	2280	821	2065	0.0	1060
XP_014599577.1	XP_006562311.2	77.035	688	124	10	1	686	1	656	0.0	1031
XP_014599577.1	XP_006562310.2	55.530	1293	426	51	1089	2280	821	2065	0.0	1060
XP_014599577.1	XP_006562310.2	77.035	688	124	10	1	686	1	656	0.0	1031
XP_014599577.1	XP_006562308.2	55.530	1293	426	51	1089	2280	1019	2263	0.0	1059
XP_014599577.1	XP_006562308.2	73.596	659	119	11	30	686	249	854	0.0	942
XP_014599578.1	XP_016771029.2	55.530	1293	426	51	1089	2280	619	1863	0.0	1063
XP_014599578.1	XP_016771029.2	65.649	393	106	9	296	686	89	454	6.70e-131	447
XP_014599578.1	XP_016771028.2	55.530	1293	426	51	1089	2280	683	1927	0.0	1062
XP_014599578.1	XP_016771028.2	49.326	519	199	15	326	837	183	644	4.60e-109	379
XP_014599578.1	XP_006562311.2	55.530	1293	426	51	1089	2280	821	2065	0.0	1060
XP_014599578.1	XP_006562311.2	77.035	688	124	10	1	686	1	656	0.0	1031
XP_014599578.1	XP_006562310.2	55.530	1293	426	51	1089	2280	821	2065	0.0	1060
XP_014599578.1	XP_006562310.2	77.035	688	124	10	1	686	1	656	0.0	1031
XP_014599578.1	XP_006562308.2	55.530	1293	426	51	1089	2280	1019	2263	0.0	1059
XP_014599578.1	XP_006562308.2	73.596	659	119	11	30	686	249	854	0.0	942
XP_014599579.1	XP_016771029.2	55.530	1293	426	51	1089	2280	619	1863	0.0	1063
XP_014599579.1	XP_016771029.2	65.649	393	106	9	296	686	89	454	6.70e-131	447
XP_014599579.1	XP_016771028.2	55.530	1293	426	51	1089	2280	683	1927	0.0	1062
XP_014599579.1	XP_016771028.2	49.326	519	199	15	326	837	183	644	4.60e-109	379
XP_014599579.1	XP_006562311.2	55.530	1293	426	51	1089	2280	821	2065	0.0	1060
XP_014599579.1	XP_006562311.2	77.035	688	124	10	1	686	1	656	0.0	1031
XP_014599579.1	XP_006562310.2	55.530	1293	426	51	1089	2280	821	2065	0.0	1060
XP_014599579.1	XP_006562310.2	77.035	688	124	10	1	686	1	656	0.0	1031
XP_014599579.1	XP_006562308.2	55.530	1293	426	51	1089	2280	1019	2263	0.0	1059
XP_014599579.1	XP_006562308.2	73.596	659	119	11	30	686	249	854	0.0	942
XP_014599580.1	XP_016771029.2	55.530	1293	426	51	1084	2275	619	1863	0.0	1064
XP_014599580.1	XP_016771029.2	65.649	393	106	9	291	681	89	454	6.26e-131	447
XP_014599580.1	XP_016771028.2	55.530	1293	426	51	1084	2275	683	1927	0.0	1062
XP_014599580.1	XP_016771028.2	49.326	519	199	15	321	832	183	644	5.15e-109	379
XP_014599580.1	XP_006562311.2	55.530	1293	426	51	1084	2275	821	2065	0.0	1061
XP_014599580.1	XP_006562311.2	77.599	683	124	9	1	681	1	656	0.0	1038
XP_014599580.1	XP_006562310.2	55.530	1293	426	51	1084	2275	821	2065	0.0	1061
XP_014599580.1	XP_006562310.2	77.599	683	124	9	1	681	1	656	0.0	1038
XP_014599580.1	XP_006562308.2	55.530	1293	426	51	1084	2275	1019	2263	0.0	1060
XP_014599580.1	XP_006562308.2	74.159	654	119	10	30	681	249	854	0.0	949
XP_014599581.1	XP_016771029.2	55.530	1293	426	51	1084	2275	619	1863	0.0	1064
XP_014599581.1	XP_016771029.2	66.495	388	106	8	296	681	89	454	5.32e-133	453
XP_014599581.1	XP_016771028.2	55.530	1293	426	51	1084	2275	683	1927	0.0	1063
XP_014599581.1	XP_016771028.2	49.805	514	199	14	326	832	183	644	4.80e-111	385
XP_014599581.1	XP_006562311.2	55.530	1293	426	51	1084	2275	821	2065	0.0	1061
XP_014599581.1	XP_006562311.2	77.599	683	124	9	1	681	1	656	0.0	1038
XP_014599581.1	XP_006562310.2	55.530	1293	426	51	1084	2275	821	2065	0.0	1061
XP_014599581.1	XP_006562310.2	77.599	683	124	9	1	681	1	656	0.0	1038
XP_014599581.1	XP_006562308.2	55.452	1293	427	50	1084	2275	1019	2263	0.0	1060
XP_014599581.1	XP_006562308.2	74.159	654	119	10	30	681	249	854	0.0	949
XP_014599582.1	XP_016771029.2	55.530	1293	426	51	1079	2270	619	1863	0.0	1065
XP_014599582.1	XP_016771029.2	66.495	388	106	8	291	676	89	454	5.00e-133	453
XP_014599582.1	XP_016771028.2	55.530	1293	426	51	1079	2270	683	1927	0.0	1063
XP_014599582.1	XP_016771028.2	49.805	514	199	14	321	827	183	644	5.06e-111	385
XP_014599582.1	XP_006562311.2	55.530	1293	426	51	1079	2270	821	2065	0.0	1060
XP_014599582.1	XP_006562311.2	78.171	678	124	8	1	676	1	656	0.0	1045
XP_014599582.1	XP_006562310.2	55.530	1293	426	51	1079	2270	821	2065	0.0	1060
XP_014599582.1	XP_006562310.2	78.171	678	124	8	1	676	1	656	0.0	1045
XP_014599582.1	XP_006562308.2	55.452	1293	427	50	1079	2270	1019	2263	0.0	1060
XP_014599582.1	XP_006562308.2	74.730	649	119	9	30	676	249	854	0.0	955
XP_014599583.1	XP_006562308.2	69.444	900	225	12	1	896	1	854	0.0	1214
XP_014599583.1	XP_006562308.2	55.530	1293	426	51	1299	2490	1019	2263	0.0	1061
XP_014599583.1	XP_016771028.2	55.530	1293	426	51	1299	2490	683	1927	0.0	1063
XP_014599583.1	XP_016771028.2	49.805	514	199	14	541	1047	183	644	7.38e-111	385
XP_014599583.1	XP_006562311.2	55.530	1293	426	51	1299	2490	821	2065	0.0	1063
XP_014599583.1	XP_006562311.2	77.658	649	121	8	250	896	30	656	0.0	1016
XP_014599583.1	XP_006562310.2	55.530	1293	426	51	1299	2490	821	2065	0.0	1063
XP_014599583.1	XP_006562310.2	77.658	649	121	8	250	896	30	656	0.0	1016
XP_014599583.1	XP_016771029.2	55.530	1293	426	51	1299	2490	619	1863	0.0	1062
XP_014599583.1	XP_016771029.2	66.495	388	106	8	511	896	89	454	1.98e-132	452
XP_014599735.1	XP_016771021.1	28.261	92	62	3	3652	3741	323	412	0.047	30.0
XP_014599735.1	XP_016771020.1	28.261	92	62	3	3652	3741	323	412	0.047	30.0
XP_014599736.1	XP_016771021.1	28.261	92	62	3	3615	3704	323	412	0.049	30.0
XP_014599736.1	XP_016771020.1	28.261	92	62	3	3615	3704	323	412	0.049	30.0
XP_014600067.1	XP_006562311.2	32.468	231	133	6	66	274	64	293	8.82e-32	117
XP_014600067.1	XP_006562310.2	32.468	231	133	6	66	274	64	293	8.82e-32	117
XP_014600067.1	XP_006562308.2	33.333	222	125	6	66	265	283	503	9.55e-31	114
XP_014600068.1	XP_006562311.2	32.468	231	133	6	38	246	64	293	2.09e-32	118
XP_014600068.1	XP_006562310.2	32.468	231	133	6	38	246	64	293	2.09e-32	118
XP_014600068.1	XP_006562308.2	32.468	231	133	6	38	246	283	512	2.36e-32	117
XP_014600711.1	XP_016771021.1	27.397	73	49	1	667	735	384	456	0.034	27.7
XP_014600711.1	XP_016771020.1	27.397	73	49	1	667	735	384	456	0.034	27.7
XP_014600722.1	XP_006562311.2	25.000	268	172	7	93	337	56	317	8.35e-20	84.3
XP_014600722.1	XP_006562310.2	25.000	268	172	7	93	337	56	317	8.35e-20	84.3
XP_014600722.1	XP_006562308.2	25.000	268	172	7	93	337	275	536	1.00e-19	84.0
XP_014600801.1	XP_006562308.2	22.449	49	38	0	66	114	497	545	0.033	25.8
XP_014600801.1	XP_006562311.2	22.449	49	38	0	66	114	278	326	0.035	25.8
XP_014600801.1	XP_006562310.2	22.449	49	38	0	66	114	278	326	0.035	25.8
XP_014600935.1	XP_006562308.2	26.549	113	67	3	68	174	1542	1644	0.006	27.7
XP_014600935.1	XP_006562311.2	26.549	113	67	3	68	174	1344	1446	0.006	27.7
XP_014600935.1	XP_006562310.2	26.549	113	67	3	68	174	1344	1446	0.006	27.7
XP_014600935.1	XP_016771028.2	26.549	113	67	3	68	174	1206	1308	0.006	27.7
XP_014600935.1	XP_016771029.2	26.549	113	67	3	68	174	1142	1244	0.007	27.3
XP_014600936.1	XP_006562308.2	26.549	113	67	3	68	174	1542	1644	0.006	27.7
XP_014600936.1	XP_006562311.2	26.549	113	67	3	68	174	1344	1446	0.006	27.7
XP_014600936.1	XP_006562310.2	26.549	113	67	3	68	174	1344	1446	0.006	27.7
XP_014600936.1	XP_016771028.2	26.549	113	67	3	68	174	1206	1308	0.006	27.7
XP_014600936.1	XP_016771029.2	26.549	113	67	3	68	174	1142	1244	0.007	27.3
XP_014600937.1	XP_006562308.2	26.549	113	67	3	68	174	1542	1644	0.006	27.7
XP_014600937.1	XP_006562311.2	26.549	113	67	3	68	174	1344	1446	0.006	27.7
XP_014600937.1	XP_006562310.2	26.549	113	67	3	68	174	1344	1446	0.006	27.7
XP_014600937.1	XP_016771028.2	26.549	113	67	3	68	174	1206	1308	0.006	27.7
XP_014600937.1	XP_016771029.2	26.549	113	67	3	68	174	1142	1244	0.007	27.3
XP_014601321.1	XP_006562308.2	40.000	25	15	0	438	462	246	270	0.013	28.1
XP_014601321.1	XP_006562311.2	40.909	22	13	0	441	462	30	51	0.040	26.6
XP_014601321.1	XP_006562310.2	40.909	22	13	0	441	462	30	51	0.040	26.6
XP_014601351.1	XP_006562308.2	25.773	97	57	3	204	291	1743	1833	0.014	28.9
XP_014601481.1	XP_006562308.2	28.679	265	155	10	684	923	272	527	3.15e-19	84.7
XP_014601481.1	XP_006562311.2	28.679	265	155	10	684	923	53	308	4.45e-19	84.0
XP_014601481.1	XP_006562310.2	28.679	265	155	10	684	923	53	308	4.45e-19	84.0
XP_014601482.1	XP_006562308.2	28.679	265	155	10	655	894	272	527	2.76e-19	84.7
XP_014601482.1	XP_006562311.2	28.679	265	155	10	655	894	53	308	3.40e-19	84.3
XP_014601482.1	XP_006562310.2	28.679	265	155	10	655	894	53	308	3.40e-19	84.3
XP_014601483.1	XP_006562308.2	28.679	265	155	10	655	894	272	527	2.76e-19	84.7
XP_014601483.1	XP_006562311.2	28.679	265	155	10	655	894	53	308	3.40e-19	84.3
XP_014601483.1	XP_006562310.2	28.679	265	155	10	655	894	53	308	3.40e-19	84.3
XP_014601495.1	XP_006562308.2	22.778	180	112	8	196	361	347	513	4.59e-04	32.7
XP_014601495.1	XP_006562311.2	21.910	178	116	7	196	361	128	294	0.002	30.8
XP_014601495.1	XP_006562310.2	21.910	178	116	7	196	361	128	294	0.002	30.8
XP_014601496.1	XP_006562308.2	22.778	180	112	8	195	360	347	513	4.69e-04	32.7
XP_014601496.1	XP_006562311.2	21.910	178	116	7	195	360	128	294	0.002	30.8
XP_014601496.1	XP_006562310.2	21.910	178	116	7	195	360	128	294	0.002	30.8
XP_014601537.1	XP_016771028.2	28.788	66	42	1	143	208	1044	1104	0.002	29.3
XP_014601537.1	XP_016771029.2	28.788	66	42	1	143	208	980	1040	0.002	29.3
XP_014601537.1	XP_006562308.2	28.788	66	42	1	143	208	1380	1440	0.003	28.9
XP_014601537.1	XP_006562311.2	28.788	66	42	1	143	208	1182	1242	0.003	28.9
XP_014601537.1	XP_006562310.2	28.788	66	42	1	143	208	1182	1242	0.003	28.9
XP_014601783.1	XP_006562308.2	34.884	43	23	1	110	147	409	451	0.048	26.6
XP_014601824.1	XP_016771029.2	37.500	32	20	0	274	305	349	380	0.020	27.7
XP_014601824.1	XP_016771028.2	37.500	32	20	0	274	305	413	444	0.020	27.7
XP_014601824.1	XP_006562311.2	37.500	32	20	0	274	305	551	582	0.020	27.7
XP_014601824.1	XP_006562310.2	37.500	32	20	0	274	305	551	582	0.020	27.7
XP_014601824.1	XP_006562308.2	37.500	32	20	0	274	305	749	780	0.020	27.7
XP_014601897.1	XP_006562311.2	32.000	25	17	0	124	148	608	632	0.033	26.2
XP_014601897.1	XP_006562310.2	32.000	25	17	0	124	148	608	632	0.033	26.2
XP_014601897.1	XP_006562308.2	32.000	25	17	0	124	148	806	830	0.036	26.2
XP_014601897.1	XP_016771029.2	32.000	25	17	0	124	148	406	430	0.040	25.8
XP_014601897.1	XP_016771028.2	32.000	25	17	0	124	148	470	494	0.045	25.8
XP_014601898.1	XP_006562311.2	32.000	25	17	0	124	148	608	632	0.033	26.2
XP_014601898.1	XP_006562310.2	32.000	25	17	0	124	148	608	632	0.033	26.2
XP_014601898.1	XP_006562308.2	32.000	25	17	0	124	148	806	830	0.036	26.2
XP_014601898.1	XP_016771029.2	32.000	25	17	0	124	148	406	430	0.040	25.8
XP_014601898.1	XP_016771028.2	32.000	25	17	0	124	148	470	494	0.045	25.8
XP_014601899.1	XP_006562311.2	32.000	25	17	0	106	130	608	632	0.032	26.2
XP_014601899.1	XP_006562310.2	32.000	25	17	0	106	130	608	632	0.032	26.2
XP_014601899.1	XP_006562308.2	32.000	25	17	0	106	130	806	830	0.035	25.8
XP_014601899.1	XP_016771029.2	32.000	25	17	0	106	130	406	430	0.039	25.8
XP_014601899.1	XP_016771028.2	32.000	25	17	0	106	130	470	494	0.046	25.4
XP_014602012.1	XP_016771029.2	26.974	152	85	8	547	697	1404	1530	0.023	28.1
XP_014602012.1	XP_006562311.2	26.974	152	85	8	547	697	1606	1732	0.024	28.1
XP_014602012.1	XP_006562310.2	26.974	152	85	8	547	697	1606	1732	0.024	28.1
XP_014602012.1	XP_016771028.2	26.974	152	85	8	547	697	1468	1594	0.025	28.1
XP_014602012.1	XP_006562308.2	26.984	126	71	6	573	697	1825	1930	0.027	28.1
XP_014602013.1	XP_016771029.2	26.974	152	85	8	547	697	1404	1530	0.023	28.1
XP_014602013.1	XP_006562311.2	26.974	152	85	8	547	697	1606	1732	0.024	28.1
XP_014602013.1	XP_006562310.2	26.974	152	85	8	547	697	1606	1732	0.024	28.1
XP_014602013.1	XP_016771028.2	26.974	152	85	8	547	697	1468	1594	0.025	28.1
XP_014602013.1	XP_006562308.2	26.984	126	71	6	573	697	1825	1930	0.027	28.1
XP_014602061.1	XP_006562311.2	33.898	59	32	2	1016	1074	167	218	0.006	30.8
XP_014602061.1	XP_006562310.2	33.898	59	32	2	1016	1074	167	218	0.006	30.8
XP_014602061.1	XP_006562308.2	33.898	59	32	2	1016	1074	386	437	0.007	30.4
XP_014602063.1	XP_006562311.2	33.898	59	32	2	1014	1072	167	218	0.006	30.8
XP_014602063.1	XP_006562310.2	33.898	59	32	2	1014	1072	167	218	0.006	30.8
XP_014602063.1	XP_006562308.2	32.895	76	43	3	998	1072	369	437	0.007	30.8
XP_014602122.1	XP_006562311.2	24.706	85	47	2	72	139	1447	1531	0.028	25.0
XP_014602122.1	XP_006562310.2	24.706	85	47	2	72	139	1447	1531	0.028	25.0
XP_014602122.1	XP_016771028.2	24.706	85	47	2	72	139	1309	1393	0.028	25.0
XP_014602122.1	XP_016771029.2	24.706	85	47	2	72	139	1245	1329	0.028	25.0
XP_014602122.1	XP_006562308.2	24.706	85	47	2	72	139	1645	1729	0.031	25.0
XP_014602537.1	XP_016771021.1	23.636	275	180	10	56	311	223	486	4.52e-14	63.5
XP_014602537.1	XP_016771020.1	23.636	275	180	10	56	311	223	486	4.52e-14	63.5
XP_014603085.1	XP_016771028.2	34.146	41	22	1	160	195	1623	1663	0.011	28.1
XP_014603085.1	XP_006562308.2	34.146	41	22	1	160	195	1959	1999	0.011	27.7
XP_014603085.1	XP_016771029.2	34.146	41	22	1	160	195	1559	1599	0.011	27.7
XP_014603085.1	XP_006562311.2	34.146	41	22	1	160	195	1761	1801	0.011	27.7
XP_014603085.1	XP_006562310.2	34.146	41	22	1	160	195	1761	1801	0.011	27.7
XP_014603086.1	XP_006562308.2	34.146	41	22	1	133	168	1959	1999	0.009	28.1
XP_014603086.1	XP_016771028.2	34.146	41	22	1	133	168	1623	1663	0.011	27.7
XP_014603086.1	XP_006562311.2	34.146	41	22	1	133	168	1761	1801	0.011	27.7
XP_014603086.1	XP_006562310.2	34.146	41	22	1	133	168	1761	1801	0.011	27.7
XP_014603086.1	XP_016771029.2	34.146	41	22	1	133	168	1559	1599	0.011	27.7
XP_014603629.1	XP_016771021.1	28.462	130	79	4	797	914	8	135	1.28e-09	52.8
XP_014603629.1	XP_016771021.1	23.077	78	54	2	644	719	68	141	0.023	28.9
XP_014603629.1	XP_016771020.1	28.462	130	79	4	797	914	8	135	1.28e-09	52.8
XP_014603629.1	XP_016771020.1	23.077	78	54	2	644	719	68	141	0.023	28.9
XP_014603769.1	XP_016771029.2	32.432	37	25	0	431	467	1645	1681	0.038	26.9
XP_014603769.1	XP_016771028.2	32.432	37	25	0	431	467	1709	1745	0.040	26.6
XP_014603882.1	XP_016771029.2	47.619	21	11	0	217	237	633	653	0.036	26.6
XP_014603882.1	XP_016771028.2	47.619	21	11	0	217	237	697	717	0.036	26.6
XP_014603882.1	XP_006562308.2	47.619	21	11	0	217	237	1033	1053	0.039	26.2
XP_014603882.1	XP_006562311.2	47.619	21	11	0	217	237	835	855	0.040	26.2
XP_014603882.1	XP_006562310.2	47.619	21	11	0	217	237	835	855	0.040	26.2
XP_014603893.1	XP_016771029.2	47.619	21	11	0	217	237	633	653	0.036	26.6
XP_014603893.1	XP_016771028.2	47.619	21	11	0	217	237	697	717	0.036	26.6
XP_014603893.1	XP_006562308.2	47.619	21	11	0	217	237	1033	1053	0.039	26.2
XP_014603893.1	XP_006562311.2	47.619	21	11	0	217	237	835	855	0.040	26.2
XP_014603893.1	XP_006562310.2	47.619	21	11	0	217	237	835	855	0.040	26.2
XP_014604040.1	XP_016771028.2	31.250	96	59	4	3	91	707	802	0.019	26.9
XP_014604040.1	XP_006562308.2	31.250	96	59	4	3	91	1043	1138	0.019	26.9
XP_014604040.1	XP_006562311.2	31.250	96	59	4	3	91	845	940	0.020	26.9
XP_014604040.1	XP_006562310.2	31.250	96	59	4	3	91	845	940	0.020	26.9
XP_014604040.1	XP_016771029.2	31.250	96	59	4	3	91	643	738	0.022	26.6
XP_014604426.1	XP_016771029.2	23.077	78	55	1	5	77	232	309	0.016	27.7
XP_014604426.1	XP_016771028.2	23.077	78	55	1	5	77	296	373	0.017	27.7
XP_014604426.1	XP_006562311.2	21.127	71	56	0	5	75	434	504	0.024	27.3
XP_014604426.1	XP_006562310.2	21.127	71	56	0	5	75	434	504	0.024	27.3
XP_014604528.1	XP_006562308.2	27.687	307	162	11	152	428	276	552	3.30e-20	86.7
XP_014604528.1	XP_006562311.2	27.687	307	162	11	152	428	57	333	4.91e-20	86.3
XP_014604528.1	XP_006562310.2	27.687	307	162	11	152	428	57	333	4.91e-20	86.3
XP_014604720.1	XP_006562308.2	21.429	252	139	11	246	477	283	495	0.008	29.3
XP_014604720.1	XP_006562311.2	19.920	251	144	8	246	477	64	276	0.009	28.9
XP_014604720.1	XP_006562310.2	19.920	251	144	8	246	477	64	276	0.009	28.9
XP_014604902.1	XP_006562311.2	30.435	92	51	4	104	195	1458	1536	0.021	26.9
XP_014604902.1	XP_006562310.2	30.435	92	51	4	104	195	1458	1536	0.021	26.9
XP_014604902.1	XP_006562308.2	30.435	92	51	4	104	195	1656	1734	0.025	26.9
XP_014604902.1	XP_016771029.2	30.435	92	51	4	104	195	1256	1334	0.036	26.2
XP_014604902.1	XP_016771028.2	30.435	92	51	4	104	195	1320	1398	0.040	26.2
XP_014604903.1	XP_006562311.2	30.435	92	51	4	99	190	1458	1536	0.027	26.6
XP_014604903.1	XP_006562310.2	30.435	92	51	4	99	190	1458	1536	0.027	26.6
XP_014604903.1	XP_006562308.2	30.435	92	51	4	99	190	1656	1734	0.031	26.6
XP_014604903.1	XP_016771029.2	30.435	92	51	4	99	190	1256	1334	0.044	26.2
XP_014604904.1	XP_016771028.2	30.435	92	51	4	43	134	1320	1398	0.001	30.8
XP_014604904.1	XP_016771029.2	30.435	92	51	4	43	134	1256	1334	0.001	30.4
XP_014604904.1	XP_006562311.2	30.435	92	51	4	43	134	1458	1536	0.030	26.2
XP_014604904.1	XP_006562310.2	30.435	92	51	4	43	134	1458	1536	0.030	26.2
XP_014604904.1	XP_006562308.2	30.435	92	51	4	43	134	1656	1734	0.035	26.2
XP_014604905.1	XP_016771028.2	30.435	92	51	4	43	134	1320	1398	0.001	30.8
XP_014604905.1	XP_016771029.2	30.435	92	51	4	43	134	1256	1334	0.001	30.4
XP_014604905.1	XP_006562311.2	30.435	92	51	4	43	134	1458	1536	0.030	26.2
XP_014604905.1	XP_006562310.2	30.435	92	51	4	43	134	1458	1536	0.030	26.2
XP_014604905.1	XP_006562308.2	30.435	92	51	4	43	134	1656	1734	0.035	26.2
XP_014605324.1	XP_016771021.1	28.846	52	37	0	36	87	591	642	0.047	25.8
XP_014605324.1	XP_016771020.1	28.846	52	37	0	36	87	591	642	0.047	25.8
XP_014605350.1	XP_016771029.2	23.158	95	50	3	297	384	504	582	0.031	28.1
XP_014605350.1	XP_006562311.2	23.158	95	50	3	297	384	706	784	0.035	28.1
XP_014605350.1	XP_006562310.2	23.158	95	50	3	297	384	706	784	0.035	28.1
XP_014605350.1	XP_016771028.2	23.158	95	50	3	297	384	568	646	0.035	28.1
XP_014605350.1	XP_006562308.2	23.158	95	50	3	297	384	904	982	0.043	27.7
XP_014605355.1	XP_016771029.2	33.333	39	20	1	346	384	550	582	0.028	28.1
XP_014605355.1	XP_016771028.2	33.333	39	20	1	346	384	614	646	0.031	28.1
XP_014605355.1	XP_006562311.2	33.333	39	20	1	346	384	752	784	0.035	28.1
XP_014605355.1	XP_006562310.2	33.333	39	20	1	346	384	752	784	0.035	28.1
XP_014605355.1	XP_006562308.2	33.333	39	20	1	346	384	950	982	0.038	27.7
XP_014605464.1	XP_016771029.2	50.000	20	10	0	264	283	1771	1790	0.016	28.5
XP_014605464.1	XP_006562308.2	50.000	20	10	0	264	283	2171	2190	0.016	28.5
XP_014605464.1	XP_016771028.2	50.000	20	10	0	264	283	1835	1854	0.017	28.5
XP_014605464.1	XP_006562311.2	50.000	20	10	0	264	283	1973	1992	0.017	28.5
XP_014605464.1	XP_006562310.2	50.000	20	10	0	264	283	1973	1992	0.017	28.5
XP_014606008.1	XP_006562308.2	26.761	71	51	1	367	437	632	701	0.001	31.2
XP_014606008.1	XP_016771029.2	26.744	86	47	3	368	437	216	301	0.018	27.7
XP_014606008.1	XP_016771028.2	26.744	86	47	3	368	437	280	365	0.018	27.7
XP_014606008.1	XP_006562311.2	26.744	86	47	3	368	437	418	503	0.018	27.7
XP_014606008.1	XP_006562310.2	26.744	86	47	3	368	437	418	503	0.018	27.7
XP_014606229.1	XP_006562311.2	44.000	25	14	0	178	202	1625	1649	0.045	26.2
XP_014606229.1	XP_006562310.2	44.000	25	14	0	178	202	1625	1649	0.045	26.2
XP_014606229.1	XP_006562308.2	44.000	25	14	0	178	202	1823	1847	0.046	26.2
XP_014606229.1	XP_016771029.2	44.000	25	14	0	178	202	1423	1447	0.049	25.8
XP_014606229.1	XP_016771028.2	44.000	25	14	0	178	202	1487	1511	0.050	25.8
XP_014606903.1	XP_006562308.2	32.609	92	53	3	118	208	2172	2255	0.008	29.6
XP_014606903.1	XP_006562311.2	32.609	92	53	3	118	208	1974	2057	0.010	29.3
XP_014606903.1	XP_006562310.2	32.609	92	53	3	118	208	1974	2057	0.010	29.3
XP_014606903.1	XP_016771028.2	32.609	92	53	3	118	208	1836	1919	0.013	28.9
XP_014606903.1	XP_016771029.2	32.609	92	53	3	118	208	1772	1855	0.016	28.5
XP_014606904.1	XP_006562308.2	32.609	92	53	3	118	208	2172	2255	0.008	29.6
XP_014606904.1	XP_006562311.2	32.609	92	53	3	118	208	1974	2057	0.010	29.3
XP_014606904.1	XP_006562310.2	32.609	92	53	3	118	208	1974	2057	0.010	29.3
XP_014606904.1	XP_016771028.2	32.609	92	53	3	118	208	1836	1919	0.013	28.9
XP_014606904.1	XP_016771029.2	32.609	92	53	3	118	208	1772	1855	0.016	28.5
XP_014606947.1	XP_016771029.2	26.154	130	75	6	3	127	937	1050	0.021	29.6
XP_014606947.1	XP_016771028.2	26.154	130	75	6	3	127	1001	1114	0.021	29.6
XP_014606947.1	XP_006562311.2	26.154	130	75	6	3	127	1139	1252	0.048	28.5
XP_014606947.1	XP_006562310.2	26.154	130	75	6	3	127	1139	1252	0.048	28.5
XP_014606948.1	XP_016771029.2	26.154	130	75	6	3	127	937	1050	0.021	29.6
XP_014606948.1	XP_016771028.2	26.154	130	75	6	3	127	1001	1114	0.021	29.6
XP_014606948.1	XP_006562311.2	26.154	130	75	6	3	127	1139	1252	0.048	28.5
XP_014606948.1	XP_006562310.2	26.154	130	75	6	3	127	1139	1252	0.048	28.5
XP_014606949.1	XP_016771028.2	26.154	130	75	6	3	127	1001	1114	0.020	29.6
XP_014606949.1	XP_016771029.2	26.154	130	75	6	3	127	937	1050	0.020	29.6
XP_014606949.1	XP_006562311.2	26.154	130	75	6	3	127	1139	1252	0.046	28.5
XP_014606949.1	XP_006562310.2	26.154	130	75	6	3	127	1139	1252	0.046	28.5
XP_014607276.1	XP_006562311.2	34.286	35	23	0	767	801	52	86	0.039	28.1
XP_014607276.1	XP_006562310.2	34.286	35	23	0	767	801	52	86	0.039	28.1
XP_014607276.1	XP_006562308.2	34.286	35	23	0	767	801	271	305	0.041	27.7
XP_014607285.1	XP_006562311.2	34.286	35	23	0	751	785	52	86	0.035	28.1
XP_014607285.1	XP_006562310.2	34.286	35	23	0	751	785	52	86	0.035	28.1
XP_014607285.1	XP_006562308.2	34.286	35	23	0	751	785	271	305	0.038	28.1
XP_014607489.1	XP_016771021.1	23.529	85	57	2	131	208	346	429	0.004	31.2
XP_014607489.1	XP_016771020.1	23.529	85	57	2	131	208	346	429	0.004	31.2
XP_014607491.1	XP_016771021.1	23.529	85	57	2	131	208	346	429	0.004	31.2
XP_014607491.1	XP_016771020.1	23.529	85	57	2	131	208	346	429	0.004	31.2
XP_014607492.1	XP_016771021.1	23.529	85	57	2	131	208	346	429	0.003	31.2
XP_014607492.1	XP_016771020.1	23.529	85	57	2	131	208	346	429	0.003	31.2
XP_014607693.1	XP_016771028.2	32.143	28	19	0	58	85	1577	1604	0.034	25.8
XP_014607693.1	XP_016771029.2	32.143	28	19	0	58	85	1513	1540	0.037	25.8
XP_014607693.1	XP_006562308.2	32.143	28	19	0	58	85	1913	1940	0.038	25.8
XP_014607693.1	XP_006562311.2	32.143	28	19	0	58	85	1715	1742	0.040	25.4
XP_014607693.1	XP_006562310.2	32.143	28	19	0	58	85	1715	1742	0.040	25.4
XP_014607883.1	XP_006562308.2	25.714	105	58	2	190	277	433	534	0.005	28.9
XP_014607883.1	XP_006562311.2	25.714	105	58	2	190	277	214	315	0.006	28.5
XP_014607883.1	XP_006562310.2	25.714	105	58	2	190	277	214	315	0.006	28.5
XP_014607897.1	XP_016771029.2	22.321	112	74	2	998	1109	549	647	4.64e-04	35.0
XP_014607897.1	XP_016771028.2	22.321	112	74	2	998	1109	613	711	4.69e-04	35.0
XP_014607897.1	XP_006562311.2	22.321	112	74	2	998	1109	751	849	7.35e-04	34.3
XP_014607897.1	XP_006562310.2	22.321	112	74	2	998	1109	751	849	7.35e-04	34.3
XP_014607897.1	XP_006562308.2	22.321	112	74	2	998	1109	949	1047	0.001	33.9
XP_014607898.1	XP_016771029.2	22.321	112	74	2	990	1101	549	647	4.73e-04	35.0
XP_014607898.1	XP_016771028.2	22.321	112	74	2	990	1101	613	711	4.90e-04	34.7
XP_014607898.1	XP_006562311.2	22.321	112	74	2	990	1101	751	849	7.69e-04	34.3
XP_014607898.1	XP_006562310.2	22.321	112	74	2	990	1101	751	849	7.69e-04	34.3
XP_014607898.1	XP_006562308.2	22.321	112	74	2	990	1101	949	1047	0.001	33.9
XP_014607899.1	XP_016771029.2	22.321	112	74	2	998	1109	549	647	3.61e-04	35.0
XP_014607899.1	XP_016771028.2	22.321	112	74	2	998	1109	613	711	3.62e-04	35.0
XP_014607899.1	XP_006562311.2	22.321	112	74	2	998	1109	751	849	4.72e-04	34.7
XP_014607899.1	XP_006562310.2	22.321	112	74	2	998	1109	751	849	4.72e-04	34.7
XP_014607899.1	XP_006562308.2	22.321	112	74	2	998	1109	949	1047	5.76e-04	34.3
XP_014608133.1	XP_006562308.2	29.944	177	101	6	594	751	331	503	1.53e-15	72.0
XP_014608133.1	XP_006562311.2	29.944	177	101	6	594	751	112	284	1.82e-15	71.6
XP_014608133.1	XP_006562310.2	29.944	177	101	6	594	751	112	284	1.82e-15	71.6
XP_014608356.1	XP_016771028.2	29.870	77	40	3	61	126	95	168	4.65e-04	33.1
XP_014608365.1	XP_016771028.2	29.870	77	40	3	61	126	95	168	4.65e-04	33.1
XP_014608375.1	XP_016771028.2	29.870	77	40	3	61	126	95	168	4.65e-04	33.1
XP_014608384.1	XP_016771028.2	29.870	77	40	3	61	126	95	168	4.65e-04	33.1
XP_014608837.1	XP_016771021.1	41.176	34	18	1	28	61	408	439	0.037	23.9
XP_014608837.1	XP_016771020.1	41.176	34	18	1	28	61	408	439	0.037	23.9
XP_014608869.1	NP_001011612.1	42.857	21	12	0	28	48	11	31	0.031	25.8
XP_014608954.1	NP_001011612.1	42.857	21	12	0	28	48	11	31	0.031	25.8
XP_014609037.1	NP_001011612.1	42.857	21	12	0	28	48	11	31	0.030	25.8
XP_014609636.1	XP_006562308.2	28.571	63	43	1	58	120	619	679	0.048	26.2
XP_014609637.1	XP_006562308.2	28.571	63	43	1	58	120	619	679	0.048	26.2
XP_014609698.1	XP_006562311.2	28.261	46	33	0	429	474	524	569	0.023	27.3
XP_014609698.1	XP_006562310.2	28.261	46	33	0	429	474	524	569	0.023	27.3
XP_014609698.1	XP_006562308.2	28.261	46	33	0	429	474	722	767	0.026	27.3
XP_014609698.1	XP_016771029.2	28.261	46	33	0	429	474	322	367	0.032	26.9
XP_014609698.1	XP_016771028.2	28.261	46	33	0	429	474	386	431	0.034	26.9
XP_014609699.1	XP_006562311.2	28.261	46	33	0	429	474	524	569	0.023	27.3
XP_014609699.1	XP_006562310.2	28.261	46	33	0	429	474	524	569	0.023	27.3
XP_014609699.1	XP_006562308.2	28.261	46	33	0	429	474	722	767	0.026	27.3
XP_014609699.1	XP_016771029.2	28.261	46	33	0	429	474	322	367	0.032	26.9
XP_014609699.1	XP_016771028.2	28.261	46	33	0	429	474	386	431	0.034	26.9
XP_014609700.1	XP_006562311.2	28.261	46	33	0	350	395	524	569	0.022	27.3
XP_014609700.1	XP_006562310.2	28.261	46	33	0	350	395	524	569	0.022	27.3
XP_014609700.1	XP_006562308.2	28.261	46	33	0	350	395	722	767	0.022	27.3
XP_014609700.1	XP_016771029.2	28.261	46	33	0	350	395	322	367	0.030	26.9
XP_014609724.1	XP_016771028.2	32.692	52	30	2	178	225	1553	1603	0.009	28.9
XP_014609724.1	XP_016771029.2	32.692	52	30	2	178	225	1489	1539	0.009	28.5
XP_014609724.1	XP_006562311.2	32.692	52	30	2	178	225	1691	1741	0.009	28.5
XP_014609724.1	XP_006562310.2	32.692	52	30	2	178	225	1691	1741	0.009	28.5
XP_014609724.1	XP_006562308.2	32.692	52	30	2	178	225	1889	1939	0.010	28.5
XP_014609734.1	XP_016771029.2	37.500	24	15	0	169	192	1500	1523	0.028	25.4
XP_014609734.1	XP_016771028.2	37.500	24	15	0	169	192	1564	1587	0.029	25.4
XP_014609734.1	XP_006562311.2	37.500	24	15	0	169	192	1702	1725	0.034	25.4
XP_014609734.1	XP_006562310.2	37.500	24	15	0	169	192	1702	1725	0.034	25.4
XP_014609734.1	XP_006562308.2	37.500	24	15	0	169	192	1900	1923	0.034	25.0
XP_014609757.1	XP_016771029.2	32.759	58	33	2	29	82	1608	1663	0.005	27.7
XP_014609757.1	XP_016771028.2	32.759	58	33	2	29	82	1672	1727	0.005	27.3
XP_014609757.1	XP_006562311.2	32.759	58	33	2	29	82	1810	1865	0.005	27.3
XP_014609757.1	XP_006562310.2	32.759	58	33	2	29	82	1810	1865	0.005	27.3
XP_014609757.1	XP_006562308.2	32.759	58	33	2	29	82	2008	2063	0.006	27.3
XP_014609844.1	XP_016771028.2	24.528	159	90	7	272	401	1289	1446	0.019	28.1
XP_014609845.1	XP_016771028.2	24.528	159	90	7	214	343	1289	1446	0.019	28.1
XP_014609898.1	NP_001011612.1	30.435	23	16	0	1	23	1	23	0.016	23.9
XP_014609898.1	NP_001011611.2	30.435	23	16	0	1	23	1	23	0.036	23.1
XP_014609935.1	XP_016771021.1	32.432	37	25	0	88	124	415	451	0.006	26.9
XP_014609935.1	XP_016771020.1	32.432	37	25	0	88	124	415	451	0.006	26.9
XP_014609980.1	XP_006562308.2	22.321	112	72	3	410	507	415	525	0.006	29.6
XP_014609980.1	XP_006562311.2	22.321	112	72	3	410	507	196	306	0.006	29.6
XP_014609980.1	XP_006562310.2	22.321	112	72	3	410	507	196	306	0.006	29.6
XP_014609995.1	XP_016771021.1	34.091	44	26	1	239	282	282	322	0.033	27.7
XP_014609995.1	XP_016771020.1	34.091	44	26	1	239	282	282	322	0.033	27.7
XP_014609996.1	XP_016771021.1	34.091	44	26	1	239	282	282	322	0.031	27.7
XP_014609996.1	XP_016771020.1	34.091	44	26	1	239	282	282	322	0.031	27.7
XP_014610392.1	XP_016771028.2	30.667	75	45	2	209	278	1349	1421	0.021	27.3
XP_014610392.1	XP_006562311.2	30.667	75	45	2	209	278	1487	1559	0.021	27.3
XP_014610392.1	XP_006562310.2	30.667	75	45	2	209	278	1487	1559	0.021	27.3
XP_014610392.1	XP_016771029.2	30.667	75	45	2	209	278	1285	1357	0.023	27.3
XP_014610526.1	XP_006562308.2	35.417	48	27	2	171	217	1917	1961	0.040	26.6
XP_014610526.1	XP_006562311.2	35.417	48	27	2	171	217	1719	1763	0.044	26.6
XP_014610526.1	XP_006562310.2	35.417	48	27	2	171	217	1719	1763	0.044	26.6
XP_014610534.1	XP_006562308.2	35.417	48	27	2	171	217	1917	1961	0.040	26.6
XP_014610534.1	XP_006562311.2	35.417	48	27	2	171	217	1719	1763	0.044	26.6
XP_014610534.1	XP_006562310.2	35.417	48	27	2	171	217	1719	1763	0.044	26.6
XP_014610543.1	XP_006562308.2	35.417	48	27	2	171	217	1917	1961	0.040	26.6
XP_014610543.1	XP_006562311.2	35.417	48	27	2	171	217	1719	1763	0.044	26.6
XP_014610543.1	XP_006562310.2	35.417	48	27	2	171	217	1719	1763	0.044	26.6
XP_014610549.1	XP_006562308.2	35.417	48	27	2	171	217	1917	1961	0.040	26.6
XP_014610549.1	XP_006562311.2	35.417	48	27	2	171	217	1719	1763	0.044	26.6
XP_014610549.1	XP_006562310.2	35.417	48	27	2	171	217	1719	1763	0.044	26.6
XP_014610558.1	XP_006562308.2	35.417	48	27	2	171	217	1917	1961	0.040	26.6
XP_014610558.1	XP_006562311.2	35.417	48	27	2	171	217	1719	1763	0.044	26.6
XP_014610558.1	XP_006562310.2	35.417	48	27	2	171	217	1719	1763	0.044	26.6
XP_014610566.1	XP_006562308.2	35.417	48	27	2	171	217	1917	1961	0.040	26.6
XP_014610566.1	XP_006562311.2	35.417	48	27	2	171	217	1719	1763	0.044	26.6
XP_014610566.1	XP_006562310.2	35.417	48	27	2	171	217	1719	1763	0.044	26.6
XP_014611391.1	XP_016771028.2	38.182	55	32	2	467	520	13	66	0.012	29.3
XP_014611391.1	XP_016771029.2	38.182	55	32	2	467	520	13	66	0.012	29.3
XP_014611392.1	XP_016771028.2	38.182	55	32	2	467	520	13	66	0.012	29.3
XP_014611392.1	XP_016771029.2	38.182	55	32	2	467	520	13	66	0.012	29.3
XP_014611393.1	XP_016771028.2	38.182	55	32	2	467	520	13	66	0.012	29.3
XP_014611393.1	XP_016771029.2	38.182	55	32	2	467	520	13	66	0.012	29.3
XP_014611475.1	XP_006562308.2	23.926	163	100	6	517	661	347	503	4.97e-06	40.4
XP_014611475.1	XP_006562311.2	23.926	163	100	6	517	661	128	284	6.53e-06	40.0
XP_014611475.1	XP_006562310.2	23.926	163	100	6	517	661	128	284	6.53e-06	40.0
XP_014611991.1	XP_016771029.2	36.170	47	30	0	282	328	619	665	0.031	27.7
XP_014611991.1	XP_016771028.2	36.170	47	30	0	282	328	683	729	0.032	27.7
XP_014611991.1	XP_006562308.2	36.170	47	30	0	282	328	1019	1065	0.038	27.7
XP_014611991.1	XP_006562311.2	36.170	47	30	0	282	328	821	867	0.039	27.7
XP_014611991.1	XP_006562310.2	36.170	47	30	0	282	328	821	867	0.039	27.7
XP_014612013.1	XP_016771029.2	32.558	43	27	1	132	172	357	399	0.043	24.6
XP_014612013.1	XP_016771028.2	32.558	43	27	1	132	172	421	463	0.043	24.6
XP_014612013.1	XP_006562311.2	32.558	43	27	1	132	172	559	601	0.045	24.6
XP_014612013.1	XP_006562310.2	32.558	43	27	1	132	172	559	601	0.045	24.6
XP_014612013.1	XP_006562308.2	32.558	43	27	1	132	172	757	799	0.046	24.6
XP_014612043.1	XP_006562308.2	31.429	105	53	6	233	327	1046	1141	0.029	27.3
XP_014612043.1	XP_006562311.2	31.429	105	53	6	233	327	848	943	0.031	26.9
XP_014612043.1	XP_006562310.2	31.429	105	53	6	233	327	848	943	0.031	26.9
XP_014612043.1	XP_016771029.2	31.746	63	34	2	274	327	679	741	0.038	26.9
XP_014612043.1	XP_016771028.2	31.746	63	34	2	274	327	743	805	0.049	26.6
XP_014612273.1	XP_006562311.2	24.719	89	49	1	173	243	191	279	4.13e-04	33.9
XP_014612273.1	XP_006562310.2	24.719	89	49	1	173	243	191	279	4.13e-04	33.9
XP_014612273.1	XP_006562308.2	26.263	99	54	2	164	243	400	498	6.51e-04	33.1
XP_014612450.1	XP_006562308.2	27.350	117	80	4	266	379	331	445	5.52e-05	37.0
XP_014612450.1	XP_006562311.2	27.350	117	80	4	266	379	112	226	8.30e-05	36.6
XP_014612450.1	XP_006562310.2	27.350	117	80	4	266	379	112	226	8.30e-05	36.6
XP_014612451.1	XP_006562308.2	27.350	117	80	4	266	379	331	445	5.52e-05	37.0
XP_014612451.1	XP_006562311.2	27.350	117	80	4	266	379	112	226	8.30e-05	36.6
XP_014612451.1	XP_006562310.2	27.350	117	80	4	266	379	112	226	8.30e-05	36.6
XP_014612453.1	XP_006562308.2	27.350	117	80	4	266	379	331	445	5.52e-05	37.0
XP_014612453.1	XP_006562311.2	27.350	117	80	4	266	379	112	226	8.30e-05	36.6
XP_014612453.1	XP_006562310.2	27.350	117	80	4	266	379	112	226	8.30e-05	36.6
XP_014612454.1	XP_006562308.2	27.350	117	80	4	266	379	331	445	5.52e-05	37.0
XP_014612454.1	XP_006562311.2	27.350	117	80	4	266	379	112	226	8.30e-05	36.6
XP_014612454.1	XP_006562310.2	27.350	117	80	4	266	379	112	226	8.30e-05	36.6
XP_014612455.1	XP_006562308.2	27.350	117	80	4	266	379	331	445	5.52e-05	37.0
XP_014612455.1	XP_006562311.2	27.350	117	80	4	266	379	112	226	8.30e-05	36.6
XP_014612455.1	XP_006562310.2	27.350	117	80	4	266	379	112	226	8.30e-05	36.6
XP_014612456.1	XP_006562308.2	27.350	117	80	4	266	379	331	445	5.52e-05	37.0
XP_014612456.1	XP_006562311.2	27.350	117	80	4	266	379	112	226	8.30e-05	36.6
XP_014612456.1	XP_006562310.2	27.350	117	80	4	266	379	112	226	8.30e-05	36.6
XP_014612544.1	XP_006562308.2	25.000	144	91	4	414	541	798	940	0.009	28.9
XP_014612544.1	XP_006562311.2	25.000	144	91	4	414	541	600	742	0.010	28.9
XP_014612544.1	XP_006562310.2	25.000	144	91	4	414	541	600	742	0.010	28.9
XP_014612544.1	XP_016771029.2	25.000	144	91	4	414	541	398	540	0.018	28.1
XP_014612544.1	XP_016771028.2	25.000	144	91	4	414	541	462	604	0.019	28.1
XP_014612545.1	XP_006562308.2	25.000	144	91	4	403	530	798	940	0.010	28.9
XP_014612545.1	XP_006562311.2	25.000	144	91	4	403	530	600	742	0.013	28.5
XP_014612545.1	XP_006562310.2	25.000	144	91	4	403	530	600	742	0.013	28.5
XP_014612545.1	XP_016771029.2	25.000	144	91	4	403	530	398	540	0.020	27.7
XP_014612545.1	XP_016771028.2	25.000	144	91	4	403	530	462	604	0.021	27.7
XP_014612621.1	XP_006562308.2	24.779	226	137	8	284	481	283	503	2.41e-13	64.7
XP_014612621.1	XP_006562311.2	24.779	226	137	8	284	481	64	284	4.27e-13	63.9
XP_014612621.1	XP_006562310.2	24.779	226	137	8	284	481	64	284	4.27e-13	63.9
XP_014612622.1	XP_006562308.2	24.779	226	137	8	284	481	283	503	2.59e-13	64.7
XP_014612622.1	XP_006562311.2	24.779	226	137	8	284	481	64	284	4.19e-13	63.9
XP_014612622.1	XP_006562310.2	24.779	226	137	8	284	481	64	284	4.19e-13	63.9
XP_014612623.1	XP_006562308.2	24.779	226	137	8	284	481	283	503	2.70e-13	64.3
XP_014612623.1	XP_006562311.2	24.779	226	137	8	284	481	64	284	4.40e-13	63.9
XP_014612623.1	XP_006562310.2	24.779	226	137	8	284	481	64	284	4.40e-13	63.9
XP_014612624.1	XP_006562308.2	25.664	226	135	8	178	375	283	503	4.86e-13	63.5
XP_014612624.1	XP_006562311.2	24.779	226	137	8	178	375	64	284	9.07e-13	62.4
XP_014612624.1	XP_006562310.2	24.779	226	137	8	178	375	64	284	9.07e-13	62.4
XP_014612692.1	XP_016771028.2	24.427	131	84	4	80	195	518	648	0.029	25.4
XP_014612692.1	XP_016771029.2	24.427	131	84	3	80	195	454	584	0.037	25.4
XP_014612700.1	XP_016771028.2	24.427	131	84	4	68	183	518	648	0.028	25.4
XP_014612700.1	XP_016771029.2	24.427	131	84	4	68	183	454	584	0.039	25.0
XP_014613199.1	XP_016771028.2	36.364	33	21	0	375	407	869	901	0.016	28.1
XP_014613199.1	XP_016771029.2	36.364	33	21	0	375	407	805	837	0.017	28.1
XP_014613199.1	XP_006562311.2	36.364	33	21	0	375	407	1007	1039	0.018	28.1
XP_014613199.1	XP_006562310.2	36.364	33	21	0	375	407	1007	1039	0.018	28.1
XP_014613200.1	XP_016771028.2	36.364	33	21	0	375	407	869	901	0.016	28.1
XP_014613200.1	XP_016771029.2	36.364	33	21	0	375	407	805	837	0.017	28.1
XP_014613200.1	XP_006562311.2	36.364	33	21	0	375	407	1007	1039	0.018	28.1
XP_014613200.1	XP_006562310.2	36.364	33	21	0	375	407	1007	1039	0.018	28.1
XP_014613202.1	XP_016771028.2	32.609	46	30	1	352	396	856	901	0.005	29.6
XP_014613202.1	XP_016771029.2	32.609	46	30	1	352	396	792	837	0.006	29.6
XP_014613583.1	XP_016771028.2	30.000	80	47	3	679	753	130	205	0.015	29.3
XP_014613584.1	XP_016771028.2	30.000	80	47	3	672	746	130	205	0.014	29.3
XP_014613585.1	XP_016771028.2	30.000	80	47	3	672	746	130	205	0.014	29.3
XP_014613586.1	XP_016771028.2	30.000	80	47	3	668	742	130	205	0.013	29.3
XP_014613626.1	XP_006562308.2	34.286	35	23	0	185	219	463	497	0.006	30.0
XP_014613626.1	XP_006562311.2	34.286	35	23	0	185	219	244	278	0.007	29.6
XP_014613626.1	XP_006562310.2	34.286	35	23	0	185	219	244	278	0.007	29.6
XP_014613656.1	XP_016771021.1	29.268	41	29	0	60	100	397	437	0.012	26.6
XP_014613656.1	XP_016771020.1	29.268	41	29	0	60	100	397	437	0.012	26.6
XP_014613707.1	XP_016771021.1	37.500	40	24	1	515	553	277	316	0.006	29.6
XP_014613707.1	XP_016771020.1	37.500	40	24	1	515	553	277	316	0.006	29.6
XP_014614091.1	XP_006562311.2	26.374	91	63	1	897	987	840	926	0.003	32.3
XP_014614091.1	XP_006562310.2	26.374	91	63	1	897	987	840	926	0.003	32.3
XP_014614091.1	XP_006562308.2	26.374	91	63	1	897	987	1038	1124	0.003	32.3
XP_014614091.1	XP_016771029.2	26.374	91	63	1	897	987	638	724	0.004	32.0
XP_014614091.1	XP_016771028.2	26.374	91	63	1	897	987	702	788	0.004	32.0
XP_014614092.1	XP_006562311.2	26.374	91	63	1	899	989	840	926	0.003	32.3
XP_014614092.1	XP_006562310.2	26.374	91	63	1	899	989	840	926	0.003	32.3
XP_014614092.1	XP_006562308.2	26.374	91	63	1	899	989	1038	1124	0.003	32.3
XP_014614092.1	XP_016771029.2	26.374	91	63	1	899	989	638	724	0.004	32.0
XP_014614092.1	XP_016771028.2	26.374	91	63	1	899	989	702	788	0.004	32.0
XP_014614093.1	XP_006562311.2	26.374	91	63	1	899	989	840	926	0.003	32.3
XP_014614093.1	XP_006562310.2	26.374	91	63	1	899	989	840	926	0.003	32.3
XP_014614093.1	XP_006562308.2	26.374	91	63	1	899	989	1038	1124	0.003	32.3
XP_014614093.1	XP_016771029.2	26.374	91	63	1	899	989	638	724	0.004	32.0
XP_014614093.1	XP_016771028.2	26.374	91	63	1	899	989	702	788	0.004	32.0
XP_014614179.1	XP_016771029.2	30.120	83	40	3	115	196	1290	1355	0.002	29.3
XP_014614179.1	XP_016771028.2	30.120	83	40	3	115	196	1354	1419	0.003	28.9
XP_014614179.1	XP_006562311.2	30.120	83	40	3	115	196	1492	1557	0.004	28.5
XP_014614179.1	XP_006562310.2	30.120	83	40	3	115	196	1492	1557	0.004	28.5
XP_014614179.1	XP_006562308.2	30.120	83	40	3	115	196	1690	1755	0.004	28.1
XP_014614211.1	XP_006562308.2	27.869	61	42	1	167	225	430	490	0.016	26.6
XP_014614211.1	XP_006562311.2	27.869	61	42	1	167	225	211	271	0.018	26.6
XP_014614211.1	XP_006562310.2	27.869	61	42	1	167	225	211	271	0.018	26.6
XP_014614228.1	XP_006562308.2	25.984	254	136	9	477	693	274	512	5.92e-18	80.1
XP_014614228.1	XP_006562311.2	26.908	249	140	9	477	693	55	293	7.07e-18	79.7
XP_014614228.1	XP_006562310.2	26.908	249	140	9	477	693	55	293	7.07e-18	79.7
XP_014614229.1	XP_006562308.2	25.984	254	136	9	477	693	274	512	6.31e-18	80.1
XP_014614229.1	XP_006562311.2	25.984	254	136	9	477	693	55	293	7.47e-18	79.7
XP_014614229.1	XP_006562310.2	25.984	254	136	9	477	693	55	293	7.47e-18	79.7
XP_014614419.1	XP_016771021.1	33.485	439	274	10	67	492	53	486	7.89e-77	248
XP_014614419.1	XP_016771020.1	33.485	439	274	10	67	492	53	486	7.89e-77	248
XP_014614718.1	XP_016771029.2	42.857	21	12	0	83	103	1734	1754	0.016	24.6
XP_014614718.1	XP_016771028.2	42.857	21	12	0	83	103	1798	1818	0.016	24.6
XP_014614718.1	XP_006562311.2	42.857	21	12	0	83	103	1936	1956	0.016	24.6
XP_014614718.1	XP_006562310.2	42.857	21	12	0	83	103	1936	1956	0.016	24.6
XP_014614718.1	XP_006562308.2	42.857	21	12	0	83	103	2134	2154	0.016	24.6
XP_014614782.1	XP_006562308.2	35.417	48	29	2	50	96	1347	1393	0.013	26.9
XP_014614782.1	XP_006562311.2	35.417	48	29	2	50	96	1149	1195	0.013	26.9
XP_014614782.1	XP_006562310.2	35.417	48	29	2	50	96	1149	1195	0.013	26.9
XP_014614782.1	XP_016771028.2	35.417	48	29	2	50	96	1011	1057	0.014	26.9
XP_014614782.1	XP_016771029.2	35.417	48	29	2	50	96	947	993	0.015	26.6
XP_014614785.1	NP_001011611.2	47.059	17	9	0	105	121	16	32	0.038	23.5
XP_014614791.1	NP_001011611.2	47.059	17	9	0	105	121	16	32	0.038	23.5
XP_014614797.1	NP_001011611.2	47.059	17	9	0	104	120	16	32	0.037	23.5
XP_014615557.1	XP_006562308.2	22.744	277	187	8	381	631	283	558	3.26e-15	69.7
XP_014615557.1	XP_006562311.2	22.744	277	187	8	381	631	64	339	6.00e-15	68.9
XP_014615557.1	XP_006562310.2	22.744	277	187	8	381	631	64	339	6.00e-15	68.9
XP_014615644.1	XP_006562311.2	27.734	256	157	5	83	313	56	308	2.97e-17	74.3
XP_014615644.1	XP_006562310.2	27.734	256	157	5	83	313	56	308	2.97e-17	74.3
XP_014615644.1	XP_006562308.2	27.734	256	157	5	83	313	275	527	3.47e-17	73.9
XP_014615654.1	XP_006562311.2	27.734	256	157	5	83	313	56	308	2.97e-17	74.3
XP_014615654.1	XP_006562310.2	27.734	256	157	5	83	313	56	308	2.97e-17	74.3
XP_014615654.1	XP_006562308.2	27.734	256	157	5	83	313	275	527	3.47e-17	73.9
XP_014615716.1	XP_006562308.2	27.044	159	102	2	487	631	355	513	1.24e-12	62.0
XP_014615716.1	XP_006562311.2	27.215	158	101	2	487	630	136	293	2.02e-12	61.2
XP_014615716.1	XP_006562310.2	27.215	158	101	2	487	630	136	293	2.02e-12	61.2
XP_014615834.1	XP_006562308.2	20.126	159	110	4	366	507	331	489	2.12e-05	37.7
XP_014615834.1	XP_006562311.2	20.126	159	110	4	366	507	112	270	2.43e-05	37.7
XP_014615834.1	XP_006562310.2	20.126	159	110	4	366	507	112	270	2.43e-05	37.7
XP_014615844.1	XP_006562308.2	20.126	159	110	4	358	499	331	489	1.95e-05	38.1
XP_014615844.1	XP_006562311.2	20.126	159	110	4	358	499	112	270	2.41e-05	37.7
XP_014615844.1	XP_006562310.2	20.126	159	110	4	358	499	112	270	2.41e-05	37.7
XP_014615890.1	XP_016771021.1	31.373	51	32	2	798	847	607	655	0.045	27.3
XP_014615890.1	XP_016771020.1	31.373	51	32	2	798	847	607	655	0.045	27.3
XP_014615891.1	XP_016771021.1	31.373	51	32	2	754	803	607	655	0.044	27.3
XP_014615891.1	XP_016771020.1	31.373	51	32	2	754	803	607	655	0.044	27.3
XP_014615966.1	XP_006562308.2	39.394	33	20	0	434	466	157	189	0.045	27.3
XP_014616474.1	XP_016771029.2	27.957	93	39	3	72	142	1383	1469	0.001	30.8
XP_014616474.1	XP_006562308.2	31.250	48	27	1	95	142	1828	1869	0.001	30.8
XP_014616474.1	XP_006562311.2	31.250	48	27	1	95	142	1630	1671	0.001	30.8
XP_014616474.1	XP_006562310.2	31.250	48	27	1	95	142	1630	1671	0.001	30.8
XP_014616474.1	XP_016771028.2	31.250	48	27	1	95	142	1492	1533	0.001	30.8
XP_014616880.1	XP_016771028.2	33.333	24	16	0	32	55	1101	1124	0.048	24.6
XP_014616881.1	XP_016771028.2	33.333	24	16	0	32	55	1101	1124	0.048	24.6
XP_014616959.1	XP_006562308.2	35.897	39	25	0	423	461	91	129	0.045	27.7
XP_014616969.1	XP_006562308.2	35.897	39	25	0	423	461	91	129	0.045	27.7
XP_014617004.1	XP_006562308.2	31.429	70	47	1	699	768	2195	2263	0.042	27.3
XP_014617004.1	XP_006562311.2	31.429	70	47	1	699	768	1997	2065	0.050	27.3
XP_014617004.1	XP_006562310.2	31.429	70	47	1	699	768	1997	2065	0.050	27.3
XP_014617005.1	XP_006562308.2	31.429	70	47	1	699	768	2195	2263	0.042	27.3
XP_014617005.1	XP_006562311.2	31.429	70	47	1	699	768	1997	2065	0.050	27.3
XP_014617005.1	XP_006562310.2	31.429	70	47	1	699	768	1997	2065	0.050	27.3
