XP_011156051.1	XP_006562308.2	34.783	46	29	1	207	252	1267	1311	0.021	26.9
XP_011156051.1	XP_006562311.2	34.783	46	29	1	207	252	1069	1113	0.026	26.6
XP_011156051.1	XP_006562310.2	34.783	46	29	1	207	252	1069	1113	0.026	26.6
XP_011156051.1	XP_016771028.2	34.783	46	29	1	207	252	931	975	0.038	26.2
XP_011156051.1	XP_016771029.2	34.783	46	29	1	207	252	867	911	0.039	26.2
XP_011156052.1	XP_006562308.2	34.783	46	29	1	207	252	1267	1311	0.021	26.9
XP_011156052.1	XP_006562311.2	34.783	46	29	1	207	252	1069	1113	0.026	26.6
XP_011156052.1	XP_006562310.2	34.783	46	29	1	207	252	1069	1113	0.026	26.6
XP_011156052.1	XP_016771028.2	34.783	46	29	1	207	252	931	975	0.038	26.2
XP_011156052.1	XP_016771029.2	34.783	46	29	1	207	252	867	911	0.039	26.2
XP_011156193.1	XP_016771021.1	37.500	40	24	1	567	605	277	316	0.020	28.1
XP_011156193.1	XP_016771020.1	37.500	40	24	1	567	605	277	316	0.020	28.1
XP_011156195.1	XP_016771021.1	37.500	40	24	1	535	573	277	316	0.017	28.5
XP_011156195.1	XP_016771020.1	37.500	40	24	1	535	573	277	316	0.017	28.5
XP_011156513.1	XP_016771029.2	25.316	79	59	0	48	126	327	405	0.031	25.8
XP_011156513.1	XP_016771028.2	25.316	79	59	0	48	126	391	469	0.032	25.8
XP_011156513.1	XP_006562311.2	25.316	79	59	0	48	126	529	607	0.039	25.8
XP_011156513.1	XP_006562310.2	25.316	79	59	0	48	126	529	607	0.039	25.8
XP_011156513.1	XP_006562308.2	25.316	79	59	0	48	126	727	805	0.039	25.4
XP_011156545.1	XP_016771021.1	83.056	661	111	1	1	661	1	660	0.0	1170
XP_011156545.1	XP_016771020.1	83.056	661	111	1	1	661	1	660	0.0	1170
XP_011156648.1	XP_016771021.1	41.026	39	20	1	61	96	505	543	0.025	25.0
XP_011156648.1	XP_016771020.1	41.026	39	20	1	61	96	505	543	0.025	25.0
XP_011156805.1	XP_016771028.2	33.333	36	24	0	25	60	957	992	0.018	26.6
XP_011156805.1	XP_016771029.2	34.286	35	23	0	26	60	894	928	0.018	26.6
XP_011156805.1	XP_006562308.2	34.286	35	23	0	26	60	1294	1328	0.019	26.6
XP_011156805.1	XP_006562311.2	34.286	35	23	0	26	60	1096	1130	0.021	26.2
XP_011156805.1	XP_006562310.2	34.286	35	23	0	26	60	1096	1130	0.021	26.2
XP_011157038.1	XP_016771021.1	30.645	62	40	2	207	268	378	436	0.037	27.3
XP_011157038.1	XP_016771020.1	30.645	62	40	2	207	268	378	436	0.037	27.3
XP_011157039.1	XP_016771021.1	30.645	62	40	2	207	268	378	436	0.035	27.3
XP_011157039.1	XP_016771020.1	30.645	62	40	2	207	268	378	436	0.035	27.3
XP_011157040.1	XP_016771021.1	30.645	62	40	2	207	268	378	436	0.033	27.7
XP_011157040.1	XP_016771020.1	30.645	62	40	2	207	268	378	436	0.033	27.7
XP_011157041.1	XP_016771021.1	30.645	62	40	2	141	202	378	436	0.040	27.3
XP_011157041.1	XP_016771020.1	30.645	62	40	2	141	202	378	436	0.040	27.3
XP_011158184.1	XP_016771021.1	31.034	87	52	3	90	171	151	234	0.012	27.3
XP_011158184.1	XP_016771020.1	31.034	87	52	3	90	171	151	234	0.012	27.3
XP_011158231.1	XP_016771021.1	31.707	41	22	1	87	121	155	195	0.049	26.6
XP_011158231.1	XP_016771020.1	31.707	41	22	1	87	121	155	195	0.049	26.6
XP_011158520.1	XP_006562308.2	35.417	48	31	0	370	417	1826	1873	0.003	31.6
XP_011158520.1	XP_006562311.2	35.417	48	31	0	370	417	1628	1675	0.003	31.2
XP_011158520.1	XP_006562310.2	35.417	48	31	0	370	417	1628	1675	0.003	31.2
XP_011158520.1	XP_016771029.2	35.417	48	31	0	370	417	1426	1473	0.003	31.2
XP_011158520.1	XP_016771028.2	35.417	48	31	0	370	417	1490	1537	0.004	30.8
XP_011158729.1	XP_006562308.2	21.212	264	147	11	228	469	271	495	0.011	28.9
XP_011158729.1	XP_006562311.2	21.212	264	147	11	228	469	52	276	0.013	28.5
XP_011158729.1	XP_006562310.2	21.212	264	147	11	228	469	52	276	0.013	28.5
XP_011158730.1	XP_006562308.2	21.212	264	147	11	228	469	271	495	0.011	28.9
XP_011158730.1	XP_006562311.2	21.212	264	147	11	228	469	52	276	0.013	28.5
XP_011158730.1	XP_006562310.2	21.212	264	147	11	228	469	52	276	0.013	28.5
XP_011158905.2	XP_016771028.2	27.907	43	31	0	179	221	89	131	0.018	28.9
XP_011159136.1	XP_006562308.2	35.211	71	34	3	98	161	54	119	0.003	29.6
XP_011159138.1	XP_006562308.2	35.211	71	34	3	28	91	54	119	0.003	28.9
XP_011159139.1	XP_006562308.2	35.211	71	34	3	28	91	54	119	0.003	28.9
XP_011159188.1	XP_006562308.2	44.444	18	10	0	9	26	2173	2190	0.022	23.5
XP_011159188.1	XP_006562311.2	44.444	18	10	0	9	26	1975	1992	0.023	23.5
XP_011159188.1	XP_006562310.2	44.444	18	10	0	9	26	1975	1992	0.023	23.5
XP_011159188.1	XP_016771029.2	44.444	18	10	0	9	26	1773	1790	0.026	23.1
XP_011159188.1	XP_016771028.2	44.444	18	10	0	9	26	1837	1854	0.026	23.1
XP_011159263.1	XP_006562308.2	30.337	89	51	3	693	774	2132	2216	0.001	33.5
XP_011159263.1	XP_016771028.2	30.337	89	51	3	693	774	1796	1880	0.001	33.5
XP_011159263.1	XP_006562311.2	30.337	89	51	3	693	774	1934	2018	0.002	33.1
XP_011159263.1	XP_006562310.2	30.337	89	51	3	693	774	1934	2018	0.002	33.1
XP_011159263.1	XP_016771029.2	30.337	89	51	3	693	774	1732	1816	0.002	33.1
XP_011159274.1	XP_006562308.2	26.639	244	129	9	486	693	283	512	4.75e-19	83.6
XP_011159274.1	XP_006562311.2	26.639	244	129	9	486	693	64	293	5.43e-19	83.6
XP_011159274.1	XP_006562310.2	26.639	244	129	9	486	693	64	293	5.43e-19	83.6
XP_011159753.1	XP_006562308.2	28.846	104	68	2	81	181	1331	1431	0.023	27.7
XP_011159753.1	XP_006562311.2	28.846	104	68	2	81	181	1133	1233	0.033	26.9
XP_011159753.1	XP_006562310.2	28.846	104	68	2	81	181	1133	1233	0.033	26.9
XP_011160434.1	XP_016771021.1	28.846	52	37	0	36	87	591	642	0.039	26.2
XP_011160434.1	XP_016771020.1	28.846	52	37	0	36	87	591	642	0.039	26.2
XP_011160585.1	XP_006562308.2	34.247	73	39	1	246	309	1689	1761	0.006	28.9
XP_011160585.1	XP_006562311.2	34.247	73	39	1	246	309	1491	1563	0.006	28.9
XP_011160585.1	XP_006562310.2	34.247	73	39	1	246	309	1491	1563	0.006	28.9
XP_011160585.1	XP_016771028.2	34.247	73	39	1	246	309	1353	1425	0.007	28.5
XP_011160585.1	XP_016771029.2	34.247	73	39	1	246	309	1289	1361	0.008	28.5
XP_011160800.1	XP_016771021.1	36.473	499	299	9	274	763	13	502	2.17e-110	347
XP_011160800.1	XP_016771020.1	36.473	499	299	9	274	763	13	502	2.17e-110	347
XP_011160989.1	XP_006562308.2	28.358	67	42	1	531	591	53	119	0.024	28.1
XP_011161034.1	XP_016771021.1	27.103	107	57	3	1519	1604	264	370	0.040	29.3
XP_011161034.1	XP_016771020.1	27.103	107	57	3	1519	1604	264	370	0.040	29.3
XP_011161035.1	XP_016771021.1	27.103	107	57	3	1519	1604	264	370	0.040	29.3
XP_011161035.1	XP_016771020.1	27.103	107	57	3	1519	1604	264	370	0.040	29.3
XP_011161105.1	XP_016771029.2	33.333	78	41	5	309	380	570	642	0.030	26.9
XP_011161105.1	XP_016771028.2	33.333	78	41	5	309	380	634	706	0.035	26.6
XP_011161105.1	XP_006562311.2	33.333	78	41	5	309	380	772	844	0.039	26.6
XP_011161105.1	XP_006562310.2	33.333	78	41	5	309	380	772	844	0.039	26.6
XP_011161105.1	XP_006562308.2	33.333	78	41	5	309	380	970	1042	0.040	26.6
XP_011161112.1	XP_016771029.2	33.333	78	41	5	309	380	570	642	0.030	26.9
XP_011161112.1	XP_016771028.2	33.333	78	41	5	309	380	634	706	0.035	26.6
XP_011161112.1	XP_006562311.2	33.333	78	41	5	309	380	772	844	0.039	26.6
XP_011161112.1	XP_006562310.2	33.333	78	41	5	309	380	772	844	0.039	26.6
XP_011161112.1	XP_006562308.2	33.333	78	41	5	309	380	970	1042	0.040	26.6
XP_011161371.1	XP_006562308.2	34.286	35	23	0	185	219	463	497	0.008	29.6
XP_011161371.1	XP_006562311.2	34.286	35	23	0	185	219	244	278	0.009	29.3
XP_011161371.1	XP_006562310.2	34.286	35	23	0	185	219	244	278	0.009	29.3
XP_011161422.1	XP_006562308.2	22.069	145	94	5	403	530	347	489	8.04e-06	39.3
XP_011161422.1	XP_006562311.2	22.069	145	94	5	403	530	128	270	1.05e-05	38.9
XP_011161422.1	XP_006562310.2	22.069	145	94	5	403	530	128	270	1.05e-05	38.9
XP_011161550.1	XP_006562308.2	30.435	46	30	1	485	530	48	91	0.018	28.1
XP_011161910.1	XP_006562308.2	25.000	76	57	0	331	406	1883	1958	0.010	28.5
XP_011161910.1	XP_006562311.2	25.000	76	57	0	331	406	1685	1760	0.010	28.5
XP_011161910.1	XP_006562310.2	25.000	76	57	0	331	406	1685	1760	0.010	28.5
XP_011161910.1	XP_016771029.2	25.000	76	57	0	331	406	1483	1558	0.011	28.5
XP_011161910.1	XP_016771028.2	25.000	76	57	0	331	406	1547	1622	0.012	28.1
XP_011162083.1	XP_016771028.2	22.321	112	74	2	1020	1131	613	711	3.64e-04	35.4
XP_011162083.1	XP_016771029.2	22.321	112	74	2	1020	1131	549	647	3.85e-04	35.4
XP_011162083.1	XP_006562311.2	22.321	112	74	2	1020	1131	751	849	5.48e-04	34.7
XP_011162083.1	XP_006562310.2	22.321	112	74	2	1020	1131	751	849	5.48e-04	34.7
XP_011162083.1	XP_006562308.2	22.321	112	74	2	1020	1131	949	1047	6.41e-04	34.7
XP_011162213.1	XP_006562308.2	22.857	105	70	3	142	239	798	898	0.030	26.6
XP_011162213.1	XP_016771028.2	22.857	105	70	3	142	239	462	562	0.045	26.2
XP_011162417.1	XP_006562308.2	27.350	117	80	4	281	394	331	445	1.57e-04	35.8
XP_011162417.1	XP_006562311.2	27.350	117	80	4	281	394	112	226	2.05e-04	35.4
XP_011162417.1	XP_006562310.2	27.350	117	80	4	281	394	112	226	2.05e-04	35.4
XP_011162418.1	XP_006562308.2	27.350	117	80	4	267	380	331	445	1.47e-04	35.8
XP_011162418.1	XP_006562311.2	27.350	117	80	4	267	380	112	226	2.01e-04	35.4
XP_011162418.1	XP_006562310.2	27.350	117	80	4	267	380	112	226	2.01e-04	35.4
XP_011162579.1	XP_006562311.2	26.667	75	41	2	414	474	196	270	0.003	30.4
XP_011162579.1	XP_006562310.2	26.667	75	41	2	414	474	196	270	0.003	30.4
XP_011162579.1	XP_006562308.2	22.609	115	74	3	414	514	415	528	0.004	30.4
XP_011162653.1	XP_006562311.2	32.000	25	17	0	201	225	1963	1987	0.027	25.8
XP_011162653.1	XP_006562310.2	32.000	25	17	0	201	225	1963	1987	0.027	25.8
XP_011162653.1	XP_006562308.2	32.000	25	17	0	201	225	2161	2185	0.027	25.8
XP_011162653.1	XP_016771029.2	32.000	25	17	0	201	225	1761	1785	0.029	25.8
XP_011162653.1	XP_016771028.2	32.000	25	17	0	201	225	1825	1849	0.032	25.8
XP_011162664.1	XP_006562308.2	41.935	31	17	1	60	90	1666	1695	0.032	26.2
XP_011162664.1	XP_006562311.2	41.935	31	17	1	60	90	1468	1497	0.033	26.2
XP_011162664.1	XP_006562310.2	41.935	31	17	1	60	90	1468	1497	0.033	26.2
XP_011162664.1	XP_016771029.2	41.935	31	17	1	60	90	1266	1295	0.033	26.2
XP_011162664.1	XP_016771028.2	41.935	31	17	1	60	90	1330	1359	0.034	26.2
XP_011162665.1	XP_006562308.2	41.935	31	17	1	60	90	1666	1695	0.032	26.2
XP_011162665.1	XP_006562311.2	41.935	31	17	1	60	90	1468	1497	0.033	26.2
XP_011162665.1	XP_006562310.2	41.935	31	17	1	60	90	1468	1497	0.033	26.2
XP_011162665.1	XP_016771029.2	41.935	31	17	1	60	90	1266	1295	0.033	26.2
XP_011162665.1	XP_016771028.2	41.935	31	17	1	60	90	1330	1359	0.034	26.2
XP_011162687.1	XP_016771021.1	40.000	45	21	3	816	860	57	95	0.032	28.1
XP_011162687.1	XP_016771020.1	40.000	45	21	3	816	860	57	95	0.032	28.1
XP_011163173.1	XP_016771028.2	34.091	44	29	0	386	429	103	146	0.020	27.7
XP_011163419.2	XP_006562311.2	30.000	70	45	2	18	83	265	334	0.012	26.6
XP_011163419.2	XP_006562310.2	30.000	70	45	2	18	83	265	334	0.012	26.6
XP_011163419.2	XP_006562308.2	30.000	70	45	2	18	83	484	553	0.012	26.6
XP_011163419.2	XP_016771029.2	38.095	42	25	1	43	83	91	132	0.013	26.6
XP_011163475.1	XP_006562308.2	26.852	108	62	4	163	255	2066	2171	0.024	26.9
XP_011163611.1	XP_016771021.1	26.689	296	175	13	42	311	208	487	3.63e-17	73.2
XP_011163611.1	XP_016771020.1	26.689	296	175	13	42	311	208	487	3.63e-17	73.2
XP_011163860.1	XP_016771021.1	32.143	28	19	0	2	29	499	526	0.016	24.3
XP_011163860.1	XP_016771020.1	32.143	28	19	0	2	29	499	526	0.016	24.3
XP_011163861.1	XP_016771021.1	42.105	19	11	0	10	28	508	526	0.020	24.3
XP_011163861.1	XP_016771020.1	42.105	19	11	0	10	28	508	526	0.020	24.3
XP_011163928.1	XP_016771028.2	50.000	22	11	0	86	107	123	144	0.022	25.4
XP_011163955.2	XP_016771021.1	29.358	109	72	3	773	880	31	135	1.71e-09	52.0
XP_011163955.2	XP_016771021.1	28.205	78	50	2	610	685	68	141	1.06e-04	36.6
XP_011163955.2	XP_016771020.1	29.358	109	72	3	773	880	31	135	1.71e-09	52.0
XP_011163955.2	XP_016771020.1	28.205	78	50	2	610	685	68	141	1.06e-04	36.6
XP_011163956.2	XP_016771021.1	29.358	109	72	3	773	880	31	135	1.71e-09	52.0
XP_011163956.2	XP_016771021.1	28.205	78	50	2	610	685	68	141	1.06e-04	36.6
XP_011163956.2	XP_016771020.1	29.358	109	72	3	773	880	31	135	1.71e-09	52.0
XP_011163956.2	XP_016771020.1	28.205	78	50	2	610	685	68	141	1.06e-04	36.6
XP_011163957.2	XP_016771021.1	29.358	109	72	3	773	880	31	135	1.68e-09	52.0
XP_011163957.2	XP_016771021.1	28.205	78	50	2	610	685	68	141	1.46e-04	35.8
XP_011163957.2	XP_016771020.1	29.358	109	72	3	773	880	31	135	1.68e-09	52.0
XP_011163957.2	XP_016771020.1	28.205	78	50	2	610	685	68	141	1.46e-04	35.8
XP_011163994.1	XP_016771028.2	34.118	85	33	7	184	258	1593	1664	0.014	28.5
XP_011163994.1	XP_016771029.2	34.118	85	33	7	184	258	1529	1600	0.014	28.5
XP_011163994.1	XP_006562308.2	35.443	79	34	6	184	258	1935	2000	0.014	28.5
XP_011163994.1	XP_006562311.2	35.443	79	34	6	184	258	1737	1802	0.016	28.1
XP_011163994.1	XP_006562310.2	35.443	79	34	6	184	258	1737	1802	0.016	28.1
XP_011164006.1	XP_006562308.2	34.000	50	29	1	22	71	1019	1064	0.008	28.9
XP_011164006.1	XP_006562311.2	34.000	50	29	1	22	71	821	866	0.008	28.9
XP_011164006.1	XP_006562310.2	34.000	50	29	1	22	71	821	866	0.008	28.9
XP_011164006.1	XP_016771028.2	34.000	50	29	1	22	71	683	728	0.009	28.5
XP_011164006.1	XP_016771029.2	34.000	50	29	1	22	71	619	664	0.009	28.5
XP_011164292.1	XP_016771029.2	30.769	39	26	1	290	327	1206	1244	0.035	26.6
XP_011164292.1	XP_016771028.2	30.769	39	26	1	290	327	1270	1308	0.036	26.2
XP_011164292.1	XP_006562311.2	30.769	39	26	1	290	327	1408	1446	0.037	26.2
XP_011164292.1	XP_006562310.2	30.769	39	26	1	290	327	1408	1446	0.037	26.2
XP_011164292.1	XP_006562308.2	30.769	39	26	1	290	327	1606	1644	0.038	26.2
XP_011164501.1	XP_006562308.2	25.610	82	50	3	279	349	1878	1959	0.008	28.9
XP_011164501.1	XP_006562311.2	25.610	82	50	3	279	349	1680	1761	0.011	28.5
XP_011164501.1	XP_006562310.2	25.610	82	50	3	279	349	1680	1761	0.011	28.5
XP_011165377.1	XP_016771028.2	19.658	117	86	3	19	128	391	506	0.040	26.9
XP_011165377.1	XP_016771029.2	19.658	117	86	3	19	128	327	442	0.046	26.6
XP_011165378.1	XP_016771028.2	19.658	117	86	3	19	128	391	506	0.040	26.9
XP_011165378.1	XP_016771029.2	19.658	117	86	3	19	128	327	442	0.046	26.6
XP_011165381.1	XP_016771028.2	19.658	117	86	3	19	128	391	506	0.040	26.9
XP_011165381.1	XP_016771029.2	19.658	117	86	3	19	128	327	442	0.046	26.6
XP_011165383.1	XP_016771028.2	19.658	117	86	3	19	128	391	506	0.040	26.9
XP_011165383.1	XP_016771029.2	19.658	117	86	3	19	128	327	442	0.046	26.6
XP_011165873.1	XP_016771021.1	33.333	36	19	1	11	46	501	531	0.035	24.6
XP_011165873.1	XP_016771020.1	33.333	36	19	1	11	46	501	531	0.035	24.6
XP_011166065.1	XP_006562311.2	33.745	243	134	9	48	265	44	284	2.65e-30	112
XP_011166065.1	XP_006562310.2	33.745	243	134	9	48	265	44	284	2.65e-30	112
XP_011166065.1	XP_006562308.2	34.529	223	121	8	66	265	283	503	8.28e-30	111
XP_011166416.1	XP_016771028.2	52.381	21	10	0	406	426	130	150	0.029	26.9
XP_011166589.1	XP_016771028.2	25.688	109	52	5	45	129	55	158	0.001	31.6
XP_011166590.1	XP_016771028.2	25.688	109	52	5	45	129	55	158	0.001	31.6
XP_011166627.1	XP_006562308.2	22.383	277	188	8	372	622	283	558	3.15e-14	66.6
XP_011166627.1	XP_006562311.2	22.383	277	188	8	372	622	64	339	6.89e-14	65.5
XP_011166627.1	XP_006562310.2	22.383	277	188	8	372	622	64	339	6.89e-14	65.5
XP_011167123.1	XP_006562308.2	20.787	178	118	6	197	362	347	513	2.02e-04	33.9
XP_011167123.1	XP_006562311.2	20.787	178	118	6	197	362	128	294	2.83e-04	33.5
XP_011167123.1	XP_006562310.2	20.787	178	118	6	197	362	128	294	2.83e-04	33.5
XP_011167262.1	XP_016771021.1	33.983	462	278	11	49	496	41	489	2.34e-83	266
XP_011167262.1	XP_016771020.1	33.983	462	278	11	49	496	41	489	2.34e-83	266
XP_011167312.1	XP_006562308.2	36.170	47	27	2	291	336	2067	2111	0.028	27.7
XP_011167312.1	XP_006562311.2	36.170	47	27	2	291	336	1869	1913	0.030	27.3
XP_011167312.1	XP_006562310.2	36.170	47	27	2	291	336	1869	1913	0.030	27.3
XP_011167312.1	XP_016771028.2	36.170	47	27	2	291	336	1731	1775	0.035	27.3
XP_011167312.1	XP_016771029.2	36.170	47	27	2	291	336	1667	1711	0.036	27.3
XP_011167313.1	XP_006562308.2	36.170	47	27	2	291	336	2067	2111	0.028	27.7
XP_011167313.1	XP_006562311.2	36.170	47	27	2	291	336	1869	1913	0.030	27.3
XP_011167313.1	XP_006562310.2	36.170	47	27	2	291	336	1869	1913	0.030	27.3
XP_011167313.1	XP_016771028.2	36.170	47	27	2	291	336	1731	1775	0.035	27.3
XP_011167313.1	XP_016771029.2	36.170	47	27	2	291	336	1667	1711	0.036	27.3
XP_011167314.1	XP_006562308.2	36.170	47	27	2	291	336	2067	2111	0.028	27.7
XP_011167314.1	XP_006562311.2	36.170	47	27	2	291	336	1869	1913	0.030	27.3
XP_011167314.1	XP_006562310.2	36.170	47	27	2	291	336	1869	1913	0.030	27.3
XP_011167314.1	XP_016771028.2	36.170	47	27	2	291	336	1731	1775	0.035	27.3
XP_011167314.1	XP_016771029.2	36.170	47	27	2	291	336	1667	1711	0.036	27.3
XP_011167381.1	XP_016771029.2	40.000	30	18	0	72	101	1496	1525	0.023	26.6
XP_011167381.1	XP_016771028.2	47.619	21	11	0	81	101	1569	1589	0.023	26.6
XP_011167381.1	XP_006562308.2	47.619	21	11	0	81	101	1905	1925	0.028	26.2
XP_011167381.1	XP_006562311.2	40.000	30	18	0	72	101	1698	1727	0.028	26.2
XP_011167381.1	XP_006562310.2	40.000	30	18	0	72	101	1698	1727	0.028	26.2
XP_011167466.1	XP_006562308.2	28.302	265	156	10	681	920	272	527	2.55e-20	88.2
XP_011167466.1	XP_006562311.2	28.302	265	156	10	681	920	53	308	3.28e-20	87.8
XP_011167466.1	XP_006562310.2	28.302	265	156	10	681	920	53	308	3.28e-20	87.8
XP_011167467.1	XP_006562308.2	28.302	265	156	10	681	920	272	527	2.55e-20	88.2
XP_011167467.1	XP_006562311.2	28.302	265	156	10	681	920	53	308	3.28e-20	87.8
XP_011167467.1	XP_006562310.2	28.302	265	156	10	681	920	53	308	3.28e-20	87.8
XP_011167468.1	XP_006562308.2	28.302	265	156	10	634	873	272	527	3.11e-20	87.8
XP_011167468.1	XP_006562311.2	28.302	265	156	10	634	873	53	308	4.58e-20	87.0
XP_011167468.1	XP_006562310.2	28.302	265	156	10	634	873	53	308	4.58e-20	87.0
XP_011167469.1	XP_006562308.2	28.302	265	156	10	634	873	272	527	3.11e-20	87.8
XP_011167469.1	XP_006562311.2	28.302	265	156	10	634	873	53	308	4.58e-20	87.0
XP_011167469.1	XP_006562310.2	28.302	265	156	10	634	873	53	308	4.58e-20	87.0
XP_011167866.2	XP_006562311.2	22.642	106	81	1	202	306	240	345	4.46e-04	32.3
XP_011167866.2	XP_006562310.2	22.642	106	81	1	202	306	240	345	4.46e-04	32.3
XP_011167866.2	XP_006562308.2	22.642	106	81	1	202	306	459	564	4.68e-04	32.3
XP_011168263.1	XP_006562308.2	28.333	60	36	2	30	87	1848	1902	0.003	30.0
XP_011168263.1	XP_006562311.2	28.333	60	36	2	30	87	1650	1704	0.003	29.6
XP_011168263.1	XP_006562310.2	28.333	60	36	2	30	87	1650	1704	0.003	29.6
XP_011168263.1	XP_016771029.2	28.333	60	36	2	30	87	1448	1502	0.004	29.3
XP_011168263.1	XP_016771028.2	28.333	60	36	2	30	87	1512	1566	0.004	29.3
XP_011168607.1	XP_006562311.2	28.000	50	31	2	24	70	1350	1397	0.003	28.1
XP_011168607.1	XP_006562310.2	28.000	50	31	2	24	70	1350	1397	0.003	28.1
XP_011168607.1	XP_006562308.2	28.000	50	31	2	24	70	1548	1595	0.003	27.7
XP_011168607.1	XP_016771029.2	28.000	50	31	2	24	70	1148	1195	0.004	27.7
XP_011168607.1	XP_016771028.2	28.000	50	31	2	24	70	1212	1259	0.004	27.3
XP_011168901.2	XP_006562308.2	36.508	63	28	2	45	106	831	882	0.024	26.6
XP_011168901.2	XP_006562311.2	36.508	63	28	2	45	106	633	684	0.025	26.2
XP_011168901.2	XP_006562310.2	36.508	63	28	2	45	106	633	684	0.025	26.2
XP_011168901.2	XP_016771029.2	36.508	63	28	2	45	106	431	482	0.033	25.8
XP_011168901.2	XP_016771028.2	36.508	63	28	2	45	106	495	546	0.034	25.8
XP_011168968.1	XP_016771021.1	36.364	55	28	2	5	52	605	659	0.028	26.2
XP_011168968.1	XP_016771020.1	36.364	55	28	2	5	52	605	659	0.028	26.2
XP_011168970.1	XP_016771021.1	36.364	55	28	2	5	52	605	659	0.026	26.2
XP_011168970.1	XP_016771020.1	36.364	55	28	2	5	52	605	659	0.026	26.2
XP_011169480.1	XP_006562308.2	28.125	256	156	6	83	313	275	527	7.26e-18	76.3
XP_011169480.1	XP_006562311.2	27.344	256	158	5	83	313	56	308	1.97e-17	74.7
XP_011169480.1	XP_006562310.2	27.344	256	158	5	83	313	56	308	1.97e-17	74.7
XP_011170007.1	XP_006562308.2	38.710	31	18	1	77	107	66	95	0.036	27.3
XP_011170306.1	XP_006562308.2	30.000	80	53	2	7	86	1042	1118	4.52e-04	29.3
XP_011170306.1	XP_006562311.2	30.000	80	53	2	7	86	844	920	5.06e-04	28.9
XP_011170306.1	XP_006562310.2	30.000	80	53	2	7	86	844	920	5.06e-04	28.9
XP_011170306.1	XP_016771028.2	30.000	80	53	2	7	86	706	782	5.51e-04	28.9
XP_011170306.1	XP_016771029.2	30.000	80	53	2	7	86	642	718	7.14e-04	28.5
XP_011171319.2	XP_006562311.2	39.286	28	17	0	55	82	284	311	0.029	25.8
XP_011171319.2	XP_006562310.2	39.286	28	17	0	55	82	284	311	0.029	25.8
XP_011171319.2	XP_006562308.2	39.286	28	17	0	55	82	503	530	0.029	25.8
XP_011171427.1	XP_016771021.1	22.535	71	54	1	173	242	555	625	0.037	25.8
XP_011171427.1	XP_016771020.1	22.535	71	54	1	173	242	555	625	0.037	25.8
XP_011171510.2	XP_006562308.2	35.714	28	13	1	73	100	33	55	0.036	25.8
XP_011171598.1	XP_006562311.2	27.692	65	46	1	94	157	1409	1473	0.035	25.0
XP_011171598.1	XP_006562310.2	27.692	65	46	1	94	157	1409	1473	0.035	25.0
XP_011171598.1	XP_016771029.2	27.692	65	46	1	94	157	1207	1271	0.040	24.6
XP_011171598.1	XP_016771028.2	27.692	65	46	1	94	157	1271	1335	0.041	24.6
XP_011172282.1	XP_006562308.2	28.000	50	32	1	207	252	948	997	0.038	26.6
XP_011172282.1	XP_006562311.2	28.000	50	32	1	207	252	750	799	0.041	26.2
XP_011172282.1	XP_006562310.2	28.000	50	32	1	207	252	750	799	0.041	26.2
XP_011172362.1	XP_006562311.2	26.829	41	30	0	138	178	202	242	0.021	25.8
XP_011172362.1	XP_006562310.2	26.829	41	30	0	138	178	202	242	0.021	25.8
XP_011172362.1	XP_006562308.2	26.829	41	30	0	138	178	421	461	0.021	25.8
XP_011172802.1	XP_016771028.2	34.286	70	42	2	594	659	1319	1388	0.030	27.7
XP_011172802.1	XP_016771029.2	34.286	70	42	2	594	659	1255	1324	0.032	27.7
XP_011172802.1	XP_006562311.2	34.286	70	42	2	594	659	1457	1526	0.037	27.3
XP_011172802.1	XP_006562310.2	34.286	70	42	2	594	659	1457	1526	0.037	27.3
XP_011172802.1	XP_006562308.2	34.286	70	42	2	594	659	1655	1724	0.042	27.3
XP_011172961.1	XP_016771028.2	20.645	155	114	3	1353	1499	1019	1172	0.019	30.0
XP_011172961.1	XP_016771029.2	20.645	155	114	3	1353	1499	955	1108	0.025	29.6
XP_011172961.1	XP_006562311.2	20.645	155	114	3	1353	1499	1157	1310	0.046	28.9
XP_011172961.1	XP_006562310.2	20.645	155	114	3	1353	1499	1157	1310	0.046	28.9
XP_011172961.1	XP_006562308.2	20.645	155	114	3	1353	1499	1355	1508	0.048	28.9
XP_011173064.1	XP_006562308.2	30.508	59	40	1	134	191	348	406	0.008	27.7
XP_011173064.1	XP_006562311.2	30.508	59	40	1	134	191	129	187	0.008	27.7
XP_011173064.1	XP_006562310.2	30.508	59	40	1	134	191	129	187	0.008	27.7
XP_011173585.1	XP_006562308.2	23.188	138	82	4	1058	1195	1051	1164	0.033	28.9
XP_011173585.1	XP_006562311.2	25.243	103	68	3	1058	1160	853	946	0.034	28.9
XP_011173585.1	XP_006562310.2	25.243	103	68	3	1058	1160	853	946	0.034	28.9
XP_011173585.1	XP_016771028.2	25.243	103	68	3	1058	1160	715	808	0.042	28.5
XP_011173585.1	XP_016771029.2	25.243	103	68	3	1058	1160	651	744	0.043	28.5
XP_011173629.1	XP_006562308.2	35.294	85	45	3	241	315	699	783	0.044	27.7
XP_011173630.1	XP_006562308.2	35.294	85	45	3	241	315	699	783	0.044	27.7
XP_011173818.1	XP_016771021.1	52.174	23	10	1	20	41	368	390	0.009	26.6
XP_011173818.1	XP_016771020.1	52.174	23	10	1	20	41	368	390	0.009	26.6
XP_011173966.1	XP_006562311.2	28.333	60	40	1	149	208	30	86	0.048	25.4
XP_011173966.1	XP_006562310.2	28.333	60	40	1	149	208	30	86	0.048	25.4
XP_011173966.1	XP_006562308.2	28.333	60	40	1	149	208	249	305	0.048	25.4
XP_011173970.1	XP_006562311.2	28.333	60	40	1	149	208	30	86	0.048	25.4
XP_011173970.1	XP_006562310.2	28.333	60	40	1	149	208	30	86	0.048	25.4
XP_011173970.1	XP_006562308.2	28.333	60	40	1	149	208	249	305	0.048	25.4
XP_011174186.2	XP_016771028.2	42.000	50	25	2	13	59	1365	1413	6.94e-04	28.9
XP_011174186.2	XP_006562308.2	42.000	50	25	2	13	59	1701	1749	7.67e-04	28.9
XP_011174186.2	XP_016771029.2	42.000	50	25	2	13	59	1301	1349	7.93e-04	28.9
XP_011174186.2	XP_006562311.2	42.000	50	25	2	13	59	1503	1551	8.03e-04	28.9
XP_011174186.2	XP_006562310.2	42.000	50	25	2	13	59	1503	1551	8.03e-04	28.9
XP_011174421.2	XP_006562311.2	42.424	33	18	1	226	257	1437	1469	0.009	28.1
XP_011174421.2	XP_006562310.2	42.424	33	18	1	226	257	1437	1469	0.009	28.1
XP_011174421.2	XP_006562308.2	42.424	33	18	1	226	257	1635	1667	0.010	27.7
XP_011174421.2	XP_016771028.2	42.424	33	18	1	226	257	1299	1331	0.011	27.7
XP_011174421.2	XP_016771029.2	42.424	33	18	1	226	257	1235	1267	0.011	27.7
XP_011174456.2	XP_006562311.2	29.268	41	26	1	83	120	246	286	0.030	24.6
XP_011174456.2	XP_006562310.2	29.268	41	26	1	83	120	246	286	0.030	24.6
XP_011174456.2	XP_006562308.2	29.268	41	26	1	83	120	465	505	0.034	24.6
XP_011174502.1	XP_006562308.2	26.316	57	38	2	50	102	8	64	0.007	28.5
XP_011175122.1	XP_016771021.1	33.333	51	32	1	1652	1700	172	222	0.039	28.9
XP_011175122.1	XP_016771020.1	33.333	51	32	1	1652	1700	172	222	0.039	28.9
XP_011175306.1	XP_016771029.2	39.130	23	14	0	93	115	552	574	0.017	25.0
XP_011175306.1	XP_016771028.2	39.130	23	14	0	93	115	616	638	0.017	25.0
XP_011175306.1	XP_006562311.2	39.130	23	14	0	93	115	754	776	0.021	25.0
XP_011175306.1	XP_006562310.2	39.130	23	14	0	93	115	754	776	0.021	25.0
XP_011175306.1	XP_006562308.2	39.130	23	14	0	93	115	952	974	0.021	25.0
XP_011175314.1	XP_016771028.2	33.962	53	26	1	123	166	932	984	0.038	27.3
XP_011175314.1	XP_016771029.2	33.962	53	26	1	123	166	868	920	0.040	26.9
XP_011175314.1	XP_006562311.2	33.962	53	26	1	123	166	1070	1122	0.042	26.9
XP_011175314.1	XP_006562310.2	33.962	53	26	1	123	166	1070	1122	0.042	26.9
XP_011175314.1	XP_006562308.2	33.962	53	26	1	123	166	1268	1320	0.044	26.9
XP_011175315.1	XP_016771028.2	33.962	53	26	1	123	166	932	984	0.038	27.3
XP_011175315.1	XP_016771029.2	33.962	53	26	1	123	166	868	920	0.040	26.9
XP_011175315.1	XP_006562311.2	33.962	53	26	1	123	166	1070	1122	0.042	26.9
XP_011175315.1	XP_006562310.2	33.962	53	26	1	123	166	1070	1122	0.042	26.9
XP_011175315.1	XP_006562308.2	33.962	53	26	1	123	166	1268	1320	0.044	26.9
XP_011175714.1	XP_006562308.2	25.446	224	144	5	477	677	342	565	6.46e-13	62.8
XP_011175714.1	XP_006562311.2	25.561	223	143	5	477	676	123	345	1.15e-12	62.0
XP_011175714.1	XP_006562310.2	25.561	223	143	5	477	676	123	345	1.15e-12	62.0
XP_011175715.1	XP_006562308.2	25.446	224	144	5	477	677	342	565	6.50e-13	62.8
XP_011175715.1	XP_006562311.2	25.561	223	143	5	477	676	123	345	1.21e-12	62.0
XP_011175715.1	XP_006562310.2	25.561	223	143	5	477	676	123	345	1.21e-12	62.0
XP_011175829.1	XP_016771028.2	50.000	28	14	0	53	80	1347	1374	0.034	28.1
XP_011175829.1	XP_016771029.2	50.000	28	14	0	53	80	1283	1310	0.034	28.1
XP_011175829.1	XP_006562308.2	50.000	28	14	0	53	80	1683	1710	0.036	28.1
XP_011175829.1	XP_006562311.2	50.000	28	14	0	53	80	1485	1512	0.036	28.1
XP_011175829.1	XP_006562310.2	50.000	28	14	0	53	80	1485	1512	0.036	28.1
XP_011175856.1	XP_016771029.2	31.818	44	28	1	3	44	1201	1244	0.002	31.2
XP_011175856.1	XP_016771028.2	31.818	44	28	1	3	44	1265	1308	0.002	31.2
XP_011175856.1	XP_006562311.2	31.818	44	28	1	3	44	1403	1446	0.002	31.2
XP_011175856.1	XP_006562310.2	31.818	44	28	1	3	44	1403	1446	0.002	31.2
XP_011175856.1	XP_006562308.2	31.818	44	28	1	3	44	1601	1644	0.002	31.2
XP_011175857.1	XP_016771029.2	31.818	44	28	1	3	44	1201	1244	0.002	31.2
XP_011175857.1	XP_016771028.2	31.818	44	28	1	3	44	1265	1308	0.002	31.2
XP_011175857.1	XP_006562311.2	31.818	44	28	1	3	44	1403	1446	0.002	31.2
XP_011175857.1	XP_006562310.2	31.818	44	28	1	3	44	1403	1446	0.002	31.2
XP_011175857.1	XP_006562308.2	31.818	44	28	1	3	44	1601	1644	0.002	31.2
XP_011175933.1	XP_006562308.2	35.484	62	37	2	121	179	850	911	0.022	27.3
XP_011175933.1	XP_006562311.2	35.484	62	37	2	121	179	652	713	0.027	27.3
XP_011175933.1	XP_006562310.2	35.484	62	37	2	121	179	652	713	0.027	27.3
XP_011175933.1	XP_016771028.2	35.484	62	37	2	121	179	514	575	0.036	26.9
XP_011175933.1	XP_016771029.2	35.484	62	37	2	121	179	450	511	0.039	26.6
XP_011175940.1	XP_016771021.1	22.222	225	137	10	352	568	116	310	0.027	28.1
XP_011175940.1	XP_016771020.1	22.222	225	137	10	352	568	116	310	0.027	28.1
XP_011176150.1	XP_016771028.2	24.000	100	49	4	396	479	531	619	0.021	29.3
XP_011176150.1	XP_016771029.2	24.000	100	49	4	396	479	467	555	0.023	28.9
XP_011176150.1	XP_006562308.2	24.000	100	49	4	396	479	867	955	0.023	28.9
XP_011176150.1	XP_006562311.2	24.000	100	49	4	396	479	669	757	0.028	28.9
XP_011176150.1	XP_006562310.2	24.000	100	49	4	396	479	669	757	0.028	28.9
XP_011176151.1	XP_016771028.2	24.000	100	49	4	396	479	531	619	0.021	29.3
XP_011176151.1	XP_016771029.2	24.000	100	49	4	396	479	467	555	0.023	28.9
XP_011176151.1	XP_006562308.2	24.000	100	49	4	396	479	867	955	0.023	28.9
XP_011176151.1	XP_006562311.2	24.000	100	49	4	396	479	669	757	0.028	28.9
XP_011176151.1	XP_006562310.2	24.000	100	49	4	396	479	669	757	0.028	28.9
XP_011176202.1	XP_016771029.2	63.158	19	7	0	9	27	245	263	0.018	25.0
XP_011176202.1	XP_016771028.2	63.158	19	7	0	9	27	309	327	0.019	25.0
XP_011176202.1	XP_006562311.2	63.158	19	7	0	9	27	447	465	0.022	25.0
XP_011176202.1	XP_006562310.2	63.158	19	7	0	9	27	447	465	0.022	25.0
XP_025985752.1	XP_006562311.2	29.268	41	26	1	52	89	246	286	0.032	24.6
XP_025985752.1	XP_006562310.2	29.268	41	26	1	52	89	246	286	0.032	24.6
XP_025985752.1	XP_006562308.2	29.268	41	26	1	52	89	465	505	0.032	24.6
XP_025985754.1	XP_006562311.2	29.268	41	26	1	83	120	246	286	0.025	24.6
XP_025985754.1	XP_006562310.2	29.268	41	26	1	83	120	246	286	0.025	24.6
XP_025985754.1	XP_006562308.2	29.268	41	26	1	83	120	465	505	0.029	24.6
XP_025986154.1	XP_016771021.1	44.000	25	14	0	16	40	226	250	0.030	27.3
XP_025986154.1	XP_016771020.1	44.000	25	14	0	16	40	226	250	0.030	27.3
XP_025986387.1	XP_016771028.2	34.286	70	42	2	594	659	1319	1388	0.030	27.7
XP_025986387.1	XP_016771029.2	34.286	70	42	2	594	659	1255	1324	0.032	27.7
XP_025986387.1	XP_006562311.2	34.286	70	42	2	594	659	1457	1526	0.037	27.3
XP_025986387.1	XP_006562310.2	34.286	70	42	2	594	659	1457	1526	0.037	27.3
XP_025986387.1	XP_006562308.2	34.286	70	42	2	594	659	1655	1724	0.042	27.3
XP_025986388.1	XP_016771028.2	34.286	70	42	2	594	659	1319	1388	0.030	27.7
XP_025986388.1	XP_016771029.2	34.286	70	42	2	594	659	1255	1324	0.032	27.7
XP_025986388.1	XP_006562311.2	34.286	70	42	2	594	659	1457	1526	0.037	27.3
XP_025986388.1	XP_006562310.2	34.286	70	42	2	594	659	1457	1526	0.037	27.3
XP_025986388.1	XP_006562308.2	34.286	70	42	2	594	659	1655	1724	0.042	27.3
XP_025986455.1	XP_006562311.2	33.333	78	31	4	687	754	90	156	0.012	29.6
XP_025986455.1	XP_006562310.2	33.333	78	31	4	687	754	90	156	0.012	29.6
XP_025986455.1	XP_006562308.2	33.333	78	31	4	687	754	309	375	0.014	29.3
XP_025986715.1	NP_001011612.1	46.154	26	13	1	406	431	19	43	4.72e-04	30.0
XP_025986716.1	NP_001011612.1	46.154	26	13	1	406	431	19	43	4.71e-04	30.0
XP_025986865.1	XP_016771028.2	22.321	112	74	2	1020	1131	613	711	3.64e-04	35.4
XP_025986865.1	XP_016771029.2	22.321	112	74	2	1020	1131	549	647	3.85e-04	35.4
XP_025986865.1	XP_006562311.2	22.321	112	74	2	1020	1131	751	849	5.48e-04	34.7
XP_025986865.1	XP_006562310.2	22.321	112	74	2	1020	1131	751	849	5.48e-04	34.7
XP_025986865.1	XP_006562308.2	22.321	112	74	2	1020	1131	949	1047	6.41e-04	34.7
XP_025986867.1	XP_016771028.2	22.321	112	74	2	1020	1131	613	711	3.64e-04	35.4
XP_025986867.1	XP_016771029.2	22.321	112	74	2	1020	1131	549	647	3.85e-04	35.4
XP_025986867.1	XP_006562311.2	22.321	112	74	2	1020	1131	751	849	5.48e-04	34.7
XP_025986867.1	XP_006562310.2	22.321	112	74	2	1020	1131	751	849	5.48e-04	34.7
XP_025986867.1	XP_006562308.2	22.321	112	74	2	1020	1131	949	1047	6.41e-04	34.7
XP_025986868.1	XP_016771029.2	22.321	112	74	2	1020	1131	549	647	3.68e-04	35.4
XP_025986868.1	XP_016771028.2	22.321	112	74	2	1020	1131	613	711	3.78e-04	35.4
XP_025986868.1	XP_006562311.2	22.321	112	74	2	1020	1131	751	849	5.23e-04	34.7
XP_025986868.1	XP_006562310.2	22.321	112	74	2	1020	1131	751	849	5.23e-04	34.7
XP_025986868.1	XP_006562308.2	22.321	112	74	2	1020	1131	949	1047	6.32e-04	34.7
XP_025986869.1	XP_016771029.2	22.321	112	74	2	1020	1131	549	647	4.13e-04	35.0
XP_025986869.1	XP_016771028.2	22.321	112	74	2	1020	1131	613	711	4.28e-04	35.0
XP_025986869.1	XP_006562311.2	22.321	112	74	2	1020	1131	751	849	5.58e-04	34.7
XP_025986869.1	XP_006562310.2	22.321	112	74	2	1020	1131	751	849	5.58e-04	34.7
XP_025986869.1	XP_006562308.2	22.321	112	74	2	1020	1131	949	1047	6.59e-04	34.3
XP_025986962.1	XP_016771028.2	27.083	48	35	0	218	265	773	820	0.042	26.6
XP_025986962.1	XP_016771029.2	27.083	48	35	0	218	265	709	756	0.046	26.6
XP_025986962.1	XP_006562308.2	27.083	48	35	0	218	265	1109	1156	0.049	26.6
XP_025986962.1	XP_006562311.2	27.083	48	35	0	218	265	911	958	0.049	26.6
XP_025986962.1	XP_006562310.2	27.083	48	35	0	218	265	911	958	0.049	26.6
XP_025987040.1	XP_016771029.2	42.105	38	16	2	306	340	1163	1197	0.045	26.2
XP_025987190.1	XP_016771029.2	46.667	30	16	0	403	432	245	274	0.045	30.4
XP_025987190.1	XP_016771028.2	46.667	30	16	0	403	432	309	338	0.045	30.4
XP_025987191.1	XP_016771029.2	46.667	30	16	0	403	432	245	274	0.045	30.4
XP_025987191.1	XP_016771028.2	46.667	30	16	0	403	432	309	338	0.045	30.4
XP_025987241.1	XP_006562308.2	41.667	48	26	2	1654	1701	950	995	0.022	30.4
XP_025987241.1	XP_006562311.2	41.667	48	26	2	1654	1701	752	797	0.027	30.0
XP_025987241.1	XP_006562310.2	41.667	48	26	2	1654	1701	752	797	0.027	30.0
XP_025987241.1	XP_016771028.2	41.667	48	26	2	1654	1701	614	659	0.030	30.0
XP_025987241.1	XP_016771029.2	41.667	48	26	2	1654	1701	550	595	0.031	30.0
XP_025987242.1	XP_006562308.2	41.667	48	26	2	1654	1701	950	995	0.022	30.4
XP_025987242.1	XP_006562311.2	41.667	48	26	2	1654	1701	752	797	0.027	30.0
XP_025987242.1	XP_006562310.2	41.667	48	26	2	1654	1701	752	797	0.027	30.0
XP_025987242.1	XP_016771028.2	41.667	48	26	2	1654	1701	614	659	0.030	30.0
XP_025987242.1	XP_016771029.2	41.667	48	26	2	1654	1701	550	595	0.031	30.0
XP_025987243.1	XP_006562308.2	41.667	48	26	2	1654	1701	950	995	0.022	30.4
XP_025987243.1	XP_006562311.2	41.667	48	26	2	1654	1701	752	797	0.027	30.0
XP_025987243.1	XP_006562310.2	41.667	48	26	2	1654	1701	752	797	0.027	30.0
XP_025987243.1	XP_016771028.2	41.667	48	26	2	1654	1701	614	659	0.030	30.0
XP_025987243.1	XP_016771029.2	41.667	48	26	2	1654	1701	550	595	0.031	30.0
XP_025987244.1	XP_006562308.2	41.667	48	26	2	1654	1701	950	995	0.022	30.4
XP_025987244.1	XP_006562311.2	41.667	48	26	2	1654	1701	752	797	0.027	30.0
XP_025987244.1	XP_006562310.2	41.667	48	26	2	1654	1701	752	797	0.027	30.0
XP_025987244.1	XP_016771028.2	41.667	48	26	2	1654	1701	614	659	0.030	30.0
XP_025987244.1	XP_016771029.2	41.667	48	26	2	1654	1701	550	595	0.031	30.0
XP_025987245.1	XP_006562308.2	41.667	48	26	2	1654	1701	950	995	0.021	30.4
XP_025987245.1	XP_006562311.2	41.667	48	26	2	1654	1701	752	797	0.025	30.0
XP_025987245.1	XP_006562310.2	41.667	48	26	2	1654	1701	752	797	0.025	30.0
XP_025987245.1	XP_016771028.2	41.667	48	26	2	1654	1701	614	659	0.030	30.0
XP_025987245.1	XP_016771029.2	41.667	48	26	2	1654	1701	550	595	0.031	30.0
XP_025987385.1	XP_006562308.2	27.350	117	80	4	281	394	331	445	1.57e-04	35.8
XP_025987385.1	XP_006562311.2	27.350	117	80	4	281	394	112	226	2.05e-04	35.4
XP_025987385.1	XP_006562310.2	27.350	117	80	4	281	394	112	226	2.05e-04	35.4
XP_025987521.1	XP_006562308.2	41.935	31	17	1	60	90	1666	1695	0.032	26.2
XP_025987521.1	XP_006562311.2	41.935	31	17	1	60	90	1468	1497	0.033	26.2
XP_025987521.1	XP_006562310.2	41.935	31	17	1	60	90	1468	1497	0.033	26.2
XP_025987521.1	XP_016771029.2	41.935	31	17	1	60	90	1266	1295	0.033	26.2
XP_025987521.1	XP_016771028.2	41.935	31	17	1	60	90	1330	1359	0.034	26.2
XP_025987522.1	XP_006562308.2	41.935	31	17	1	60	90	1666	1695	0.032	26.2
XP_025987522.1	XP_006562311.2	41.935	31	17	1	60	90	1468	1497	0.033	26.2
XP_025987522.1	XP_006562310.2	41.935	31	17	1	60	90	1468	1497	0.033	26.2
XP_025987522.1	XP_016771029.2	41.935	31	17	1	60	90	1266	1295	0.033	26.2
XP_025987522.1	XP_016771028.2	41.935	31	17	1	60	90	1330	1359	0.034	26.2
XP_025987572.1	XP_006562308.2	23.188	138	82	4	1067	1204	1051	1164	0.031	29.3
XP_025987572.1	XP_006562311.2	23.188	138	82	4	1067	1204	853	966	0.035	28.9
XP_025987572.1	XP_006562310.2	23.188	138	82	4	1067	1204	853	966	0.035	28.9
XP_025987572.1	XP_016771029.2	25.243	103	68	3	1067	1169	651	744	0.041	28.5
XP_025987572.1	XP_016771028.2	25.243	103	68	3	1067	1169	715	808	0.042	28.5
XP_025987583.1	XP_016771029.2	24.324	111	75	3	234	338	1582	1689	4.22e-04	33.5
XP_025987583.1	XP_016771028.2	24.324	111	75	3	234	338	1646	1753	4.30e-04	33.5
XP_025987583.1	XP_006562311.2	24.324	111	75	3	234	338	1784	1891	5.43e-04	33.1
XP_025987583.1	XP_006562310.2	24.324	111	75	3	234	338	1784	1891	5.43e-04	33.1
XP_025987583.1	XP_006562308.2	24.324	111	75	3	234	338	1982	2089	6.15e-04	33.1
XP_025987601.1	XP_016771029.2	34.211	38	25	0	15	52	1740	1777	0.016	26.2
XP_025987601.1	XP_016771028.2	34.211	38	25	0	15	52	1804	1841	0.016	26.2
XP_025987601.1	XP_006562311.2	34.211	38	25	0	15	52	1942	1979	0.016	26.2
XP_025987601.1	XP_006562310.2	34.211	38	25	0	15	52	1942	1979	0.016	26.2
XP_025987601.1	XP_006562308.2	34.211	38	25	0	15	52	2140	2177	0.016	26.2
XP_025987839.1	XP_006562311.2	29.885	87	54	2	995	1074	421	507	0.007	30.8
XP_025987839.1	XP_006562310.2	29.885	87	54	2	995	1074	421	507	0.007	30.8
XP_025987839.1	XP_016771029.2	29.885	87	54	2	995	1074	219	305	0.011	30.0
XP_025987839.1	XP_016771028.2	29.885	87	54	2	995	1074	283	369	0.012	30.0
XP_025987840.1	XP_006562311.2	29.885	87	54	2	992	1071	421	507	0.007	30.8
XP_025987840.1	XP_006562310.2	29.885	87	54	2	992	1071	421	507	0.007	30.8
XP_025987840.1	XP_016771028.2	29.885	87	54	2	992	1071	283	369	0.012	30.0
XP_025987840.1	XP_016771029.2	29.885	87	54	2	992	1071	219	305	0.012	30.0
XP_025987841.1	XP_006562311.2	29.885	87	54	2	990	1069	421	507	0.007	30.8
XP_025987841.1	XP_006562310.2	29.885	87	54	2	990	1069	421	507	0.007	30.8
XP_025987841.1	XP_016771028.2	29.885	87	54	2	990	1069	283	369	0.012	30.0
XP_025987841.1	XP_016771029.2	29.885	87	54	2	990	1069	219	305	0.012	30.0
XP_025987842.1	XP_006562311.2	29.885	87	54	2	981	1060	421	507	0.007	30.8
XP_025987842.1	XP_006562310.2	29.885	87	54	2	981	1060	421	507	0.007	30.8
XP_025987842.1	XP_016771029.2	29.885	87	54	2	981	1060	219	305	0.012	30.0
XP_025987842.1	XP_016771028.2	29.885	87	54	2	981	1060	283	369	0.013	30.0
XP_025987844.1	XP_006562311.2	29.885	87	54	2	974	1053	421	507	0.008	30.8
XP_025987844.1	XP_006562310.2	29.885	87	54	2	974	1053	421	507	0.008	30.8
XP_025987844.1	XP_016771029.2	29.885	87	54	2	974	1053	219	305	0.012	30.0
XP_025987844.1	XP_016771028.2	29.885	87	54	2	974	1053	283	369	0.013	30.0
XP_025987845.1	XP_006562311.2	29.885	87	54	2	953	1032	421	507	0.007	30.8
XP_025987845.1	XP_006562310.2	29.885	87	54	2	953	1032	421	507	0.007	30.8
XP_025987845.1	XP_016771029.2	29.885	87	54	2	953	1032	219	305	0.012	30.0
XP_025987845.1	XP_016771028.2	29.885	87	54	2	953	1032	283	369	0.012	30.0
XP_025987846.1	XP_006562311.2	29.885	87	54	2	951	1030	421	507	0.008	30.4
XP_025987846.1	XP_006562310.2	29.885	87	54	2	951	1030	421	507	0.008	30.4
XP_025987846.1	XP_016771029.2	29.885	87	54	2	951	1030	219	305	0.015	29.6
XP_025987846.1	XP_016771028.2	29.885	87	54	2	951	1030	283	369	0.016	29.6
XP_025987847.1	XP_006562311.2	29.885	87	54	2	907	986	421	507	0.009	30.4
XP_025987847.1	XP_006562310.2	29.885	87	54	2	907	986	421	507	0.009	30.4
XP_025987847.1	XP_016771029.2	29.885	87	54	2	907	986	219	305	0.013	29.6
XP_025987847.1	XP_016771028.2	29.885	87	54	2	907	986	283	369	0.014	29.6
XP_025987848.1	XP_006562311.2	29.885	87	54	2	999	1078	421	507	0.008	30.8
XP_025987848.1	XP_006562310.2	29.885	87	54	2	999	1078	421	507	0.008	30.8
XP_025987848.1	XP_016771029.2	29.885	87	54	2	999	1078	219	305	0.012	30.0
XP_025987848.1	XP_016771028.2	29.885	87	54	2	999	1078	283	369	0.012	30.0
XP_025987956.1	XP_006562308.2	22.857	70	50	1	435	500	487	556	0.018	28.1
XP_025987956.1	XP_006562311.2	22.857	70	50	1	435	500	268	337	0.019	28.1
XP_025987956.1	XP_006562310.2	22.857	70	50	1	435	500	268	337	0.019	28.1
XP_025988069.1	XP_016771029.2	33.333	63	37	2	79	136	392	454	0.035	26.6
XP_025988069.1	XP_006562308.2	33.333	54	35	1	79	131	792	845	0.043	26.2
XP_025988069.1	XP_006562311.2	33.333	54	35	1	79	131	594	647	0.046	26.2
XP_025988069.1	XP_006562310.2	33.333	54	35	1	79	131	594	647	0.046	26.2
XP_025988301.1	XP_016771029.2	26.389	144	87	4	283	423	1169	1296	0.005	32.0
XP_025988301.1	XP_006562311.2	26.389	144	87	4	283	423	1371	1498	0.005	32.0
XP_025988301.1	XP_006562310.2	26.389	144	87	4	283	423	1371	1498	0.005	32.0
XP_025988301.1	XP_016771028.2	26.389	144	87	4	283	423	1233	1360	0.006	32.0
XP_025988301.1	XP_006562308.2	26.389	144	87	4	283	423	1569	1696	0.012	30.8
XP_025988363.1	XP_006562308.2	27.542	236	136	8	152	359	275	503	5.43e-19	82.8
XP_025988363.1	XP_006562311.2	27.542	236	136	8	152	359	56	284	8.24e-19	82.0
XP_025988363.1	XP_006562310.2	27.542	236	136	8	152	359	56	284	8.24e-19	82.0
XP_025988479.1	NP_001011611.2	28.571	28	20	0	207	234	14	41	0.046	23.9
XP_025988480.1	NP_001011611.2	28.571	28	20	0	206	233	14	41	0.046	23.9
XP_025988481.1	NP_001011611.2	28.571	28	20	0	178	205	14	41	0.044	23.9
XP_025988667.1	XP_016771029.2	47.619	21	11	0	109	129	1505	1525	0.025	26.6
XP_025988667.1	XP_016771028.2	47.619	21	11	0	109	129	1569	1589	0.025	26.6
XP_025988667.1	XP_006562308.2	47.619	21	11	0	109	129	1905	1925	0.028	26.6
XP_025988667.1	XP_006562311.2	40.000	30	18	0	100	129	1698	1727	0.030	26.6
XP_025988667.1	XP_006562310.2	40.000	30	18	0	100	129	1698	1727	0.030	26.6
XP_025988668.1	XP_016771028.2	47.619	21	11	0	64	84	1569	1589	0.020	26.6
XP_025988668.1	XP_016771029.2	47.619	21	11	0	64	84	1505	1525	0.020	26.6
XP_025988668.1	XP_006562308.2	47.619	21	11	0	64	84	1905	1925	0.025	26.2
XP_025988668.1	XP_006562311.2	47.619	21	11	0	64	84	1707	1727	0.026	26.2
XP_025988668.1	XP_006562310.2	47.619	21	11	0	64	84	1707	1727	0.026	26.2
XP_025988669.1	XP_016771028.2	47.619	21	11	0	64	84	1569	1589	0.020	26.6
XP_025988669.1	XP_016771029.2	47.619	21	11	0	64	84	1505	1525	0.020	26.6
XP_025988669.1	XP_006562308.2	47.619	21	11	0	64	84	1905	1925	0.025	26.2
XP_025988669.1	XP_006562311.2	47.619	21	11	0	64	84	1707	1727	0.026	26.2
XP_025988669.1	XP_006562310.2	47.619	21	11	0	64	84	1707	1727	0.026	26.2
XP_025988918.1	XP_016771029.2	50.000	28	14	0	53	80	1283	1310	0.035	28.1
XP_025988918.1	XP_016771028.2	50.000	28	14	0	53	80	1347	1374	0.036	28.1
XP_025988918.1	XP_006562311.2	50.000	28	14	0	53	80	1485	1512	0.037	28.1
XP_025988918.1	XP_006562310.2	50.000	28	14	0	53	80	1485	1512	0.037	28.1
XP_025988918.1	XP_006562308.2	50.000	28	14	0	53	80	1683	1710	0.038	28.1
XP_025989009.1	XP_016771028.2	40.741	27	16	0	54	80	630	656	0.011	25.4
XP_025989009.1	XP_006562311.2	40.741	27	16	0	54	80	768	794	0.011	25.4
XP_025989009.1	XP_006562310.2	40.741	27	16	0	54	80	768	794	0.011	25.4
XP_025989009.1	XP_006562308.2	40.741	27	16	0	54	80	966	992	0.012	25.4
XP_025989009.1	XP_016771029.2	40.741	27	16	0	54	80	566	592	0.012	25.4
XP_025989532.1	XP_016771029.2	23.364	107	78	2	28	130	456	562	0.011	28.9
XP_025989532.1	XP_016771028.2	23.364	107	78	2	28	130	520	626	0.011	28.9
XP_025989532.1	XP_006562311.2	23.364	107	78	2	28	130	658	764	0.011	28.9
XP_025989532.1	XP_006562310.2	23.364	107	78	2	28	130	658	764	0.011	28.9
XP_025989532.1	XP_006562308.2	23.364	107	78	2	28	130	856	962	0.011	28.9
XP_025989533.1	XP_016771029.2	23.364	107	78	2	10	112	456	562	0.011	28.9
XP_025989533.1	XP_016771028.2	23.364	107	78	2	10	112	520	626	0.011	28.9
XP_025989533.1	XP_006562311.2	23.364	107	78	2	10	112	658	764	0.011	28.9
XP_025989533.1	XP_006562310.2	23.364	107	78	2	10	112	658	764	0.011	28.9
XP_025989533.1	XP_006562308.2	23.364	107	78	2	10	112	856	962	0.011	28.9
XP_025989534.1	XP_016771029.2	23.364	107	78	2	10	112	456	562	0.011	28.9
XP_025989534.1	XP_016771028.2	23.364	107	78	2	10	112	520	626	0.011	28.9
XP_025989534.1	XP_006562311.2	23.364	107	78	2	10	112	658	764	0.011	28.9
XP_025989534.1	XP_006562310.2	23.364	107	78	2	10	112	658	764	0.011	28.9
XP_025989534.1	XP_006562308.2	23.364	107	78	2	10	112	856	962	0.011	28.9
XP_025989757.1	XP_006562308.2	48.387	31	16	0	82	112	1261	1291	0.017	28.1
XP_025989757.1	XP_006562311.2	46.875	32	17	0	82	113	1063	1094	0.043	26.9
XP_025989757.1	XP_006562310.2	46.875	32	17	0	82	113	1063	1094	0.043	26.9
XP_025989790.1	XP_006562308.2	25.446	224	144	5	477	677	342	565	6.46e-13	62.8
XP_025989790.1	XP_006562311.2	25.561	223	143	5	477	676	123	345	1.15e-12	62.0
XP_025989790.1	XP_006562310.2	25.561	223	143	5	477	676	123	345	1.15e-12	62.0
XP_025989793.1	NP_001011611.2	31.111	45	28	1	4	48	9	50	0.005	23.9
XP_025989795.1	NP_001011611.2	31.111	45	28	1	4	48	9	50	0.005	23.9
XP_025990333.1	XP_006562308.2	43.333	30	14	1	87	116	1713	1739	0.018	26.6
XP_025990333.1	XP_006562311.2	43.333	30	14	1	87	116	1515	1541	0.019	26.2
XP_025990333.1	XP_006562310.2	43.333	30	14	1	87	116	1515	1541	0.019	26.2
XP_025990333.1	XP_016771028.2	43.333	30	14	1	87	116	1377	1403	0.019	26.2
XP_025990333.1	XP_016771029.2	43.333	30	14	1	87	116	1313	1339	0.021	26.2
XP_025990389.1	XP_016771028.2	41.935	31	15	1	88	118	1376	1403	0.014	26.9
XP_025990389.1	XP_016771029.2	41.935	31	15	1	88	118	1312	1339	0.015	26.9
XP_025990389.1	XP_006562311.2	41.935	31	15	1	88	118	1514	1541	0.028	26.2
XP_025990389.1	XP_006562310.2	41.935	31	15	1	88	118	1514	1541	0.028	26.2
XP_025990389.1	XP_006562308.2	41.935	31	15	1	88	118	1712	1739	0.028	25.8
XP_025990454.1	XP_006562311.2	30.233	43	25	1	348	390	178	215	0.023	27.7
XP_025990454.1	XP_006562310.2	30.233	43	25	1	348	390	178	215	0.023	27.7
XP_025990454.1	XP_006562308.2	30.233	43	25	1	348	390	397	434	0.024	27.7
XP_025990456.1	XP_006562311.2	30.233	43	25	1	348	390	178	215	0.023	27.7
XP_025990456.1	XP_006562310.2	30.233	43	25	1	348	390	178	215	0.023	27.7
XP_025990456.1	XP_006562308.2	30.233	43	25	1	348	390	397	434	0.024	27.7
XP_025990468.1	XP_016771021.1	39.286	28	17	0	5	32	4	31	0.032	24.6
XP_025990468.1	XP_016771020.1	39.286	28	17	0	5	32	4	31	0.032	24.6
XP_025990521.1	XP_006562308.2	24.779	226	137	8	189	386	283	503	1.39e-12	62.0
XP_025990521.1	XP_006562311.2	24.779	226	137	8	189	386	64	284	2.66e-12	61.2
XP_025990521.1	XP_006562310.2	24.779	226	137	8	189	386	64	284	2.66e-12	61.2
XP_025990522.1	XP_006562308.2	24.779	226	137	8	189	386	283	503	1.39e-12	62.0
XP_025990522.1	XP_006562311.2	24.779	226	137	8	189	386	64	284	2.66e-12	61.2
XP_025990522.1	XP_006562310.2	24.779	226	137	8	189	386	64	284	2.66e-12	61.2
XP_025990523.1	XP_006562308.2	24.779	226	137	8	189	386	283	503	1.50e-12	62.0
XP_025990523.1	XP_006562311.2	24.779	226	137	8	189	386	64	284	3.05e-12	60.8
XP_025990523.1	XP_006562310.2	24.779	226	137	8	189	386	64	284	3.05e-12	60.8
XP_025990524.1	XP_006562308.2	25.664	226	135	8	142	339	283	503	9.27e-13	62.4
XP_025990524.1	XP_006562311.2	25.664	226	135	8	142	339	64	284	1.71e-12	61.6
XP_025990524.1	XP_006562310.2	25.664	226	135	8	142	339	64	284	1.71e-12	61.6
XP_025990525.1	XP_006562308.2	24.779	226	137	8	189	386	283	503	1.17e-12	62.0
XP_025990525.1	XP_006562311.2	24.779	226	137	8	189	386	64	284	1.79e-12	61.6
XP_025990525.1	XP_006562310.2	24.779	226	137	8	189	386	64	284	1.79e-12	61.6
XP_025990526.1	XP_006562308.2	24.779	226	137	8	189	386	283	503	1.10e-12	62.4
XP_025990526.1	XP_006562311.2	24.779	226	137	8	189	386	64	284	2.09e-12	61.2
XP_025990526.1	XP_006562310.2	24.779	226	137	8	189	386	64	284	2.09e-12	61.2
XP_025990527.1	XP_006562308.2	24.779	226	137	8	118	315	283	503	2.07e-12	61.2
XP_025990527.1	XP_006562311.2	24.779	226	137	8	118	315	64	284	3.71e-12	60.5
XP_025990527.1	XP_006562310.2	24.779	226	137	8	118	315	64	284	3.71e-12	60.5
XP_025990600.1	XP_006562311.2	39.286	28	17	0	55	82	284	311	0.029	25.8
XP_025990600.1	XP_006562310.2	39.286	28	17	0	55	82	284	311	0.029	25.8
XP_025990600.1	XP_006562308.2	39.286	28	17	0	55	82	503	530	0.029	25.8
XP_025990628.1	XP_006562311.2	46.875	32	13	3	62	93	1233	1260	0.027	24.3
XP_025990628.1	XP_006562310.2	46.875	32	13	3	62	93	1233	1260	0.027	24.3
XP_025990628.1	XP_006562308.2	46.875	32	13	3	62	93	1431	1458	0.027	24.3
XP_025990628.1	XP_016771029.2	46.875	32	13	3	62	93	1031	1058	0.029	23.9
XP_025990628.1	XP_016771028.2	46.875	32	13	3	62	93	1095	1122	0.032	23.9
XP_025990691.1	XP_016771021.1	27.103	107	57	3	1519	1604	264	370	0.040	29.3
XP_025990691.1	XP_016771020.1	27.103	107	57	3	1519	1604	264	370	0.040	29.3
XP_025990875.1	XP_006562311.2	29.268	41	29	0	57	97	1619	1659	0.016	27.3
XP_025990875.1	XP_006562310.2	29.268	41	29	0	57	97	1619	1659	0.016	27.3
XP_025990875.1	XP_006562308.2	29.268	41	29	0	57	97	1817	1857	0.016	27.3
XP_025990875.1	XP_016771029.2	29.268	41	29	0	57	97	1417	1457	0.019	27.3
XP_025990875.1	XP_016771028.2	29.268	41	29	0	57	97	1481	1521	0.024	26.9
XP_025991105.1	XP_016771029.2	32.692	52	35	0	189	240	896	947	0.048	26.6
XP_025991105.1	XP_016771028.2	32.692	52	35	0	189	240	960	1011	0.048	26.6
XP_025991105.1	XP_006562311.2	32.692	52	35	0	189	240	1098	1149	0.048	26.6
XP_025991105.1	XP_006562310.2	32.692	52	35	0	189	240	1098	1149	0.048	26.6
XP_025991105.1	XP_006562308.2	32.692	52	35	0	189	240	1296	1347	0.048	26.6
XP_025991190.1	XP_016771021.1	83.056	661	111	1	1	661	1	660	0.0	1170
XP_025991190.1	XP_016771020.1	83.056	661	111	1	1	661	1	660	0.0	1170
XP_025991197.1	XP_006562308.2	59.592	245	90	2	1	236	6	250	8.21e-86	269
XP_025991199.1	XP_006562311.2	61.457	2086	656	52	1	1963	1	2061	0.0	2202
XP_025991199.1	XP_006562310.2	61.457	2086	656	52	1	1963	1	2061	0.0	2202
XP_025991199.1	XP_006562308.2	60.379	2057	649	52	27	1963	249	2259	0.0	2118
XP_025991199.1	XP_016771029.2	56.382	1802	640	53	283	1963	83	1859	0.0	1618
XP_025991199.1	XP_016771028.2	55.493	1766	641	51	318	1963	183	1923	0.0	1547
XP_025991704.1	XP_016771021.1	37.500	40	24	1	529	567	277	316	0.017	28.5
XP_025991704.1	XP_016771020.1	37.500	40	24	1	529	567	277	316	0.017	28.5
XP_025992047.1	XP_006562308.2	26.829	82	51	2	391	463	1888	1969	0.043	27.3
XP_025992047.1	XP_006562311.2	26.829	82	51	2	391	463	1690	1771	0.046	26.9
XP_025992047.1	XP_006562310.2	26.829	82	51	2	391	463	1690	1771	0.046	26.9
XP_025992183.1	XP_006562311.2	28.947	76	49	2	531	601	367	442	0.007	30.8
XP_025992183.1	XP_006562310.2	28.947	76	49	2	531	601	367	442	0.007	30.8
XP_025992183.1	XP_016771029.2	28.947	76	49	2	531	601	165	240	0.010	30.0
XP_025992183.1	XP_016771028.2	28.947	76	49	2	531	601	229	304	0.013	30.0
XP_025992184.1	XP_006562311.2	28.947	76	49	2	531	601	367	442	0.007	30.8
XP_025992184.1	XP_006562310.2	28.947	76	49	2	531	601	367	442	0.007	30.8
XP_025992184.1	XP_016771029.2	28.947	76	49	2	531	601	165	240	0.009	30.4
XP_025992184.1	XP_016771028.2	28.947	76	49	2	531	601	229	304	0.013	29.6
XP_025992185.1	XP_006562311.2	28.947	76	49	2	531	601	367	442	0.007	30.8
XP_025992185.1	XP_006562310.2	28.947	76	49	2	531	601	367	442	0.007	30.8
XP_025992185.1	XP_016771029.2	28.947	76	49	2	531	601	165	240	0.010	30.4
XP_025992185.1	XP_016771028.2	28.947	76	49	2	531	601	229	304	0.013	29.6
XP_025992186.1	XP_006562311.2	28.947	76	49	2	531	601	367	442	0.006	30.8
XP_025992186.1	XP_006562310.2	28.947	76	49	2	531	601	367	442	0.006	30.8
XP_025992186.1	XP_016771029.2	28.947	76	49	2	531	601	165	240	0.009	30.4
XP_025992186.1	XP_016771028.2	28.947	76	49	2	531	601	229	304	0.013	29.6
XP_025992278.1	XP_016771028.2	25.275	91	56	2	11	91	1799	1887	1.27e-04	34.3
XP_025992278.1	XP_016771029.2	25.275	91	56	2	11	91	1735	1823	1.31e-04	34.3
XP_025992278.1	XP_006562308.2	25.275	91	56	2	11	91	2135	2223	1.42e-04	33.9
XP_025992278.1	XP_006562311.2	25.275	91	56	2	11	91	1937	2025	1.47e-04	33.9
XP_025992278.1	XP_006562310.2	25.275	91	56	2	11	91	1937	2025	1.47e-04	33.9
XP_025992731.1	XP_006562308.2	28.846	104	68	2	81	181	1331	1431	0.022	27.7
XP_025992731.1	XP_006562311.2	28.846	104	68	2	81	181	1133	1233	0.029	27.3
XP_025992731.1	XP_006562310.2	28.846	104	68	2	81	181	1133	1233	0.029	27.3
XP_025992732.1	XP_006562308.2	28.846	104	68	2	81	181	1331	1431	0.021	27.7
XP_025992732.1	XP_006562311.2	28.846	104	68	2	81	181	1133	1233	0.026	27.3
XP_025992732.1	XP_006562310.2	28.846	104	68	2	81	181	1133	1233	0.026	27.3
XP_025992758.1	XP_016771021.1	33.333	51	32	1	1654	1702	172	222	0.038	28.9
XP_025992758.1	XP_016771020.1	33.333	51	32	1	1654	1702	172	222	0.038	28.9
XP_025992795.1	XP_016771028.2	56.000	25	11	0	520	544	432	456	0.034	27.3
XP_025992795.1	XP_016771029.2	56.000	25	11	0	520	544	368	392	0.038	26.9
XP_025992795.1	XP_006562311.2	56.000	25	11	0	520	544	570	594	0.042	26.9
XP_025992795.1	XP_006562310.2	56.000	25	11	0	520	544	570	594	0.042	26.9
XP_025992795.1	XP_006562308.2	56.000	25	11	0	520	544	768	792	0.045	26.9
XP_025992886.1	XP_016771028.2	25.688	109	52	5	45	129	55	158	0.001	31.6
XP_025993422.1	XP_016771021.1	52.632	19	9	0	41	59	308	326	0.012	24.3
XP_025993422.1	XP_016771020.1	52.632	19	9	0	41	59	308	326	0.012	24.3
XP_025993423.1	XP_016771021.1	52.632	19	9	0	41	59	308	326	0.012	24.3
XP_025993423.1	XP_016771020.1	52.632	19	9	0	41	59	308	326	0.012	24.3
XP_025993424.1	XP_016771021.1	52.632	19	9	0	41	59	308	326	0.012	24.3
XP_025993424.1	XP_016771020.1	52.632	19	9	0	41	59	308	326	0.012	24.3
XP_025993425.1	XP_016771021.1	52.632	19	9	0	41	59	308	326	0.012	24.3
XP_025993425.1	XP_016771020.1	52.632	19	9	0	41	59	308	326	0.012	24.3
XP_025993530.1	XP_016771028.2	19.658	117	86	3	19	128	391	506	0.040	26.9
XP_025993530.1	XP_016771029.2	19.658	117	86	3	19	128	327	442	0.046	26.6
XP_025993552.1	XP_006562308.2	35.211	71	34	3	28	91	54	119	0.003	28.9
XP_025993781.1	NP_001011612.1	50.000	20	10	0	1	20	5	24	0.005	24.6
XP_025994009.1	XP_016771028.2	22.374	219	118	9	236	424	234	430	0.033	26.9
XP_025994009.1	XP_006562311.2	22.374	219	118	9	236	424	372	568	0.034	26.9
XP_025994009.1	XP_006562310.2	22.374	219	118	9	236	424	372	568	0.034	26.9
XP_025994009.1	XP_016771029.2	28.916	83	50	4	347	424	288	366	0.038	26.9
XP_025994011.1	XP_016771028.2	22.477	218	118	9	236	423	234	430	0.028	27.3
XP_025994011.1	XP_006562311.2	22.477	218	118	9	236	423	372	568	0.030	27.3
XP_025994011.1	XP_006562310.2	22.477	218	118	9	236	423	372	568	0.030	27.3
XP_025994011.1	XP_016771029.2	29.268	82	50	4	347	423	288	366	0.033	26.9
XP_025994012.1	XP_016771029.2	29.310	58	34	2	347	401	288	341	0.041	26.6
XP_025994012.1	XP_016771028.2	29.310	58	34	2	347	401	352	405	0.041	26.6
XP_025994013.1	XP_016771028.2	29.825	57	34	2	347	400	352	405	0.034	26.9
XP_025994013.1	XP_016771029.2	29.825	57	34	2	347	400	288	341	0.036	26.9
XP_025994013.1	XP_006562311.2	21.762	193	102	7	236	400	372	543	0.049	26.6
XP_025994013.1	XP_006562310.2	21.762	193	102	7	236	400	372	543	0.049	26.6
XP_025994596.1	XP_006562311.2	41.463	41	23	1	767	806	52	92	0.003	31.6
XP_025994596.1	XP_006562310.2	41.463	41	23	1	767	806	52	92	0.003	31.6
XP_025994596.1	XP_006562308.2	41.463	41	23	1	767	806	271	311	0.003	31.6
XP_025994796.1	XP_006562308.2	27.556	225	132	8	585	782	283	503	8.47e-15	69.7
XP_025994796.1	XP_006562311.2	27.556	225	132	8	585	782	64	284	1.09e-14	69.3
XP_025994796.1	XP_006562310.2	27.556	225	132	8	585	782	64	284	1.09e-14	69.3
XP_025994797.1	XP_006562308.2	27.556	225	132	8	569	766	283	503	7.82e-15	69.7
XP_025994797.1	XP_006562311.2	27.556	225	132	8	569	766	64	284	1.05e-14	69.3
XP_025994797.1	XP_006562310.2	27.556	225	132	8	569	766	64	284	1.05e-14	69.3
XP_025995045.1	XP_016771029.2	31.250	80	51	3	455	531	13	91	0.033	27.7
XP_025995046.1	XP_016771029.2	31.250	80	51	3	455	531	13	91	0.033	27.7
XP_025995047.1	XP_016771029.2	31.250	80	51	3	447	523	13	91	0.032	27.7
XP_025995945.1	XP_006562308.2	22.892	249	158	9	485	717	282	512	3.20e-07	44.3
XP_025995945.1	XP_006562311.2	22.892	249	158	9	485	717	63	293	4.06e-07	43.9
XP_025995945.1	XP_006562310.2	22.892	249	158	9	485	717	63	293	4.06e-07	43.9
XP_025996040.1	XP_006562308.2	20.787	178	118	6	198	363	347	513	2.09e-04	33.9
XP_025996040.1	XP_006562311.2	20.787	178	118	6	198	363	128	294	2.74e-04	33.5
XP_025996040.1	XP_006562310.2	20.787	178	118	6	198	363	128	294	2.74e-04	33.5
XP_025996051.1	XP_006562311.2	25.000	268	172	7	92	336	56	317	1.29e-19	83.6
XP_025996051.1	XP_006562310.2	25.000	268	172	7	92	336	56	317	1.29e-19	83.6
XP_025996051.1	XP_006562308.2	25.000	268	172	7	92	336	275	536	1.32e-19	83.6
XP_025996109.1	NP_001011612.1	53.846	13	6	0	257	269	33	45	0.035	24.3
XP_025996110.1	NP_001011612.1	53.846	13	6	0	257	269	33	45	0.035	24.3
XP_025996417.1	XP_016771028.2	27.536	69	38	3	49	116	716	773	0.039	24.3
XP_025996417.1	XP_016771029.2	27.536	69	38	3	49	116	652	709	0.041	23.9
XP_025996417.1	XP_006562311.2	27.536	69	38	3	49	116	854	911	0.044	23.9
XP_025996417.1	XP_006562310.2	27.536	69	38	3	49	116	854	911	0.044	23.9
XP_025996417.1	XP_006562308.2	27.536	69	38	3	49	116	1052	1109	0.045	23.9
XP_025996578.1	XP_006562311.2	38.182	55	32	2	18	71	633	686	0.031	25.8
XP_025996578.1	XP_006562310.2	38.182	55	32	2	18	71	633	686	0.031	25.8
XP_025996578.1	XP_006562308.2	38.182	55	32	2	18	71	831	884	0.033	25.8
XP_025996766.1	XP_016771028.2	31.746	63	38	2	83	145	541	598	0.017	28.9
XP_025996766.1	XP_016771029.2	31.746	63	38	2	83	145	477	534	0.018	28.5
XP_025996766.1	XP_006562308.2	31.746	63	38	2	83	145	877	934	0.019	28.5
XP_025996766.1	XP_006562311.2	31.746	63	38	2	83	145	679	736	0.021	28.5
XP_025996766.1	XP_006562310.2	31.746	63	38	2	83	145	679	736	0.021	28.5
XP_025996955.1	XP_006562308.2	28.070	57	39	1	4	58	1312	1368	0.029	24.3
XP_025996955.1	XP_006562311.2	28.070	57	39	1	4	58	1114	1170	0.033	24.3
XP_025996955.1	XP_006562310.2	28.070	57	39	1	4	58	1114	1170	0.033	24.3
XP_025996955.1	XP_016771029.2	28.070	57	39	1	4	58	912	968	0.043	23.9
XP_025996955.1	XP_016771028.2	28.070	57	39	1	4	58	976	1032	0.050	23.5
XP_025997053.1	XP_016771028.2	34.375	32	19	1	93	122	1410	1441	0.045	24.3
XP_025997053.1	XP_006562308.2	34.375	32	19	1	93	122	1746	1777	0.047	24.3
XP_025997053.1	XP_016771029.2	34.375	32	19	1	93	122	1346	1377	0.047	24.3
XP_025997053.1	XP_006562311.2	34.375	32	19	1	93	122	1548	1579	0.050	23.9
XP_025997053.1	XP_006562310.2	34.375	32	19	1	93	122	1548	1579	0.050	23.9
XP_025997339.1	XP_006562311.2	30.909	55	38	0	18	72	1829	1883	0.039	23.5
XP_025997339.1	XP_006562310.2	30.909	55	38	0	18	72	1829	1883	0.039	23.5
XP_025997339.1	XP_006562308.2	30.909	55	38	0	18	72	2027	2081	0.041	23.5
XP_025997339.1	XP_016771029.2	30.909	55	38	0	18	72	1627	1681	0.044	23.1
XP_025997339.1	XP_016771028.2	30.909	55	38	0	18	72	1691	1745	0.047	23.1
XP_025997378.1	XP_006562308.2	34.211	38	25	0	4	41	828	865	0.025	24.6
XP_025997378.1	XP_006562311.2	34.211	38	25	0	4	41	630	667	0.027	24.6
XP_025997378.1	XP_006562310.2	34.211	38	25	0	4	41	630	667	0.027	24.6
XP_025997378.1	XP_016771028.2	34.211	38	25	0	4	41	492	529	0.037	24.3
XP_025997378.1	XP_016771029.2	34.211	38	25	0	4	41	428	465	0.041	24.3
XP_025997774.1	XP_016771029.2	42.857	21	12	0	134	154	1734	1754	0.034	24.6
XP_025997774.1	XP_016771028.2	42.857	21	12	0	134	154	1798	1818	0.034	24.6
XP_025997774.1	XP_006562311.2	42.857	21	12	0	134	154	1936	1956	0.035	24.6
XP_025997774.1	XP_006562310.2	42.857	21	12	0	134	154	1936	1956	0.035	24.6
XP_025997774.1	XP_006562308.2	42.857	21	12	0	134	154	2134	2154	0.035	24.6
XP_025997882.1	XP_006562308.2	42.424	33	18	1	128	159	1635	1667	0.010	26.9
XP_025997882.1	XP_006562311.2	42.424	33	18	1	128	159	1437	1469	0.010	26.9
XP_025997882.1	XP_006562310.2	42.424	33	18	1	128	159	1437	1469	0.010	26.9
XP_025997882.1	XP_016771028.2	42.424	33	18	1	128	159	1299	1331	0.012	26.9
XP_025997882.1	XP_016771029.2	42.424	33	18	1	128	159	1235	1267	0.013	26.6
XP_025997912.1	NP_001011612.1	30.303	33	23	0	38	70	5	37	0.040	21.9
XP_025997966.1	XP_016771028.2	28.986	69	42	3	279	346	1285	1347	0.020	27.3
