XP_035717658.1	XP_006562308.2	21.429	252	139	11	246	477	283	495	0.004	30.0
XP_035717658.1	XP_006562311.2	21.429	252	139	11	246	477	64	276	0.004	30.0
XP_035717658.1	XP_006562310.2	21.429	252	139	11	246	477	64	276	0.004	30.0
XP_035717659.1	XP_006562308.2	21.429	252	139	11	246	477	283	495	0.004	30.0
XP_035717659.1	XP_006562311.2	21.429	252	139	11	246	477	64	276	0.004	30.0
XP_035717659.1	XP_006562310.2	21.429	252	139	11	246	477	64	276	0.004	30.0
XP_035717661.1	XP_006562308.2	21.429	252	139	11	246	477	283	495	0.004	30.0
XP_035717661.1	XP_006562311.2	21.429	252	139	11	246	477	64	276	0.004	30.0
XP_035717661.1	XP_006562310.2	21.429	252	139	11	246	477	64	276	0.004	30.0
XP_035717662.1	XP_006562308.2	21.429	252	139	11	203	434	283	495	0.007	29.3
XP_035717662.1	XP_006562311.2	21.429	252	139	11	203	434	64	276	0.008	28.9
XP_035717662.1	XP_006562310.2	21.429	252	139	11	203	434	64	276	0.008	28.9
XP_035717736.1	XP_016771029.2	30.769	78	51	3	453	529	13	88	0.018	28.9
XP_035717736.1	XP_016771028.2	30.000	80	53	3	453	531	13	90	0.024	28.5
XP_035717737.1	XP_016771029.2	30.769	78	51	3	453	529	13	88	0.018	28.9
XP_035717737.1	XP_016771028.2	30.000	80	53	3	453	531	13	90	0.024	28.5
XP_035717738.1	XP_016771029.2	30.769	78	51	3	453	529	13	88	0.018	28.9
XP_035717738.1	XP_016771028.2	30.000	80	53	3	453	531	13	90	0.024	28.5
XP_035717739.1	XP_016771029.2	30.769	78	51	3	453	529	13	88	0.018	28.9
XP_035717739.1	XP_016771028.2	30.000	80	53	3	453	531	13	90	0.024	28.5
XP_035717740.1	XP_016771029.2	30.769	78	51	3	453	529	13	88	0.018	28.9
XP_035717740.1	XP_016771028.2	30.000	80	53	3	453	531	13	90	0.024	28.5
XP_035717741.1	XP_016771029.2	30.769	78	51	3	453	529	13	88	0.018	28.9
XP_035717741.1	XP_016771028.2	30.000	80	53	3	453	531	13	90	0.024	28.5
XP_035717742.1	XP_016771029.2	30.769	78	51	3	453	529	13	88	0.018	28.9
XP_035717742.1	XP_016771028.2	30.000	80	53	3	453	531	13	90	0.024	28.5
XP_035717743.1	XP_016771029.2	30.769	78	51	3	453	529	13	88	0.018	28.9
XP_035717743.1	XP_016771028.2	30.000	80	53	3	453	531	13	90	0.024	28.5
XP_035717744.1	XP_016771029.2	30.769	78	51	3	453	529	13	88	0.018	28.9
XP_035717744.1	XP_016771028.2	30.000	80	53	3	453	531	13	90	0.024	28.5
XP_035717745.1	XP_016771029.2	30.769	78	51	3	453	529	13	88	0.018	28.9
XP_035717745.1	XP_016771028.2	30.000	80	53	3	453	531	13	90	0.024	28.5
XP_035717746.1	XP_016771029.2	30.769	78	51	3	453	529	13	88	0.018	28.9
XP_035717746.1	XP_016771028.2	30.000	80	53	3	453	531	13	90	0.024	28.5
XP_035717747.1	XP_016771029.2	30.769	78	51	3	453	529	13	88	0.018	28.9
XP_035717747.1	XP_016771028.2	30.000	80	53	3	453	531	13	90	0.024	28.5
XP_035717894.1	XP_006562311.2	23.596	89	50	1	201	271	191	279	0.005	30.0
XP_035717894.1	XP_006562310.2	23.596	89	50	1	201	271	191	279	0.005	30.0
XP_035717894.1	XP_006562308.2	25.253	99	55	2	192	271	400	498	0.025	27.7
XP_035718013.1	XP_006562308.2	27.027	74	34	2	190	246	433	503	0.019	26.9
XP_035718013.1	XP_006562311.2	27.027	74	34	2	190	246	214	284	0.023	26.6
XP_035718013.1	XP_006562310.2	27.027	74	34	2	190	246	214	284	0.023	26.6
XP_035718322.1	XP_006562308.2	25.773	97	68	1	493	589	1043	1135	0.041	27.3
XP_035718451.1	XP_006562308.2	23.741	139	93	5	2	130	657	792	0.043	27.7
XP_035718452.1	XP_006562308.2	23.741	139	93	5	2	130	657	792	0.043	27.7
XP_035718453.1	XP_006562308.2	23.741	139	93	5	2	130	657	792	0.043	27.7
XP_035718594.1	XP_006562311.2	36.585	41	25	1	106	146	1333	1372	0.042	24.6
XP_035718594.1	XP_006562310.2	36.585	41	25	1	106	146	1333	1372	0.042	24.6
XP_035718594.1	XP_016771029.2	36.585	41	25	1	106	146	1131	1170	0.047	24.3
XP_035718594.1	XP_006562308.2	34.091	44	28	1	106	149	1531	1573	0.048	24.3
XP_035718594.1	XP_016771028.2	36.585	41	25	1	106	146	1195	1234	0.049	24.3
XP_035718673.1	XP_006562308.2	22.018	218	145	6	204	400	606	819	0.032	27.3
XP_035718674.1	XP_006562308.2	22.018	218	145	6	204	400	606	819	0.032	27.3
XP_035718971.1	XP_006562311.2	27.778	72	49	1	278	349	432	500	8.32e-04	32.7
XP_035718971.1	XP_006562310.2	27.778	72	49	1	278	349	432	500	8.32e-04	32.7
XP_035718971.1	XP_016771028.2	27.778	72	49	1	278	349	294	362	0.024	28.1
XP_035718971.1	XP_016771029.2	27.778	72	49	1	278	349	230	298	0.028	27.7
XP_035719019.1	XP_006562311.2	23.377	77	59	0	345	421	463	539	0.040	27.3
XP_035719019.1	XP_006562310.2	23.377	77	59	0	345	421	463	539	0.040	27.3
XP_035719157.1	XP_016771028.2	28.000	50	36	0	199	248	67	116	0.031	28.1
XP_035719360.1	XP_006562308.2	25.902	305	170	10	152	428	276	552	5.13e-20	85.9
XP_035719360.1	XP_006562311.2	25.902	305	170	10	152	428	57	333	8.69e-20	85.1
XP_035719360.1	XP_006562310.2	25.902	305	170	10	152	428	57	333	8.69e-20	85.1
XP_035719361.1	XP_006562308.2	28.311	219	120	5	144	346	355	552	2.24e-19	83.6
XP_035719361.1	XP_006562311.2	28.311	219	120	5	144	346	136	333	3.30e-19	83.2
XP_035719361.1	XP_006562310.2	28.311	219	120	5	144	346	136	333	3.30e-19	83.2
XP_035719465.1	XP_006562311.2	27.869	61	41	1	17	77	878	935	0.027	26.2
XP_035719465.1	XP_006562310.2	27.869	61	41	1	17	77	878	935	0.027	26.2
XP_035719465.1	XP_006562308.2	27.869	61	41	1	17	77	1076	1133	0.030	26.2
XP_035719507.1	NP_001011611.2	28.571	28	20	0	216	243	14	41	0.034	24.3
XP_035719509.1	NP_001011611.2	28.571	28	20	0	216	243	14	41	0.034	24.3
XP_035719510.1	NP_001011611.2	28.571	28	20	0	216	243	14	41	0.034	24.3
XP_035719511.1	NP_001011611.2	28.571	28	20	0	214	241	14	41	0.034	24.3
XP_035719605.1	XP_006562308.2	35.185	54	34	1	20	72	634	687	0.013	29.6
XP_035719606.1	XP_006562308.2	35.185	54	34	1	20	72	634	687	0.013	29.6
XP_035719607.1	XP_006562308.2	35.185	54	34	1	20	72	634	687	0.013	29.6
XP_035719608.1	XP_006562308.2	35.185	54	34	1	20	72	634	687	0.013	29.6
XP_035719656.1	XP_006562311.2	23.750	80	48	3	371	442	847	921	0.024	27.7
XP_035719656.1	XP_006562310.2	23.750	80	48	3	371	442	847	921	0.024	27.7
XP_035719656.1	XP_006562308.2	23.750	80	48	3	371	442	1045	1119	0.026	27.7
XP_035719666.1	XP_006562311.2	23.750	80	48	3	371	442	847	921	0.024	27.7
XP_035719666.1	XP_006562310.2	23.750	80	48	3	371	442	847	921	0.024	27.7
XP_035719666.1	XP_006562308.2	23.750	80	48	3	371	442	1045	1119	0.026	27.7
XP_035719675.1	XP_006562311.2	23.750	80	48	3	371	442	847	921	0.024	27.7
XP_035719675.1	XP_006562310.2	23.750	80	48	3	371	442	847	921	0.024	27.7
XP_035719675.1	XP_006562308.2	23.750	80	48	3	371	442	1045	1119	0.026	27.7
XP_035719686.1	XP_006562311.2	32.035	231	134	6	77	285	64	293	9.50e-31	114
XP_035719686.1	XP_006562311.2	29.268	41	29	0	303	343	45	85	0.020	27.3
XP_035719686.1	XP_006562310.2	32.035	231	134	6	77	285	64	293	9.50e-31	114
XP_035719686.1	XP_006562310.2	29.268	41	29	0	303	343	45	85	0.020	27.3
XP_035719686.1	XP_006562308.2	33.937	221	125	6	77	276	283	503	7.49e-30	111
XP_035719686.1	XP_006562308.2	22.449	196	129	7	158	343	122	304	0.022	26.9
XP_035719687.1	XP_006562311.2	32.035	231	134	6	66	274	64	293	8.05e-31	114
XP_035719687.1	XP_006562311.2	29.268	41	29	0	292	332	45	85	0.019	27.3
XP_035719687.1	XP_006562310.2	32.035	231	134	6	66	274	64	293	8.05e-31	114
XP_035719687.1	XP_006562310.2	29.268	41	29	0	292	332	45	85	0.019	27.3
XP_035719687.1	XP_006562308.2	33.937	221	125	6	66	265	283	503	3.77e-30	112
XP_035719687.1	XP_006562308.2	22.449	196	129	7	147	332	122	304	0.016	27.3
XP_035719968.1	XP_016771021.1	35.417	48	26	3	20	62	368	415	0.035	25.0
XP_035719968.1	XP_016771020.1	35.417	48	26	3	20	62	368	415	0.035	25.0
XP_035720136.1	XP_016771021.1	36.478	477	290	8	306	774	28	499	1.39e-110	347
XP_035720136.1	XP_016771020.1	36.478	477	290	8	306	774	28	499	1.39e-110	347
XP_035720179.1	XP_016771021.1	33.333	57	38	0	354	410	341	397	0.021	27.3
XP_035720179.1	XP_016771020.1	33.333	57	38	0	354	410	341	397	0.021	27.3
XP_035720180.1	XP_016771021.1	33.333	57	38	0	354	410	341	397	0.021	27.3
XP_035720180.1	XP_016771020.1	33.333	57	38	0	354	410	341	397	0.021	27.3
XP_035720181.1	XP_016771021.1	33.333	57	38	0	354	410	341	397	0.021	27.3
XP_035720181.1	XP_016771020.1	33.333	57	38	0	354	410	341	397	0.021	27.3
XP_035720182.1	XP_016771021.1	33.333	57	38	0	354	410	341	397	0.021	27.3
XP_035720182.1	XP_016771020.1	33.333	57	38	0	354	410	341	397	0.021	27.3
XP_035720183.1	XP_016771021.1	33.333	57	38	0	354	410	341	397	0.021	27.3
XP_035720183.1	XP_016771020.1	33.333	57	38	0	354	410	341	397	0.021	27.3
XP_035720185.1	XP_016771021.1	33.333	57	38	0	354	410	341	397	0.021	27.3
XP_035720185.1	XP_016771020.1	33.333	57	38	0	354	410	341	397	0.021	27.3
XP_035720186.1	XP_016771021.1	33.333	57	38	0	354	410	341	397	0.021	27.3
XP_035720186.1	XP_016771020.1	33.333	57	38	0	354	410	341	397	0.021	27.3
XP_035720187.1	XP_016771021.1	33.333	57	38	0	354	410	341	397	0.021	27.3
XP_035720187.1	XP_016771020.1	33.333	57	38	0	354	410	341	397	0.021	27.3
XP_035720404.1	XP_016771021.1	33.333	33	21	1	362	393	485	517	0.039	26.6
XP_035720404.1	XP_016771020.1	33.333	33	21	1	362	393	485	517	0.039	26.6
XP_035720642.1	XP_016771029.2	36.842	38	19	1	2	39	1136	1168	0.014	28.5
XP_035720642.1	XP_006562311.2	36.842	38	19	1	2	39	1338	1370	0.015	28.5
XP_035720642.1	XP_006562310.2	36.842	38	19	1	2	39	1338	1370	0.015	28.5
XP_035720642.1	XP_006562308.2	36.842	38	19	1	2	39	1536	1568	0.017	28.5
XP_035720642.1	XP_016771028.2	36.842	38	19	1	2	39	1200	1232	0.018	28.1
XP_035721297.1	XP_006562308.2	21.610	236	148	9	289	505	272	489	1.65e-06	41.6
XP_035721297.1	XP_006562311.2	21.610	236	148	9	289	505	53	270	2.23e-06	41.2
XP_035721297.1	XP_006562310.2	21.610	236	148	9	289	505	53	270	2.23e-06	41.2
XP_035721320.1	XP_016771021.1	24.046	262	173	9	55	297	222	476	1.09e-12	59.3
XP_035721320.1	XP_016771020.1	24.046	262	173	9	55	297	222	476	1.09e-12	59.3
XP_035721440.1	XP_006562311.2	27.734	256	157	5	83	313	56	308	2.16e-18	77.8
XP_035721440.1	XP_006562310.2	27.734	256	157	5	83	313	56	308	2.16e-18	77.8
XP_035721440.1	XP_006562308.2	27.734	256	157	5	83	313	275	527	2.46e-18	77.4
XP_035721442.1	XP_006562311.2	27.734	256	157	5	83	313	56	308	2.16e-18	77.8
XP_035721442.1	XP_006562310.2	27.734	256	157	5	83	313	56	308	2.16e-18	77.8
XP_035721442.1	XP_006562308.2	27.734	256	157	5	83	313	275	527	2.46e-18	77.4
XP_035721443.1	XP_006562311.2	27.734	256	157	5	83	313	56	308	2.16e-18	77.8
XP_035721443.1	XP_006562310.2	27.734	256	157	5	83	313	56	308	2.16e-18	77.8
XP_035721443.1	XP_006562308.2	27.734	256	157	5	83	313	275	527	2.46e-18	77.4
XP_035721480.1	XP_006562308.2	34.286	35	23	0	185	219	463	497	0.007	29.6
XP_035721480.1	XP_006562311.2	34.286	35	23	0	185	219	244	278	0.009	29.6
XP_035721480.1	XP_006562310.2	34.286	35	23	0	185	219	244	278	0.009	29.6
XP_035722092.1	XP_006562308.2	39.394	33	20	0	6	38	1072	1104	0.005	26.9
XP_035722092.1	XP_006562311.2	39.394	33	20	0	6	38	874	906	0.005	26.9
XP_035722092.1	XP_006562310.2	39.394	33	20	0	6	38	874	906	0.005	26.9
XP_035722092.1	XP_016771029.2	39.394	33	20	0	6	38	672	704	0.006	26.9
XP_035722092.1	XP_016771028.2	39.394	33	20	0	6	38	736	768	0.006	26.9
XP_035722093.1	XP_006562308.2	39.394	33	20	0	6	38	1072	1104	0.005	26.9
XP_035722093.1	XP_006562311.2	39.394	33	20	0	6	38	874	906	0.005	26.9
XP_035722093.1	XP_006562310.2	39.394	33	20	0	6	38	874	906	0.005	26.9
XP_035722093.1	XP_016771029.2	39.394	33	20	0	6	38	672	704	0.006	26.9
XP_035722093.1	XP_016771028.2	39.394	33	20	0	6	38	736	768	0.006	26.9
XP_035722117.1	XP_016771028.2	30.000	80	47	3	662	736	130	205	0.019	28.9
XP_035722119.1	XP_016771028.2	30.000	80	47	3	662	736	130	205	0.019	28.9
XP_035722120.1	XP_016771028.2	30.000	80	47	3	651	725	130	205	0.017	28.9
XP_035722297.1	XP_006562308.2	24.324	222	146	6	381	581	283	503	2.82e-15	70.1
XP_035722297.1	XP_006562311.2	24.324	222	146	6	381	581	64	284	6.16e-15	68.9
XP_035722297.1	XP_006562310.2	24.324	222	146	6	381	581	64	284	6.16e-15	68.9
XP_035722557.1	XP_016771029.2	24.691	81	56	2	26	102	1250	1329	0.028	27.7
XP_035722557.1	XP_016771028.2	24.691	81	56	2	26	102	1314	1393	0.029	27.7
XP_035723051.1	XP_006562311.2	27.174	92	61	2	159	246	1463	1552	8.77e-05	33.9
XP_035723051.1	XP_006562310.2	27.174	92	61	2	159	246	1463	1552	8.77e-05	33.9
XP_035723051.1	XP_006562308.2	27.174	92	61	2	159	246	1661	1750	1.31e-04	33.5
XP_035723051.1	XP_016771029.2	27.000	100	60	3	159	247	1261	1358	1.32e-04	33.5
XP_035723051.1	XP_016771028.2	27.000	100	60	3	159	247	1325	1422	2.00e-04	32.7
XP_035723052.1	XP_006562311.2	27.174	92	61	2	159	246	1463	1552	8.77e-05	33.9
XP_035723052.1	XP_006562310.2	27.174	92	61	2	159	246	1463	1552	8.77e-05	33.9
XP_035723052.1	XP_006562308.2	27.174	92	61	2	159	246	1661	1750	1.31e-04	33.5
XP_035723052.1	XP_016771029.2	27.000	100	60	3	159	247	1261	1358	1.32e-04	33.5
XP_035723052.1	XP_016771028.2	27.000	100	60	3	159	247	1325	1422	2.00e-04	32.7
XP_035723053.1	XP_006562311.2	27.174	92	61	2	159	246	1463	1552	8.77e-05	33.9
XP_035723053.1	XP_006562310.2	27.174	92	61	2	159	246	1463	1552	8.77e-05	33.9
XP_035723053.1	XP_006562308.2	27.174	92	61	2	159	246	1661	1750	1.31e-04	33.5
XP_035723053.1	XP_016771029.2	27.000	100	60	3	159	247	1261	1358	1.32e-04	33.5
XP_035723053.1	XP_016771028.2	27.000	100	60	3	159	247	1325	1422	2.00e-04	32.7
XP_035723054.1	XP_006562311.2	27.174	92	61	2	159	246	1463	1552	8.77e-05	33.9
XP_035723054.1	XP_006562310.2	27.174	92	61	2	159	246	1463	1552	8.77e-05	33.9
XP_035723054.1	XP_006562308.2	27.174	92	61	2	159	246	1661	1750	1.31e-04	33.5
XP_035723054.1	XP_016771029.2	27.000	100	60	3	159	247	1261	1358	1.32e-04	33.5
XP_035723054.1	XP_016771028.2	27.000	100	60	3	159	247	1325	1422	2.00e-04	32.7
XP_035723055.1	XP_006562311.2	27.174	92	61	2	159	246	1463	1552	8.77e-05	33.9
XP_035723055.1	XP_006562310.2	27.174	92	61	2	159	246	1463	1552	8.77e-05	33.9
XP_035723055.1	XP_006562308.2	27.174	92	61	2	159	246	1661	1750	1.31e-04	33.5
XP_035723055.1	XP_016771029.2	27.000	100	60	3	159	247	1261	1358	1.32e-04	33.5
XP_035723055.1	XP_016771028.2	27.000	100	60	3	159	247	1325	1422	2.00e-04	32.7
XP_035723452.1	XP_006562311.2	34.000	50	25	2	44	93	1502	1543	0.048	24.6
XP_035723452.1	XP_006562310.2	34.000	50	25	2	44	93	1502	1543	0.048	24.6
XP_035723452.1	XP_006562308.2	34.000	50	25	2	44	93	1700	1741	0.048	24.6
XP_035723524.1	XP_006562308.2	25.275	91	64	1	1160	1250	1038	1124	0.002	33.1
XP_035723524.1	XP_006562311.2	25.275	91	64	1	1160	1250	840	926	0.002	33.1
XP_035723524.1	XP_006562310.2	25.275	91	64	1	1160	1250	840	926	0.002	33.1
XP_035723524.1	XP_016771029.2	25.275	91	64	1	1160	1250	638	724	0.003	32.7
XP_035723524.1	XP_016771028.2	25.275	91	64	1	1160	1250	702	788	0.003	32.7
XP_035723525.1	XP_006562308.2	25.275	91	64	1	1160	1250	1038	1124	0.002	33.1
XP_035723525.1	XP_006562311.2	25.275	91	64	1	1160	1250	840	926	0.002	33.1
XP_035723525.1	XP_006562310.2	25.275	91	64	1	1160	1250	840	926	0.002	33.1
XP_035723525.1	XP_016771029.2	25.275	91	64	1	1160	1250	638	724	0.003	32.7
XP_035723525.1	XP_016771028.2	25.275	91	64	1	1160	1250	702	788	0.003	32.7
XP_035723526.1	XP_006562308.2	25.275	91	64	1	1160	1250	1038	1124	0.002	33.1
XP_035723526.1	XP_006562311.2	25.275	91	64	1	1160	1250	840	926	0.002	33.1
XP_035723526.1	XP_006562310.2	25.275	91	64	1	1160	1250	840	926	0.002	33.1
XP_035723526.1	XP_016771029.2	25.275	91	64	1	1160	1250	638	724	0.003	32.7
XP_035723526.1	XP_016771028.2	25.275	91	64	1	1160	1250	702	788	0.003	32.7
XP_035723527.1	XP_006562308.2	25.275	91	64	1	1160	1250	1038	1124	0.002	33.1
XP_035723527.1	XP_006562311.2	25.275	91	64	1	1160	1250	840	926	0.002	33.1
XP_035723527.1	XP_006562310.2	25.275	91	64	1	1160	1250	840	926	0.002	33.1
XP_035723527.1	XP_016771029.2	25.275	91	64	1	1160	1250	638	724	0.003	32.7
XP_035723527.1	XP_016771028.2	25.275	91	64	1	1160	1250	702	788	0.003	32.7
XP_035723528.1	XP_006562308.2	25.275	91	64	1	1160	1250	1038	1124	0.002	33.1
XP_035723528.1	XP_006562311.2	25.275	91	64	1	1160	1250	840	926	0.002	33.1
XP_035723528.1	XP_006562310.2	25.275	91	64	1	1160	1250	840	926	0.002	33.1
XP_035723528.1	XP_016771029.2	25.275	91	64	1	1160	1250	638	724	0.003	32.7
XP_035723528.1	XP_016771028.2	25.275	91	64	1	1160	1250	702	788	0.003	32.7
XP_035723529.1	XP_006562308.2	25.275	91	64	1	1160	1250	1038	1124	0.002	33.1
XP_035723529.1	XP_006562311.2	25.275	91	64	1	1160	1250	840	926	0.002	33.1
XP_035723529.1	XP_006562310.2	25.275	91	64	1	1160	1250	840	926	0.002	33.1
XP_035723529.1	XP_016771029.2	25.275	91	64	1	1160	1250	638	724	0.002	32.7
XP_035723529.1	XP_016771028.2	25.275	91	64	1	1160	1250	702	788	0.003	32.7
XP_035723878.1	XP_016771021.1	22.353	85	58	2	134	211	346	429	0.004	31.2
XP_035723878.1	XP_016771020.1	22.353	85	58	2	134	211	346	429	0.004	31.2
XP_035723879.1	XP_016771021.1	22.353	85	58	2	131	208	346	429	0.004	31.2
XP_035723879.1	XP_016771020.1	22.353	85	58	2	131	208	346	429	0.004	31.2
XP_035723880.1	XP_016771021.1	22.353	85	58	2	128	205	346	429	0.004	31.2
XP_035723880.1	XP_016771020.1	22.353	85	58	2	128	205	346	429	0.004	31.2
XP_035723881.1	XP_016771021.1	22.353	85	58	2	120	197	346	429	0.004	31.2
XP_035723881.1	XP_016771020.1	22.353	85	58	2	120	197	346	429	0.004	31.2
XP_035723882.1	XP_016771021.1	22.353	85	58	2	134	211	346	429	0.003	31.2
XP_035723882.1	XP_016771020.1	22.353	85	58	2	134	211	346	429	0.003	31.2
XP_035723883.1	XP_016771021.1	22.353	85	58	2	78	155	346	429	0.004	31.2
XP_035723883.1	XP_016771020.1	22.353	85	58	2	78	155	346	429	0.004	31.2
XP_035723884.1	XP_016771021.1	22.353	85	58	2	78	155	346	429	0.004	31.2
XP_035723884.1	XP_016771020.1	22.353	85	58	2	78	155	346	429	0.004	31.2
XP_035723885.1	XP_016771021.1	22.353	85	58	2	78	155	346	429	0.004	31.2
XP_035723885.1	XP_016771020.1	22.353	85	58	2	78	155	346	429	0.004	31.2
XP_035723886.1	XP_016771021.1	22.353	85	58	2	134	211	346	429	0.003	31.2
XP_035723886.1	XP_016771020.1	22.353	85	58	2	134	211	346	429	0.003	31.2
XP_035724972.1	XP_016771021.1	31.325	498	310	10	13	498	9	486	9.58e-80	256
XP_035724972.1	XP_016771020.1	31.325	498	310	10	13	498	9	486	9.58e-80	256
XP_035724974.1	XP_016771021.1	33.333	438	276	8	18	443	53	486	6.28e-79	252
XP_035724974.1	XP_016771020.1	33.333	438	276	8	18	443	53	486	6.28e-79	252
XP_035724975.1	XP_016771021.1	33.333	438	276	8	18	443	53	486	6.28e-79	252
XP_035724975.1	XP_016771020.1	33.333	438	276	8	18	443	53	486	6.28e-79	252
XP_035725154.1	XP_016771029.2	21.818	110	68	2	367	470	238	335	0.042	26.6
XP_035725154.1	XP_016771028.2	21.818	110	68	2	367	470	302	399	0.043	26.6
XP_035725154.1	XP_006562311.2	21.818	110	68	2	367	470	440	537	0.043	26.6
XP_035725154.1	XP_006562310.2	21.818	110	68	2	367	470	440	537	0.043	26.6
XP_035725310.1	XP_006562308.2	32.955	88	40	4	917	990	707	789	0.015	29.3
XP_035725310.1	XP_006562311.2	32.955	88	40	4	917	990	509	591	0.016	29.3
XP_035725310.1	XP_006562310.2	32.955	88	40	4	917	990	509	591	0.016	29.3
XP_035725310.1	XP_016771029.2	32.955	88	40	4	917	990	307	389	0.018	29.3
XP_035725310.1	XP_016771028.2	32.955	88	40	4	917	990	371	453	0.019	29.3
XP_035725355.1	XP_006562308.2	25.000	72	51	1	352	423	146	214	0.011	28.5
XP_035725361.1	XP_006562308.2	25.000	72	51	1	352	423	146	214	0.011	28.5
XP_035725731.1	XP_016771028.2	48.000	25	10	1	57	81	1517	1538	0.029	26.2
XP_035725731.1	XP_016771029.2	48.000	25	10	1	57	81	1453	1474	0.030	25.8
XP_035725731.1	XP_006562311.2	48.000	25	10	1	57	81	1655	1676	0.031	25.8
XP_035725731.1	XP_006562310.2	48.000	25	10	1	57	81	1655	1676	0.031	25.8
XP_035725731.1	XP_006562308.2	48.000	25	10	1	57	81	1853	1874	0.031	25.8
XP_035726050.1	XP_016771029.2	28.916	83	41	3	116	197	1290	1355	0.016	26.6
XP_035726050.1	XP_016771028.2	28.916	83	41	3	116	197	1354	1419	0.017	26.2
XP_035726050.1	XP_006562311.2	28.916	83	41	3	116	197	1492	1557	0.023	25.8
XP_035726050.1	XP_006562310.2	28.916	83	41	3	116	197	1492	1557	0.023	25.8
XP_035726050.1	XP_006562308.2	28.916	83	41	3	116	197	1690	1755	0.026	25.8
XP_035726173.1	XP_016771021.1	30.769	130	76	4	774	891	8	135	1.27e-10	55.8
XP_035726173.1	XP_016771021.1	24.359	78	53	2	621	696	68	141	0.005	31.2
XP_035726173.1	XP_016771020.1	30.769	130	76	4	774	891	8	135	1.27e-10	55.8
XP_035726173.1	XP_016771020.1	24.359	78	53	2	621	696	68	141	0.005	31.2
XP_035726175.1	XP_016771021.1	30.769	130	76	4	774	891	8	135	1.27e-10	55.8
XP_035726175.1	XP_016771021.1	24.359	78	53	2	621	696	68	141	0.005	31.2
XP_035726175.1	XP_016771020.1	30.769	130	76	4	774	891	8	135	1.27e-10	55.8
XP_035726175.1	XP_016771020.1	24.359	78	53	2	621	696	68	141	0.005	31.2
XP_035726291.1	XP_016771021.1	71.964	667	163	4	1	650	1	660	0.0	1005
XP_035726291.1	XP_016771020.1	71.964	667	163	4	1	650	1	660	0.0	1005
XP_035726292.1	XP_016771021.1	71.964	667	163	4	1	650	1	660	0.0	1005
XP_035726292.1	XP_016771020.1	71.964	667	163	4	1	650	1	660	0.0	1005
XP_035726293.1	XP_016771021.1	71.964	667	163	4	1	650	1	660	0.0	1005
XP_035726293.1	XP_016771020.1	71.964	667	163	4	1	650	1	660	0.0	1005
XP_035726294.1	XP_016771021.1	71.964	667	163	4	1	650	1	660	0.0	1005
XP_035726294.1	XP_016771020.1	71.964	667	163	4	1	650	1	660	0.0	1005
XP_035726295.1	XP_016771021.1	71.964	667	163	4	1	650	1	660	0.0	1005
XP_035726295.1	XP_016771020.1	71.964	667	163	4	1	650	1	660	0.0	1005
XP_035726296.1	XP_016771021.1	71.964	667	163	4	1	650	1	660	0.0	1005
XP_035726296.1	XP_016771020.1	71.964	667	163	4	1	650	1	660	0.0	1005
XP_035726297.1	XP_016771021.1	71.964	667	163	4	1	650	1	660	0.0	1005
XP_035726297.1	XP_016771020.1	71.964	667	163	4	1	650	1	660	0.0	1005
XP_035726379.1	XP_006562308.2	66.459	963	241	15	1	938	1	906	0.0	1187
XP_035726379.1	XP_006562308.2	52.726	1284	457	56	1255	2441	1033	2263	0.0	936
XP_035726379.1	XP_006562311.2	72.599	708	150	9	246	938	30	708	0.0	990
XP_035726379.1	XP_006562311.2	52.726	1284	457	56	1255	2441	835	2065	0.0	936
XP_035726379.1	XP_006562310.2	72.599	708	150	9	246	938	30	708	0.0	990
XP_035726379.1	XP_006562310.2	52.726	1284	457	56	1255	2441	835	2065	0.0	936
XP_035726379.1	XP_016771029.2	52.726	1284	457	56	1255	2441	633	1863	0.0	936
XP_035726379.1	XP_016771029.2	59.955	447	135	9	507	938	89	506	3.47e-126	432
XP_035726379.1	XP_016771028.2	52.648	1284	458	55	1255	2441	697	1927	0.0	936
XP_035726379.1	XP_016771028.2	56.835	417	136	9	537	938	183	570	2.57e-105	367
XP_035726380.1	XP_006562308.2	66.806	958	241	14	1	933	1	906	0.0	1193
XP_035726380.1	XP_006562308.2	52.726	1284	457	56	1250	2436	1033	2263	0.0	936
XP_035726380.1	XP_006562311.2	73.115	703	150	8	246	933	30	708	0.0	996
XP_035726380.1	XP_006562311.2	52.726	1284	457	56	1250	2436	835	2065	0.0	936
XP_035726380.1	XP_006562310.2	73.115	703	150	8	246	933	30	708	0.0	996
XP_035726380.1	XP_006562310.2	52.726	1284	457	56	1250	2436	835	2065	0.0	936
XP_035726380.1	XP_016771029.2	52.726	1284	457	56	1250	2436	633	1863	0.0	936
XP_035726380.1	XP_016771029.2	60.633	442	135	8	507	933	89	506	3.66e-128	439
XP_035726380.1	XP_016771028.2	52.648	1284	458	55	1250	2436	697	1927	0.0	936
XP_035726380.1	XP_016771028.2	57.524	412	136	8	537	933	183	570	3.29e-107	373
XP_035726381.1	XP_006562308.2	66.459	963	241	15	1	938	1	906	0.0	1187
XP_035726381.1	XP_006562308.2	52.726	1284	457	56	1244	2430	1033	2263	0.0	936
XP_035726381.1	XP_006562311.2	72.599	708	150	9	246	938	30	708	0.0	991
XP_035726381.1	XP_006562311.2	52.726	1284	457	56	1244	2430	835	2065	0.0	937
XP_035726381.1	XP_006562310.2	72.599	708	150	9	246	938	30	708	0.0	991
XP_035726381.1	XP_006562310.2	52.726	1284	457	56	1244	2430	835	2065	0.0	937
XP_035726381.1	XP_016771029.2	52.726	1284	457	56	1244	2430	633	1863	0.0	937
XP_035726381.1	XP_016771029.2	59.955	447	135	9	507	938	89	506	2.50e-126	433
XP_035726381.1	XP_016771028.2	52.648	1284	458	55	1244	2430	697	1927	0.0	937
XP_035726381.1	XP_016771028.2	56.835	417	136	9	537	938	183	570	2.51e-105	367
XP_035726382.1	XP_006562308.2	62.137	1067	317	18	1	1041	1	1006	0.0	1188
XP_035726382.1	XP_006562308.2	52.726	1284	457	56	1239	2425	1033	2263	0.0	937
XP_035726382.1	XP_006562311.2	72.599	708	150	9	246	938	30	708	0.0	991
XP_035726382.1	XP_006562311.2	52.603	1287	454	56	1239	2425	835	2065	0.0	937
XP_035726382.1	XP_006562310.2	72.599	708	150	9	246	938	30	708	0.0	991
XP_035726382.1	XP_006562310.2	52.603	1287	454	56	1239	2425	835	2065	0.0	937
XP_035726382.1	XP_016771028.2	52.648	1284	458	55	1239	2425	697	1927	0.0	937
XP_035726382.1	XP_016771028.2	56.835	417	136	9	537	938	183	570	2.23e-105	367
XP_035726382.1	XP_016771029.2	52.726	1284	457	56	1239	2425	633	1863	0.0	936
XP_035726382.1	XP_016771029.2	59.955	447	135	9	507	938	89	506	3.07e-126	433
XP_035726383.1	XP_006562308.2	66.459	963	241	15	1	938	1	906	0.0	1187
XP_035726383.1	XP_006562308.2	52.726	1284	457	56	1237	2423	1033	2263	0.0	937
XP_035726383.1	XP_006562311.2	72.599	708	150	9	246	938	30	708	0.0	991
XP_035726383.1	XP_006562311.2	52.726	1284	457	56	1237	2423	835	2065	0.0	937
XP_035726383.1	XP_006562310.2	72.599	708	150	9	246	938	30	708	0.0	991
XP_035726383.1	XP_006562310.2	52.726	1284	457	56	1237	2423	835	2065	0.0	937
XP_035726383.1	XP_016771028.2	52.648	1284	458	55	1237	2423	697	1927	0.0	937
XP_035726383.1	XP_016771028.2	56.835	417	136	9	537	938	183	570	2.23e-105	367
XP_035726383.1	XP_016771029.2	52.726	1284	457	56	1237	2423	633	1863	0.0	936
XP_035726383.1	XP_016771029.2	59.955	447	135	9	507	938	89	506	2.68e-126	433
XP_035726385.1	XP_006562311.2	72.715	744	145	9	1	722	1	708	0.0	1021
XP_035726385.1	XP_006562311.2	52.726	1284	457	56	1039	2225	835	2065	0.0	938
XP_035726385.1	XP_006562310.2	72.715	744	145	9	1	722	1	708	0.0	1021
XP_035726385.1	XP_006562310.2	52.726	1284	457	56	1039	2225	835	2065	0.0	938
XP_035726385.1	XP_016771029.2	52.726	1284	457	56	1039	2225	633	1863	0.0	938
XP_035726385.1	XP_016771029.2	59.471	454	126	9	291	722	89	506	1.39e-126	433
XP_035726385.1	XP_006562308.2	52.726	1284	457	56	1039	2225	1033	2263	0.0	937
XP_035726385.1	XP_006562308.2	69.915	708	148	10	30	722	249	906	0.0	931
XP_035726385.1	XP_016771028.2	52.726	1284	457	56	1039	2225	697	1927	0.0	936
XP_035726385.1	XP_016771028.2	56.368	424	127	9	321	722	183	570	2.37e-105	367
XP_035726386.1	XP_006562311.2	72.715	744	145	9	1	722	1	708	0.0	1021
XP_035726386.1	XP_006562311.2	52.726	1284	457	56	1039	2225	835	2065	0.0	938
XP_035726386.1	XP_006562310.2	72.715	744	145	9	1	722	1	708	0.0	1021
XP_035726386.1	XP_006562310.2	52.726	1284	457	56	1039	2225	835	2065	0.0	938
XP_035726386.1	XP_016771029.2	52.726	1284	457	56	1039	2225	633	1863	0.0	938
XP_035726386.1	XP_016771029.2	59.471	454	126	9	291	722	89	506	1.39e-126	433
XP_035726386.1	XP_006562308.2	52.726	1284	457	56	1039	2225	1033	2263	0.0	937
XP_035726386.1	XP_006562308.2	69.915	708	148	10	30	722	249	906	0.0	931
XP_035726386.1	XP_016771028.2	52.726	1284	457	56	1039	2225	697	1927	0.0	936
XP_035726386.1	XP_016771028.2	56.368	424	127	9	321	722	183	570	2.37e-105	367
XP_035726387.1	XP_006562311.2	72.715	744	145	9	1	722	1	708	0.0	1021
XP_035726387.1	XP_006562311.2	52.726	1284	457	56	1039	2225	835	2065	0.0	938
XP_035726387.1	XP_006562310.2	72.715	744	145	9	1	722	1	708	0.0	1021
XP_035726387.1	XP_006562310.2	52.726	1284	457	56	1039	2225	835	2065	0.0	938
XP_035726387.1	XP_016771029.2	52.726	1284	457	56	1039	2225	633	1863	0.0	938
XP_035726387.1	XP_016771029.2	59.471	454	126	9	291	722	89	506	1.39e-126	433
XP_035726387.1	XP_006562308.2	52.726	1284	457	56	1039	2225	1033	2263	0.0	937
XP_035726387.1	XP_006562308.2	69.915	708	148	10	30	722	249	906	0.0	931
XP_035726387.1	XP_016771028.2	52.726	1284	457	56	1039	2225	697	1927	0.0	936
XP_035726387.1	XP_016771028.2	56.368	424	127	9	321	722	183	570	2.37e-105	367
XP_035726388.1	XP_006562311.2	72.715	744	145	9	1	722	1	708	0.0	1021
XP_035726388.1	XP_006562311.2	52.726	1284	457	56	1039	2225	835	2065	0.0	938
XP_035726388.1	XP_006562310.2	72.715	744	145	9	1	722	1	708	0.0	1021
XP_035726388.1	XP_006562310.2	52.726	1284	457	56	1039	2225	835	2065	0.0	938
XP_035726388.1	XP_016771029.2	52.726	1284	457	56	1039	2225	633	1863	0.0	938
XP_035726388.1	XP_016771029.2	59.471	454	126	9	291	722	89	506	1.39e-126	433
XP_035726388.1	XP_006562308.2	52.726	1284	457	56	1039	2225	1033	2263	0.0	937
XP_035726388.1	XP_006562308.2	69.915	708	148	10	30	722	249	906	0.0	931
XP_035726388.1	XP_016771028.2	52.726	1284	457	56	1039	2225	697	1927	0.0	936
XP_035726388.1	XP_016771028.2	56.368	424	127	9	321	722	183	570	2.37e-105	367
XP_035726389.1	XP_006562311.2	72.715	744	145	9	1	722	1	708	0.0	1021
XP_035726389.1	XP_006562311.2	52.726	1284	457	56	1039	2225	835	2065	0.0	938
XP_035726389.1	XP_006562310.2	72.715	744	145	9	1	722	1	708	0.0	1021
XP_035726389.1	XP_006562310.2	52.726	1284	457	56	1039	2225	835	2065	0.0	938
XP_035726389.1	XP_016771029.2	52.726	1284	457	56	1039	2225	633	1863	0.0	938
XP_035726389.1	XP_016771029.2	59.471	454	126	9	291	722	89	506	1.39e-126	433
XP_035726389.1	XP_006562308.2	52.726	1284	457	56	1039	2225	1033	2263	0.0	937
XP_035726389.1	XP_006562308.2	69.915	708	148	10	30	722	249	906	0.0	931
XP_035726389.1	XP_016771028.2	52.726	1284	457	56	1039	2225	697	1927	0.0	936
XP_035726389.1	XP_016771028.2	56.368	424	127	9	321	722	183	570	2.37e-105	367
XP_035726390.1	XP_006562311.2	72.715	744	145	9	1	722	1	708	0.0	1021
XP_035726390.1	XP_006562311.2	52.726	1284	457	56	1039	2225	835	2065	0.0	938
XP_035726390.1	XP_006562310.2	72.715	744	145	9	1	722	1	708	0.0	1021
XP_035726390.1	XP_006562310.2	52.726	1284	457	56	1039	2225	835	2065	0.0	938
XP_035726390.1	XP_016771029.2	52.726	1284	457	56	1039	2225	633	1863	0.0	938
XP_035726390.1	XP_016771029.2	59.471	454	126	9	291	722	89	506	1.39e-126	433
XP_035726390.1	XP_006562308.2	52.726	1284	457	56	1039	2225	1033	2263	0.0	937
XP_035726390.1	XP_006562308.2	69.915	708	148	10	30	722	249	906	0.0	931
XP_035726390.1	XP_016771028.2	52.726	1284	457	56	1039	2225	697	1927	0.0	936
XP_035726390.1	XP_016771028.2	56.368	424	127	9	321	722	183	570	2.37e-105	367
XP_035726391.1	XP_006562311.2	72.715	744	145	9	1	722	1	708	0.0	1021
XP_035726391.1	XP_006562311.2	52.726	1284	457	56	1039	2225	835	2065	0.0	938
XP_035726391.1	XP_006562310.2	72.715	744	145	9	1	722	1	708	0.0	1021
XP_035726391.1	XP_006562310.2	52.726	1284	457	56	1039	2225	835	2065	0.0	938
XP_035726391.1	XP_016771029.2	52.726	1284	457	56	1039	2225	633	1863	0.0	938
XP_035726391.1	XP_016771029.2	59.471	454	126	9	291	722	89	506	1.39e-126	433
XP_035726391.1	XP_006562308.2	52.726	1284	457	56	1039	2225	1033	2263	0.0	937
XP_035726391.1	XP_006562308.2	69.915	708	148	10	30	722	249	906	0.0	931
XP_035726391.1	XP_016771028.2	52.726	1284	457	56	1039	2225	697	1927	0.0	936
XP_035726391.1	XP_016771028.2	56.368	424	127	9	321	722	183	570	2.37e-105	367
XP_035726392.1	XP_006562311.2	72.546	703	149	9	1	688	35	708	0.0	982
XP_035726392.1	XP_006562311.2	52.726	1284	457	56	1005	2191	835	2065	0.0	936
XP_035726392.1	XP_006562310.2	72.546	703	149	9	1	688	35	708	0.0	982
XP_035726392.1	XP_006562310.2	52.726	1284	457	56	1005	2191	835	2065	0.0	936
XP_035726392.1	XP_016771029.2	52.726	1284	457	56	1005	2191	633	1863	0.0	938
XP_035726392.1	XP_016771029.2	59.471	454	126	9	257	688	89	506	1.46e-126	433
XP_035726392.1	XP_006562308.2	52.726	1284	457	56	1005	2191	1033	2263	0.0	936
XP_035726392.1	XP_006562308.2	69.701	703	148	10	1	688	254	906	0.0	921
XP_035726392.1	XP_016771028.2	52.726	1284	457	56	1005	2191	697	1927	0.0	936
XP_035726392.1	XP_016771028.2	56.368	424	127	9	287	688	183	570	2.40e-105	367
XP_035726638.1	XP_006562308.2	27.350	117	80	4	267	380	331	445	7.64e-05	36.6
XP_035726638.1	XP_006562311.2	27.350	117	80	4	267	380	112	226	9.47e-05	36.2
XP_035726638.1	XP_006562310.2	27.350	117	80	4	267	380	112	226	9.47e-05	36.2
XP_035726985.1	XP_006562308.2	26.027	73	54	0	32	104	2050	2122	0.043	26.6
XP_035726985.1	XP_016771028.2	26.027	73	54	0	32	104	1714	1786	0.043	26.6
XP_035726985.1	XP_006562311.2	26.027	73	54	0	32	104	1852	1924	0.045	26.2
XP_035726985.1	XP_006562310.2	26.027	73	54	0	32	104	1852	1924	0.045	26.2
XP_035726985.1	XP_016771029.2	26.027	73	54	0	32	104	1650	1722	0.046	26.2
XP_035727250.1	XP_006562311.2	34.286	35	23	0	751	785	52	86	0.040	27.7
XP_035727250.1	XP_006562310.2	34.286	35	23	0	751	785	52	86	0.040	27.7
XP_035727250.1	XP_006562308.2	34.286	35	23	0	751	785	271	305	0.041	27.7
XP_035727251.1	XP_006562311.2	34.286	35	23	0	751	785	52	86	0.040	27.7
XP_035727251.1	XP_006562310.2	34.286	35	23	0	751	785	52	86	0.040	27.7
XP_035727251.1	XP_006562308.2	34.286	35	23	0	751	785	271	305	0.041	27.7
XP_035727375.1	XP_016771028.2	22.930	157	84	7	227	373	1297	1426	0.003	30.4
XP_035727375.1	XP_016771029.2	22.930	157	84	7	227	373	1233	1362	0.004	30.0
XP_035727375.1	XP_006562311.2	22.930	157	84	7	227	373	1435	1564	0.005	29.6
XP_035727375.1	XP_006562310.2	22.930	157	84	7	227	373	1435	1564	0.005	29.6
XP_035727375.1	XP_006562308.2	22.930	157	84	7	227	373	1633	1762	0.006	29.6
XP_035727376.1	XP_016771028.2	22.930	157	84	7	166	312	1297	1426	0.003	30.0
XP_035727376.1	XP_016771029.2	22.930	157	84	7	166	312	1233	1362	0.005	29.6
XP_035727376.1	XP_006562308.2	22.930	157	84	7	166	312	1633	1762	0.005	29.6
XP_035727376.1	XP_006562311.2	22.930	157	84	7	166	312	1435	1564	0.006	29.3
XP_035727376.1	XP_006562310.2	22.930	157	84	7	166	312	1435	1564	0.006	29.3
XP_035727384.1	XP_016771028.2	25.263	95	54	4	197	290	1297	1375	0.018	26.9
XP_035727384.1	XP_016771029.2	25.263	95	54	4	197	290	1233	1311	0.022	26.9
XP_035727384.1	XP_006562311.2	25.263	95	54	4	197	290	1435	1513	0.028	26.6
XP_035727384.1	XP_006562310.2	25.263	95	54	4	197	290	1435	1513	0.028	26.6
XP_035727384.1	XP_006562308.2	25.263	95	54	4	197	290	1633	1711	0.028	26.6
XP_035727649.1	XP_016771021.1	23.567	157	70	6	553	706	322	431	0.015	28.5
XP_035727649.1	XP_016771020.1	23.567	157	70	6	553	706	322	431	0.015	28.5
XP_035727650.1	XP_016771021.1	23.567	157	70	6	537	690	322	431	0.011	28.9
XP_035727650.1	XP_016771020.1	23.567	157	70	6	537	690	322	431	0.011	28.9
XP_035727651.1	XP_016771021.1	23.567	157	70	6	516	669	322	431	0.012	28.9
XP_035727651.1	XP_016771020.1	23.567	157	70	6	516	669	322	431	0.012	28.9
XP_035727678.1	XP_016771029.2	73.333	15	4	0	62	76	28	42	0.033	25.8
XP_035727678.1	XP_016771028.2	73.333	15	4	0	62	76	28	42	0.034	25.4
XP_035727679.1	XP_016771029.2	73.333	15	4	0	59	73	28	42	0.034	25.4
XP_035727679.1	XP_016771028.2	73.333	15	4	0	59	73	28	42	0.036	25.4
XP_035727680.1	XP_016771029.2	73.333	15	4	0	59	73	28	42	0.034	25.4
XP_035727680.1	XP_016771028.2	73.333	15	4	0	59	73	28	42	0.036	25.4
XP_035727681.1	XP_016771029.2	73.333	15	4	0	59	73	28	42	0.034	25.4
XP_035727681.1	XP_016771028.2	73.333	15	4	0	59	73	28	42	0.036	25.4
XP_035727695.1	XP_006562311.2	22.388	268	174	9	5	244	460	721	0.003	31.2
XP_035727695.1	XP_006562310.2	22.388	268	174	9	5	244	460	721	0.003	31.2
XP_035727695.1	XP_016771028.2	22.388	268	174	9	5	244	322	583	0.004	31.2
XP_035727695.1	XP_016771029.2	22.388	268	174	9	5	244	258	519	0.004	31.2
XP_035727695.1	XP_006562308.2	22.388	268	174	9	5	244	658	919	0.005	30.8
XP_035727783.1	XP_016771028.2	29.787	47	33	0	32	78	1390	1436	0.018	27.3
XP_035727783.1	XP_016771029.2	29.787	47	33	0	32	78	1326	1372	0.018	27.3
XP_035727783.1	XP_006562308.2	29.787	47	33	0	32	78	1726	1772	0.019	27.3
XP_035727783.1	XP_006562311.2	29.787	47	33	0	32	78	1528	1574	0.019	27.3
XP_035727783.1	XP_006562310.2	29.787	47	33	0	32	78	1528	1574	0.019	27.3
XP_035727784.1	XP_006562308.2	29.787	47	33	0	32	78	1726	1772	0.020	26.6
XP_035727784.1	XP_016771028.2	29.787	47	33	0	32	78	1390	1436	0.020	26.6
XP_035727784.1	XP_006562311.2	29.787	47	33	0	32	78	1528	1574	0.021	26.6
XP_035727784.1	XP_006562310.2	29.787	47	33	0	32	78	1528	1574	0.021	26.6
XP_035727784.1	XP_016771029.2	29.787	47	33	0	32	78	1326	1372	0.022	26.2
XP_035727800.1	XP_016771029.2	32.432	37	25	0	432	468	1645	1681	0.038	26.9
XP_035727800.1	XP_016771028.2	32.432	37	25	0	432	468	1709	1745	0.041	26.6
XP_035728195.1	XP_006562311.2	29.787	47	33	0	56	102	1325	1371	0.015	26.2
XP_035728195.1	XP_006562310.2	29.787	47	33	0	56	102	1325	1371	0.015	26.2
XP_035728195.1	XP_006562308.2	29.787	47	33	0	56	102	1523	1569	0.016	26.2
XP_035728195.1	XP_016771028.2	29.787	47	33	0	56	102	1187	1233	0.017	26.2
XP_035728195.1	XP_016771029.2	29.787	47	33	0	56	102	1123	1169	0.017	26.2
XP_035728237.1	XP_006562308.2	23.214	112	71	3	412	509	415	525	0.005	29.6
XP_035728237.1	XP_006562311.2	23.214	112	71	3	412	509	196	306	0.005	29.6
XP_035728237.1	XP_006562310.2	23.214	112	71	3	412	509	196	306	0.005	29.6
XP_035728263.1	XP_006562308.2	28.679	265	155	10	644	883	272	527	7.63e-19	83.2
XP_035728263.1	XP_006562311.2	28.679	265	155	10	644	883	53	308	1.13e-18	82.8
XP_035728263.1	XP_006562310.2	28.679	265	155	10	644	883	53	308	1.13e-18	82.8
XP_035728264.1	XP_006562308.2	28.679	265	155	10	621	860	272	527	7.13e-19	83.2
XP_035728264.1	XP_006562311.2	28.679	265	155	10	621	860	53	308	1.06e-18	82.8
XP_035728264.1	XP_006562310.2	28.679	265	155	10	621	860	53	308	1.06e-18	82.8
XP_035728265.1	XP_006562308.2	28.679	265	155	10	621	860	272	527	7.13e-19	83.2
XP_035728265.1	XP_006562311.2	28.679	265	155	10	621	860	53	308	1.06e-18	82.8
XP_035728265.1	XP_006562310.2	28.679	265	155	10	621	860	53	308	1.06e-18	82.8
XP_035728350.1	XP_016771021.1	22.222	45	35	0	166	210	467	511	0.014	27.7
XP_035728350.1	XP_016771020.1	22.222	45	35	0	166	210	467	511	0.014	27.7
XP_035728684.1	XP_006562308.2	30.435	46	32	0	616	661	405	450	0.004	30.8
XP_035728684.1	XP_006562311.2	30.435	46	32	0	616	661	186	231	0.005	30.8
XP_035728684.1	XP_006562310.2	30.435	46	32	0	616	661	186	231	0.005	30.8
XP_035728862.1	XP_006562311.2	27.368	95	58	3	454	537	1482	1576	0.047	26.9
XP_035728862.1	XP_006562310.2	27.368	95	58	3	454	537	1482	1576	0.047	26.9
XP_035728870.1	XP_006562311.2	27.368	95	58	3	454	537	1482	1576	0.045	26.9
XP_035728870.1	XP_006562310.2	27.368	95	58	3	454	537	1482	1576	0.045	26.9
XP_035729047.1	NP_001011612.1	33.333	27	16	1	39	65	21	45	0.025	23.9
XP_035729336.1	XP_016771029.2	33.333	39	20	1	343	381	550	582	0.033	28.1
XP_035729336.1	XP_016771028.2	33.333	39	20	1	343	381	614	646	0.036	28.1
XP_035729336.1	XP_006562311.2	33.333	39	20	1	343	381	752	784	0.042	27.7
XP_035729336.1	XP_006562310.2	33.333	39	20	1	343	381	752	784	0.042	27.7
XP_035729336.1	XP_006562308.2	33.333	39	20	1	343	381	950	982	0.045	27.7
XP_035729340.1	XP_016771029.2	33.333	39	20	1	343	381	550	582	0.028	28.1
XP_035729340.1	XP_016771028.2	33.333	39	20	1	343	381	614	646	0.030	28.1
XP_035729340.1	XP_006562311.2	33.333	39	20	1	343	381	752	784	0.034	28.1
XP_035729340.1	XP_006562310.2	33.333	39	20	1	343	381	752	784	0.034	28.1
XP_035729340.1	XP_006562308.2	33.333	39	20	1	343	381	950	982	0.036	28.1
XP_035729341.1	XP_016771029.2	33.333	39	20	1	343	381	550	582	0.032	28.1
XP_035729341.1	XP_016771028.2	33.333	39	20	1	343	381	614	646	0.033	28.1
XP_035729341.1	XP_006562311.2	33.333	39	20	1	343	381	752	784	0.037	28.1
XP_035729341.1	XP_006562310.2	33.333	39	20	1	343	381	752	784	0.037	28.1
XP_035729341.1	XP_006562308.2	33.333	39	20	1	343	381	950	982	0.041	27.7
XP_035729693.1	XP_006562308.2	26.667	60	41	1	145	204	249	305	0.034	26.2
XP_035729693.1	XP_006562311.2	26.667	60	41	1	145	204	30	86	0.039	26.2
XP_035729693.1	XP_006562310.2	26.667	60	41	1	145	204	30	86	0.039	26.2
XP_035729694.1	XP_006562308.2	26.667	60	41	1	145	204	249	305	0.034	26.2
XP_035729694.1	XP_006562311.2	26.667	60	41	1	145	204	30	86	0.039	26.2
XP_035729694.1	XP_006562310.2	26.667	60	41	1	145	204	30	86	0.039	26.2
XP_035729695.1	XP_006562308.2	26.667	60	41	1	145	204	249	305	0.034	26.2
XP_035729695.1	XP_006562311.2	26.667	60	41	1	145	204	30	86	0.039	26.2
XP_035729695.1	XP_006562310.2	26.667	60	41	1	145	204	30	86	0.039	26.2
XP_035729696.1	XP_006562308.2	26.667	60	41	1	145	204	249	305	0.034	26.2
XP_035729696.1	XP_006562311.2	26.667	60	41	1	145	204	30	86	0.039	26.2
XP_035729696.1	XP_006562310.2	26.667	60	41	1	145	204	30	86	0.039	26.2
XP_035729697.1	XP_006562308.2	26.667	60	41	1	145	204	249	305	0.034	26.2
XP_035729697.1	XP_006562311.2	26.667	60	41	1	145	204	30	86	0.039	26.2
XP_035729697.1	XP_006562310.2	26.667	60	41	1	145	204	30	86	0.039	26.2
XP_035729698.1	XP_006562308.2	26.667	60	41	1	145	204	249	305	0.034	26.2
XP_035729698.1	XP_006562311.2	26.667	60	41	1	145	204	30	86	0.039	26.2
XP_035729698.1	XP_006562310.2	26.667	60	41	1	145	204	30	86	0.039	26.2
XP_035729699.1	XP_006562308.2	25.397	63	44	1	145	207	249	308	0.013	26.9
XP_035729699.1	XP_006562311.2	25.397	63	44	1	145	207	30	89	0.014	26.9
XP_035729699.1	XP_006562310.2	25.397	63	44	1	145	207	30	89	0.014	26.9
XP_035729726.1	XP_006562308.2	27.326	172	108	3	477	631	342	513	2.21e-13	64.3
XP_035729726.1	XP_006562311.2	27.326	172	108	3	477	631	123	294	4.54e-13	63.5
XP_035729726.1	XP_006562310.2	27.326	172	108	3	477	631	123	294	4.54e-13	63.5
XP_035729727.1	XP_006562308.2	27.326	172	108	3	477	631	342	513	2.21e-13	64.3
XP_035729727.1	XP_006562311.2	27.326	172	108	3	477	631	123	294	4.54e-13	63.5
XP_035729727.1	XP_006562310.2	27.326	172	108	3	477	631	123	294	4.54e-13	63.5
XP_035729958.1	XP_006562308.2	28.889	45	31	1	172	216	157	200	0.019	26.9
XP_035730509.1	XP_016771021.1	28.947	38	27	0	37	74	85	122	0.041	25.4
XP_035730509.1	XP_016771020.1	28.947	38	27	0	37	74	85	122	0.041	25.4
XP_035730519.1	XP_016771021.1	28.947	38	27	0	37	74	85	122	0.041	25.4
XP_035730519.1	XP_016771020.1	28.947	38	27	0	37	74	85	122	0.041	25.4
XP_035730752.1	XP_016771021.1	28.723	94	63	3	3880	3971	323	414	0.039	30.4
XP_035730752.1	XP_016771020.1	28.723	94	63	3	3880	3971	323	414	0.039	30.4
XP_035730753.1	XP_016771021.1	28.723	94	63	3	3876	3967	323	414	0.039	30.4
XP_035730753.1	XP_016771020.1	28.723	94	63	3	3876	3967	323	414	0.039	30.4
XP_035730754.1	XP_016771021.1	28.723	94	63	3	3868	3959	323	414	0.039	30.4
XP_035730754.1	XP_016771020.1	28.723	94	63	3	3868	3959	323	414	0.039	30.4
XP_035730755.1	XP_016771021.1	28.723	94	63	3	3827	3918	323	414	0.039	30.4
XP_035730755.1	XP_016771020.1	28.723	94	63	3	3827	3918	323	414	0.039	30.4
XP_035730756.1	XP_016771021.1	28.723	94	63	3	3607	3698	323	414	0.033	30.4
XP_035730756.1	XP_016771020.1	28.723	94	63	3	3607	3698	323	414	0.033	30.4
XP_035730757.1	XP_016771021.1	28.723	94	63	3	3570	3661	323	414	0.034	30.4
XP_035730757.1	XP_016771020.1	28.723	94	63	3	3570	3661	323	414	0.034	30.4
XP_035730816.1	XP_016771029.2	30.000	60	39	2	185	241	89	148	0.032	27.3
XP_035730816.1	XP_006562308.2	30.000	60	39	2	185	241	510	569	0.035	26.9
XP_035730816.1	XP_006562311.2	30.000	60	39	2	185	241	291	350	0.038	26.9
XP_035730816.1	XP_006562310.2	30.000	60	39	2	185	241	291	350	0.038	26.9
XP_035730817.1	XP_016771029.2	30.000	60	39	2	108	164	89	148	0.035	26.9
XP_035730817.1	XP_006562308.2	30.000	60	39	2	108	164	510	569	0.036	26.9
XP_035730817.1	XP_006562311.2	30.000	60	39	2	108	164	291	350	0.037	26.6
XP_035730817.1	XP_006562310.2	30.000	60	39	2	108	164	291	350	0.037	26.6
XP_035731796.1	XP_016771029.2	28.947	76	47	3	87	161	383	452	0.044	26.6
XP_035731796.1	XP_016771028.2	28.947	76	47	3	87	161	447	516	0.044	26.6
XP_035731796.1	XP_006562311.2	28.947	76	47	3	87	161	585	654	0.045	26.6
XP_035731796.1	XP_006562310.2	28.947	76	47	3	87	161	585	654	0.045	26.6
XP_035731796.1	XP_006562308.2	28.947	76	47	3	87	161	783	852	0.045	26.6
XP_035731806.1	XP_016771029.2	28.947	76	47	3	87	161	383	452	0.031	26.6
XP_035731806.1	XP_016771028.2	28.947	76	47	3	87	161	447	516	0.031	26.6
XP_035731806.1	XP_006562311.2	28.947	76	47	3	87	161	585	654	0.031	26.6
XP_035731806.1	XP_006562310.2	28.947	76	47	3	87	161	585	654	0.031	26.6
XP_035731806.1	XP_006562308.2	28.947	76	47	3	87	161	783	852	0.031	26.6
XP_035731816.1	XP_016771029.2	28.947	76	47	3	87	161	383	452	0.030	26.6
XP_035731816.1	XP_016771028.2	28.947	76	47	3	87	161	447	516	0.030	26.6
XP_035731816.1	XP_006562311.2	28.947	76	47	3	87	161	585	654	0.030	26.6
XP_035731816.1	XP_006562310.2	28.947	76	47	3	87	161	585	654	0.030	26.6
XP_035731816.1	XP_006562308.2	28.947	76	47	3	87	161	783	852	0.030	26.6
XP_035731922.1	XP_016771021.1	32.432	37	25	0	88	124	415	451	0.003	28.1
XP_035731922.1	XP_016771020.1	32.432	37	25	0	88	124	415	451	0.003	28.1
XP_035732003.1	XP_006562311.2	32.258	62	39	1	64	125	1537	1595	0.038	26.6
XP_035732003.1	XP_006562310.2	32.258	62	39	1	64	125	1537	1595	0.038	26.6
XP_035732003.1	XP_006562308.2	32.258	62	39	1	64	125	1735	1793	0.040	26.6
XP_035732003.1	XP_016771029.2	32.258	62	39	1	64	125	1335	1393	0.045	26.6
XP_035732003.1	XP_016771028.2	32.258	62	39	1	64	125	1399	1457	0.049	26.2
XP_035732004.1	XP_006562311.2	32.258	62	39	1	64	125	1537	1595	0.038	26.6
XP_035732004.1	XP_006562310.2	32.258	62	39	1	64	125	1537	1595	0.038	26.6
XP_035732004.1	XP_006562308.2	32.258	62	39	1	64	125	1735	1793	0.040	26.6
XP_035732004.1	XP_016771029.2	32.258	62	39	1	64	125	1335	1393	0.045	26.6
XP_035732004.1	XP_016771028.2	32.258	62	39	1	64	125	1399	1457	0.049	26.2
XP_035732126.1	XP_006562308.2	25.000	268	172	7	93	337	275	536	5.27e-20	85.1
XP_035732126.1	XP_006562311.2	25.000	268	172	7	93	337	56	317	5.27e-20	85.1
XP_035732126.1	XP_006562310.2	25.000	268	172	7	93	337	56	317	5.27e-20	85.1
XP_035732134.1	XP_006562308.2	25.000	268	172	7	93	337	275	536	5.27e-20	85.1
XP_035732134.1	XP_006562311.2	25.000	268	172	7	93	337	56	317	5.27e-20	85.1
XP_035732134.1	XP_006562310.2	25.000	268	172	7	93	337	56	317	5.27e-20	85.1
XP_035732544.1	XP_016771028.2	27.586	58	35	2	516	569	1275	1329	0.025	27.7
XP_035732544.1	XP_016771029.2	27.586	58	35	2	516	569	1211	1265	0.029	27.7
XP_035733001.1	XP_006562311.2	44.444	27	12	1	41	67	1719	1742	0.044	25.8
XP_035733001.1	XP_006562310.2	44.444	27	12	1	41	67	1719	1742	0.044	25.8
XP_035733001.1	XP_006562308.2	44.444	27	12	1	41	67	1917	1940	0.044	25.8
XP_035733199.1	XP_016771028.2	21.505	186	122	6	185	361	1425	1595	0.028	26.9
XP_035733199.1	XP_006562308.2	21.505	186	122	6	185	361	1761	1931	0.031	26.9
XP_035733199.1	XP_016771029.2	23.936	188	115	9	185	361	1361	1531	0.039	26.6
XP_035733199.1	XP_006562311.2	21.429	182	119	6	185	357	1563	1729	0.040	26.6
XP_035733199.1	XP_006562310.2	21.429	182	119	6	185	357	1563	1729	0.040	26.6
XP_035733200.1	XP_016771028.2	21.505	186	122	6	185	361	1425	1595	0.028	26.9
XP_035733200.1	XP_006562308.2	21.505	186	122	6	185	361	1761	1931	0.031	26.9
XP_035733200.1	XP_016771029.2	23.936	188	115	9	185	361	1361	1531	0.039	26.6
XP_035733200.1	XP_006562311.2	21.429	182	119	6	185	357	1563	1729	0.040	26.6
XP_035733200.1	XP_006562310.2	21.429	182	119	6	185	357	1563	1729	0.040	26.6
XP_035733201.1	XP_016771028.2	21.505	186	122	6	185	361	1425	1595	0.028	26.9
XP_035733201.1	XP_006562308.2	21.505	186	122	6	185	361	1761	1931	0.031	26.9
XP_035733201.1	XP_016771029.2	23.936	188	115	9	185	361	1361	1531	0.039	26.6
XP_035733201.1	XP_006562311.2	21.429	182	119	6	185	357	1563	1729	0.040	26.6
XP_035733201.1	XP_006562310.2	21.429	182	119	6	185	357	1563	1729	0.040	26.6
XP_035733203.1	XP_016771028.2	21.505	186	122	6	185	361	1425	1595	0.028	26.9
XP_035733203.1	XP_006562308.2	21.505	186	122	6	185	361	1761	1931	0.031	26.9
XP_035733203.1	XP_016771029.2	23.936	188	115	9	185	361	1361	1531	0.039	26.6
XP_035733203.1	XP_006562311.2	21.429	182	119	6	185	357	1563	1729	0.040	26.6
XP_035733203.1	XP_006562310.2	21.429	182	119	6	185	357	1563	1729	0.040	26.6
XP_035733204.1	XP_016771028.2	21.505	186	122	6	185	361	1425	1595	0.028	26.9
XP_035733204.1	XP_006562308.2	21.505	186	122	6	185	361	1761	1931	0.031	26.9
XP_035733204.1	XP_016771029.2	23.936	188	115	9	185	361	1361	1531	0.039	26.6
XP_035733204.1	XP_006562311.2	21.429	182	119	6	185	357	1563	1729	0.040	26.6
XP_035733204.1	XP_006562310.2	21.429	182	119	6	185	357	1563	1729	0.040	26.6
XP_035733205.1	XP_016771028.2	21.505	186	122	6	185	361	1425	1595	0.028	26.9
XP_035733205.1	XP_006562308.2	21.505	186	122	6	185	361	1761	1931	0.031	26.9
XP_035733205.1	XP_016771029.2	23.936	188	115	9	185	361	1361	1531	0.039	26.6
XP_035733205.1	XP_006562311.2	21.429	182	119	6	185	357	1563	1729	0.040	26.6
XP_035733205.1	XP_006562310.2	21.429	182	119	6	185	357	1563	1729	0.040	26.6
XP_035733206.1	XP_016771028.2	21.505	186	122	6	185	361	1425	1595	0.028	26.9
XP_035733206.1	XP_006562308.2	21.505	186	122	6	185	361	1761	1931	0.031	26.9
XP_035733206.1	XP_016771029.2	23.936	188	115	9	185	361	1361	1531	0.039	26.6
XP_035733206.1	XP_006562311.2	21.429	182	119	6	185	357	1563	1729	0.040	26.6
XP_035733206.1	XP_006562310.2	21.429	182	119	6	185	357	1563	1729	0.040	26.6
XP_035733207.1	XP_016771028.2	21.505	186	122	6	185	361	1425	1595	0.028	26.9
XP_035733207.1	XP_006562308.2	21.505	186	122	6	185	361	1761	1931	0.031	26.9
XP_035733207.1	XP_016771029.2	23.936	188	115	9	185	361	1361	1531	0.039	26.6
XP_035733207.1	XP_006562311.2	21.429	182	119	6	185	357	1563	1729	0.040	26.6
XP_035733207.1	XP_006562310.2	21.429	182	119	6	185	357	1563	1729	0.040	26.6
XP_035733591.1	XP_006562308.2	29.944	177	101	6	603	760	331	503	1.43e-15	72.0
XP_035733591.1	XP_006562311.2	29.944	177	101	6	603	760	112	284	1.76e-15	72.0
XP_035733591.1	XP_006562310.2	29.944	177	101	6	603	760	112	284	1.76e-15	72.0
XP_035733592.1	XP_006562308.2	29.944	177	101	6	603	760	331	503	1.43e-15	72.0
XP_035733592.1	XP_006562311.2	29.944	177	101	6	603	760	112	284	1.76e-15	72.0
XP_035733592.1	XP_006562310.2	29.944	177	101	6	603	760	112	284	1.76e-15	72.0
XP_035733593.1	XP_006562308.2	29.944	177	101	6	603	760	331	503	1.43e-15	72.0
XP_035733593.1	XP_006562311.2	29.944	177	101	6	603	760	112	284	1.76e-15	72.0
XP_035733593.1	XP_006562310.2	29.944	177	101	6	603	760	112	284	1.76e-15	72.0
XP_035733594.1	XP_006562308.2	29.944	177	101	6	603	760	331	503	1.43e-15	72.0
XP_035733594.1	XP_006562311.2	29.944	177	101	6	603	760	112	284	1.76e-15	72.0
XP_035733594.1	XP_006562310.2	29.944	177	101	6	603	760	112	284	1.76e-15	72.0
XP_035733595.1	XP_006562308.2	29.944	177	101	6	603	760	331	503	1.43e-15	72.0
XP_035733595.1	XP_006562311.2	29.944	177	101	6	603	760	112	284	1.76e-15	72.0
XP_035733595.1	XP_006562310.2	29.944	177	101	6	603	760	112	284	1.76e-15	72.0
XP_035733596.1	XP_006562308.2	29.944	177	101	6	598	755	331	503	1.26e-15	72.4
XP_035733596.1	XP_006562311.2	29.944	177	101	6	598	755	112	284	1.79e-15	71.6
XP_035733596.1	XP_006562310.2	29.944	177	101	6	598	755	112	284	1.79e-15	71.6
XP_035733743.1	XP_016771029.2	29.688	64	39	2	5	62	1700	1763	0.001	29.6
XP_035733743.1	XP_016771028.2	29.688	64	39	2	5	62	1764	1827	0.002	29.3
XP_035733743.1	XP_006562311.2	29.688	64	39	2	5	62	1902	1965	0.002	28.9
XP_035733743.1	XP_006562310.2	29.688	64	39	2	5	62	1902	1965	0.002	28.9
XP_035733743.1	XP_006562308.2	29.688	64	39	2	5	62	2100	2163	0.003	28.5
XP_035733768.1	XP_016771028.2	29.412	51	36	0	332	382	593	643	0.036	26.9
XP_035733768.1	XP_016771029.2	29.412	51	36	0	332	382	529	579	0.038	26.9
XP_035733769.1	XP_016771028.2	29.412	51	36	0	314	364	593	643	0.035	26.9
XP_035733769.1	XP_016771029.2	29.412	51	36	0	314	364	529	579	0.037	26.9
XP_035733838.1	XP_016771028.2	27.000	100	68	2	126	225	253	347	0.005	28.5
XP_035733838.1	XP_006562311.2	27.000	100	68	2	126	225	391	485	0.005	28.5
XP_035733838.1	XP_006562310.2	27.000	100	68	2	126	225	391	485	0.005	28.5
XP_035733838.1	XP_016771029.2	27.000	100	68	2	126	225	189	283	0.006	28.1
XP_035733840.1	XP_016771021.1	31.250	32	22	0	30	61	272	303	0.021	25.8
XP_035733840.1	XP_016771020.1	31.250	32	22	0	30	61	272	303	0.021	25.8
XP_035734273.1	XP_006562308.2	31.373	51	27	2	848	890	80	130	0.048	27.7
XP_035734274.1	XP_006562308.2	31.373	51	27	2	824	866	80	130	0.049	27.3
XP_035734509.1	XP_006562308.2	40.385	52	31	0	227	278	693	744	0.024	27.7
XP_035734509.1	XP_006562311.2	40.385	52	31	0	227	278	495	546	0.034	26.9
XP_035734509.1	XP_006562310.2	40.385	52	31	0	227	278	495	546	0.034	26.9
XP_035734560.1	XP_016771028.2	23.438	64	48	1	76	138	76	139	0.043	25.0
XP_035735622.1	XP_016771021.1	29.268	41	29	0	60	100	397	437	0.012	26.6
XP_035735622.1	XP_016771020.1	29.268	41	29	0	60	100	397	437	0.012	26.6
XP_035735708.1	XP_016771028.2	30.864	81	50	1	120	200	1361	1435	6.76e-04	31.2
XP_035735708.1	XP_016771029.2	30.864	81	50	1	120	200	1297	1371	7.43e-04	31.2
XP_035735708.1	XP_006562308.2	30.864	81	50	1	120	200	1697	1771	8.11e-04	30.8
XP_035735708.1	XP_006562311.2	30.864	81	50	1	120	200	1499	1573	8.15e-04	30.8
XP_035735708.1	XP_006562310.2	30.864	81	50	1	120	200	1499	1573	8.15e-04	30.8
XP_035736495.1	XP_016771029.2	55.556	18	7	1	264	280	1771	1788	0.034	26.6
XP_035736495.1	XP_016771028.2	55.556	18	7	1	264	280	1835	1852	0.036	26.6
XP_035736495.1	XP_006562308.2	55.556	18	7	1	264	280	2171	2188	0.039	26.6
XP_035736495.1	XP_006562311.2	55.556	18	7	1	264	280	1973	1990	0.039	26.6
XP_035736495.1	XP_006562310.2	55.556	18	7	1	264	280	1973	1990	0.039	26.6
XP_035736496.1	XP_016771029.2	55.556	18	7	1	264	280	1771	1788	0.034	26.6
XP_035736496.1	XP_016771028.2	55.556	18	7	1	264	280	1835	1852	0.036	26.6
XP_035736496.1	XP_006562308.2	55.556	18	7	1	264	280	2171	2188	0.039	26.6
XP_035736496.1	XP_006562311.2	55.556	18	7	1	264	280	1973	1990	0.039	26.6
XP_035736496.1	XP_006562310.2	55.556	18	7	1	264	280	1973	1990	0.039	26.6
XP_035736498.1	XP_016771029.2	55.556	18	7	1	263	279	1771	1788	0.034	26.6
XP_035736498.1	XP_016771028.2	55.556	18	7	1	263	279	1835	1852	0.036	26.6
XP_035736498.1	XP_006562308.2	55.556	18	7	1	263	279	2171	2188	0.039	26.6
XP_035736498.1	XP_006562311.2	55.556	18	7	1	263	279	1973	1990	0.039	26.6
XP_035736498.1	XP_006562310.2	55.556	18	7	1	263	279	1973	1990	0.039	26.6
XP_035736500.1	XP_016771029.2	55.556	18	7	1	312	328	1771	1788	0.035	26.9
XP_035736500.1	XP_016771028.2	55.556	18	7	1	312	328	1835	1852	0.038	26.6
XP_035736500.1	XP_006562311.2	55.556	18	7	1	312	328	1973	1990	0.040	26.6
XP_035736500.1	XP_006562310.2	55.556	18	7	1	312	328	1973	1990	0.040	26.6
XP_035736500.1	XP_006562308.2	55.556	18	7	1	312	328	2171	2188	0.043	26.6
XP_035736617.1	XP_016771029.2	47.826	23	11	1	175	197	1522	1543	0.046	25.0
XP_035736617.1	XP_016771028.2	47.826	23	11	1	175	197	1586	1607	0.046	25.0
XP_035736617.1	XP_006562311.2	47.826	23	11	1	175	197	1724	1745	0.046	25.0
XP_035736617.1	XP_006562310.2	47.826	23	11	1	175	197	1724	1745	0.046	25.0
XP_035736617.1	XP_006562308.2	47.826	23	11	1	175	197	1922	1943	0.046	25.0
XP_035736633.1	XP_016771029.2	47.826	23	11	1	159	181	1522	1543	0.041	25.0
XP_035736633.1	XP_016771028.2	47.826	23	11	1	159	181	1586	1607	0.041	25.0
XP_035736633.1	XP_006562311.2	47.826	23	11	1	159	181	1724	1745	0.041	25.0
XP_035736633.1	XP_006562310.2	47.826	23	11	1	159	181	1724	1745	0.041	25.0
XP_035736633.1	XP_006562308.2	47.826	23	11	1	159	181	1922	1943	0.041	25.0
XP_035736642.1	XP_016771029.2	47.826	23	11	1	159	181	1522	1543	0.041	25.0
XP_035736642.1	XP_016771028.2	47.826	23	11	1	159	181	1586	1607	0.041	25.0
XP_035736642.1	XP_006562311.2	47.826	23	11	1	159	181	1724	1745	0.041	25.0
XP_035736642.1	XP_006562310.2	47.826	23	11	1	159	181	1724	1745	0.041	25.0
XP_035736642.1	XP_006562308.2	47.826	23	11	1	159	181	1922	1943	0.041	25.0
XP_035736829.1	XP_016771029.2	44.828	29	16	0	143	171	980	1008	0.008	27.7
XP_035736829.1	XP_016771028.2	44.828	29	16	0	143	171	1044	1072	0.008	27.7
XP_035736829.1	XP_006562311.2	44.828	29	16	0	143	171	1182	1210	0.009	27.3
XP_035736829.1	XP_006562310.2	44.828	29	16	0	143	171	1182	1210	0.009	27.3
XP_035736829.1	XP_006562308.2	44.828	29	16	0	143	171	1380	1408	0.009	27.3
XP_035736830.1	XP_016771029.2	44.828	29	16	0	143	171	980	1008	0.008	27.7
XP_035736830.1	XP_016771028.2	44.828	29	16	0	143	171	1044	1072	0.008	27.7
XP_035736830.1	XP_006562311.2	44.828	29	16	0	143	171	1182	1210	0.009	27.3
XP_035736830.1	XP_006562310.2	44.828	29	16	0	143	171	1182	1210	0.009	27.3
XP_035736830.1	XP_006562308.2	44.828	29	16	0	143	171	1380	1408	0.009	27.3
XP_035736832.1	XP_016771029.2	44.828	29	16	0	143	171	980	1008	0.008	27.7
XP_035736832.1	XP_016771028.2	44.828	29	16	0	143	171	1044	1072	0.008	27.7
XP_035736832.1	XP_006562311.2	44.828	29	16	0	143	171	1182	1210	0.009	27.3
XP_035736832.1	XP_006562310.2	44.828	29	16	0	143	171	1182	1210	0.009	27.3
XP_035736832.1	XP_006562308.2	44.828	29	16	0	143	171	1380	1408	0.009	27.3
XP_035736914.1	XP_006562311.2	20.725	193	128	5	167	344	1080	1262	0.030	28.9
XP_035736914.1	XP_006562310.2	20.725	193	128	5	167	344	1080	1262	0.030	28.9
XP_035736915.1	XP_006562311.2	20.725	193	128	5	167	344	1080	1262	0.032	28.5
XP_035736915.1	XP_006562310.2	20.725	193	128	5	167	344	1080	1262	0.032	28.5
XP_035736915.1	XP_006562308.2	20.725	193	128	5	167	344	1278	1460	0.049	28.1
XP_035736917.1	XP_006562311.2	20.725	193	128	5	167	344	1080	1262	0.028	28.9
XP_035736917.1	XP_006562310.2	20.725	193	128	5	167	344	1080	1262	0.028	28.9
XP_035736917.1	XP_006562308.2	20.725	193	128	5	167	344	1278	1460	0.045	28.1
XP_035736918.1	XP_006562311.2	20.725	193	128	5	167	344	1080	1262	0.027	28.9
XP_035736918.1	XP_006562310.2	20.725	193	128	5	167	344	1080	1262	0.027	28.9
XP_035736918.1	XP_006562308.2	20.725	193	128	5	167	344	1278	1460	0.044	28.1
XP_035736920.1	XP_006562311.2	20.725	193	128	5	167	344	1080	1262	0.027	28.9
XP_035736920.1	XP_006562310.2	20.725	193	128	5	167	344	1080	1262	0.027	28.9
XP_035736920.1	XP_006562308.2	20.725	193	128	5	167	344	1278	1460	0.045	28.1
XP_035736921.1	XP_006562311.2	20.725	193	128	5	167	344	1080	1262	0.027	28.9
XP_035736921.1	XP_006562310.2	20.725	193	128	5	167	344	1080	1262	0.027	28.9
XP_035736921.1	XP_006562308.2	20.725	193	128	5	167	344	1278	1460	0.045	28.1
XP_035736922.1	XP_006562311.2	20.725	193	128	5	167	344	1080	1262	0.027	28.9
XP_035736922.1	XP_006562310.2	20.725	193	128	5	167	344	1080	1262	0.027	28.9
XP_035736922.1	XP_006562308.2	20.725	193	128	5	167	344	1278	1460	0.046	28.1
XP_035736923.1	XP_006562311.2	20.725	193	128	5	167	344	1080	1262	0.027	28.9
XP_035736923.1	XP_006562310.2	20.725	193	128	5	167	344	1080	1262	0.027	28.9
XP_035736923.1	XP_006562308.2	20.725	193	128	5	167	344	1278	1460	0.045	28.1
XP_035736924.1	XP_006562311.2	20.725	193	128	5	167	344	1080	1262	0.022	29.3
XP_035736924.1	XP_006562310.2	20.725	193	128	5	167	344	1080	1262	0.022	29.3
XP_035736924.1	XP_006562308.2	20.725	193	128	5	167	344	1278	1460	0.040	28.5
XP_035736925.1	XP_006562311.2	20.725	193	128	5	167	344	1080	1262	0.024	28.9
XP_035736925.1	XP_006562310.2	20.725	193	128	5	167	344	1080	1262	0.024	28.9
XP_035736925.1	XP_006562308.2	20.725	193	128	5	167	344	1278	1460	0.038	28.5
XP_035736926.1	XP_006562311.2	20.725	193	128	5	167	344	1080	1262	0.023	29.3
XP_035736926.1	XP_006562310.2	20.725	193	128	5	167	344	1080	1262	0.023	29.3
XP_035736926.1	XP_006562308.2	20.725	193	128	5	167	344	1278	1460	0.037	28.5
XP_035736927.1	XP_006562311.2	20.725	193	128	5	167	344	1080	1262	0.023	29.3
XP_035736927.1	XP_006562310.2	20.725	193	128	5	167	344	1080	1262	0.023	29.3
XP_035736927.1	XP_006562308.2	20.725	193	128	5	167	344	1278	1460	0.037	28.5
XP_035736928.1	XP_006562311.2	20.725	193	128	5	167	344	1080	1262	0.023	29.3
XP_035736928.1	XP_006562310.2	20.725	193	128	5	167	344	1080	1262	0.023	29.3
XP_035736928.1	XP_006562308.2	20.725	193	128	5	167	344	1278	1460	0.037	28.5
XP_035736929.1	XP_006562311.2	20.725	193	128	5	167	344	1080	1262	0.022	29.3
XP_035736929.1	XP_006562310.2	20.725	193	128	5	167	344	1080	1262	0.022	29.3
XP_035736929.1	XP_006562308.2	20.725	193	128	5	167	344	1278	1460	0.040	28.1
XP_035736931.1	XP_006562311.2	20.725	193	128	5	167	344	1080	1262	0.022	29.3
XP_035736931.1	XP_006562310.2	20.725	193	128	5	167	344	1080	1262	0.022	29.3
XP_035736931.1	XP_006562308.2	20.725	193	128	5	167	344	1278	1460	0.042	28.1
XP_035736932.1	XP_006562311.2	20.725	193	128	5	125	302	1080	1262	0.028	28.9
XP_035736932.1	XP_006562310.2	20.725	193	128	5	125	302	1080	1262	0.028	28.9
XP_035736932.1	XP_006562308.2	20.725	193	128	5	125	302	1278	1460	0.050	28.1
XP_035736990.1	XP_006562308.2	24.779	226	137	8	268	465	283	503	5.22e-13	63.5
XP_035736990.1	XP_006562311.2	24.779	226	137	8	268	465	64	284	8.86e-13	62.8
XP_035736990.1	XP_006562310.2	24.779	226	137	8	268	465	64	284	8.86e-13	62.8
XP_035736991.1	XP_006562308.2	24.779	226	137	8	268	465	283	503	4.93e-13	63.5
XP_035736991.1	XP_006562311.2	24.779	226	137	8	268	465	64	284	9.99e-13	62.8
XP_035736991.1	XP_006562310.2	24.779	226	137	8	268	465	64	284	9.99e-13	62.8
XP_035736992.1	XP_006562308.2	24.779	226	137	8	268	465	283	503	5.03e-13	63.5
XP_035736992.1	XP_006562311.2	24.779	226	137	8	268	465	64	284	9.05e-13	62.8
XP_035736992.1	XP_006562310.2	24.779	226	137	8	268	465	64	284	9.05e-13	62.8
XP_035736993.1	XP_006562308.2	24.779	226	137	8	268	465	283	503	4.93e-13	63.5
XP_035736993.1	XP_006562311.2	24.779	226	137	8	268	465	64	284	8.81e-13	62.8
XP_035736993.1	XP_006562310.2	24.779	226	137	8	268	465	64	284	8.81e-13	62.8
XP_035736994.1	XP_006562308.2	24.779	226	137	8	258	455	283	503	5.75e-13	63.5
XP_035736994.1	XP_006562311.2	24.779	226	137	8	258	455	64	284	1.07e-12	62.4
XP_035736994.1	XP_006562310.2	24.779	226	137	8	258	455	64	284	1.07e-12	62.4
XP_035736996.1	XP_006562308.2	24.779	226	137	8	256	453	283	503	5.31e-13	63.5
XP_035736996.1	XP_006562311.2	24.779	226	137	8	256	453	64	284	9.89e-13	62.8
XP_035736996.1	XP_006562310.2	24.779	226	137	8	256	453	64	284	9.89e-13	62.8
XP_035736997.1	XP_006562308.2	24.779	226	137	8	255	452	283	503	5.72e-13	63.5
XP_035736997.1	XP_006562311.2	24.779	226	137	8	255	452	64	284	1.01e-12	62.8
XP_035736997.1	XP_006562310.2	24.779	226	137	8	255	452	64	284	1.01e-12	62.8
XP_035736998.1	XP_006562308.2	24.779	226	137	8	254	451	283	503	6.11e-13	63.2
XP_035736998.1	XP_006562311.2	24.779	226	137	8	254	451	64	284	9.86e-13	62.8
XP_035736998.1	XP_006562310.2	24.779	226	137	8	254	451	64	284	9.86e-13	62.8
XP_035736999.1	XP_006562308.2	24.779	226	137	8	254	451	283	503	5.86e-13	63.5
XP_035736999.1	XP_006562311.2	24.779	226	137	8	254	451	64	284	1.01e-12	62.8
XP_035736999.1	XP_006562310.2	24.779	226	137	8	254	451	64	284	1.01e-12	62.8
XP_035737000.1	XP_006562308.2	24.779	226	137	8	253	450	283	503	5.51e-13	63.5
XP_035737000.1	XP_006562311.2	24.779	226	137	8	253	450	64	284	1.01e-12	62.8
XP_035737000.1	XP_006562310.2	24.779	226	137	8	253	450	64	284	1.01e-12	62.8
XP_035737001.1	XP_006562308.2	24.779	226	137	8	253	450	283	503	5.75e-13	63.5
XP_035737001.1	XP_006562311.2	24.779	226	137	8	253	450	64	284	1.04e-12	62.4
XP_035737001.1	XP_006562310.2	24.779	226	137	8	253	450	64	284	1.04e-12	62.4
XP_035737002.1	XP_006562308.2	24.779	226	137	8	252	449	283	503	5.70e-13	63.5
XP_035737002.1	XP_006562311.2	24.779	226	137	8	252	449	64	284	1.01e-12	62.8
XP_035737002.1	XP_006562310.2	24.779	226	137	8	252	449	64	284	1.01e-12	62.8
XP_035737003.1	XP_006562308.2	24.779	226	137	8	252	449	283	503	6.15e-13	63.2
XP_035737003.1	XP_006562311.2	24.779	226	137	8	252	449	64	284	1.05e-12	62.4
XP_035737003.1	XP_006562310.2	24.779	226	137	8	252	449	64	284	1.05e-12	62.4
XP_035737004.1	XP_006562308.2	24.779	226	137	8	251	448	283	503	6.04e-13	63.5
XP_035737004.1	XP_006562311.2	24.779	226	137	8	251	448	64	284	1.08e-12	62.4
XP_035737004.1	XP_006562310.2	24.779	226	137	8	251	448	64	284	1.08e-12	62.4
XP_035737005.1	XP_006562308.2	24.779	226	137	8	224	421	283	503	3.21e-13	64.3
XP_035737005.1	XP_006562311.2	24.779	226	137	8	224	421	64	284	5.88e-13	63.2
XP_035737005.1	XP_006562310.2	24.779	226	137	8	224	421	64	284	5.88e-13	63.2
XP_035737006.1	XP_006562308.2	24.779	226	137	8	268	465	283	503	5.52e-13	63.5
XP_035737006.1	XP_006562311.2	24.779	226	137	8	268	465	64	284	1.13e-12	62.4
XP_035737006.1	XP_006562310.2	24.779	226	137	8	268	465	64	284	1.13e-12	62.4
XP_035737007.1	XP_006562308.2	24.779	226	137	8	268	465	283	503	5.95e-13	63.2
XP_035737007.1	XP_006562311.2	24.779	226	137	8	268	465	64	284	1.06e-12	62.4
XP_035737007.1	XP_006562310.2	24.779	226	137	8	268	465	64	284	1.06e-12	62.4
XP_035737008.1	XP_006562308.2	25.664	226	135	8	173	370	283	503	6.79e-13	63.2
XP_035737008.1	XP_006562311.2	24.779	226	137	8	173	370	64	284	1.26e-12	62.0
XP_035737008.1	XP_006562310.2	24.779	226	137	8	173	370	64	284	1.26e-12	62.0
XP_035737729.1	XP_016771029.2	32.000	50	30	1	1357	1406	1248	1293	0.042	28.5
XP_035737729.1	XP_016771028.2	32.000	50	30	1	1357	1406	1312	1357	0.042	28.5
XP_035737746.1	XP_016771028.2	35.135	37	23	1	125	161	1248	1283	0.013	26.2
XP_035737746.1	XP_006562308.2	35.135	37	23	1	125	161	1584	1619	0.036	24.6
XP_035737746.1	XP_006562311.2	35.135	37	23	1	125	161	1386	1421	0.043	24.6
XP_035737746.1	XP_006562310.2	35.135	37	23	1	125	161	1386	1421	0.043	24.6
XP_035737747.1	XP_016771028.2	35.135	37	23	1	125	161	1248	1283	0.013	26.2
XP_035737747.1	XP_006562308.2	35.135	37	23	1	125	161	1584	1619	0.036	24.6
XP_035737747.1	XP_006562311.2	35.135	37	23	1	125	161	1386	1421	0.043	24.6
XP_035737747.1	XP_006562310.2	35.135	37	23	1	125	161	1386	1421	0.043	24.6
XP_035737748.1	XP_016771028.2	35.135	37	23	1	125	161	1248	1283	0.013	26.2
XP_035737748.1	XP_006562308.2	35.135	37	23	1	125	161	1584	1619	0.036	24.6
XP_035737748.1	XP_006562311.2	35.135	37	23	1	125	161	1386	1421	0.043	24.6
XP_035737748.1	XP_006562310.2	35.135	37	23	1	125	161	1386	1421	0.043	24.6
XP_035737749.1	XP_016771028.2	35.135	37	23	1	95	131	1248	1283	0.012	25.8
XP_035737749.1	XP_006562308.2	35.135	37	23	1	95	131	1584	1619	0.024	24.6
XP_035737749.1	XP_006562311.2	35.135	37	23	1	95	131	1386	1421	0.029	24.6
XP_035737749.1	XP_006562310.2	35.135	37	23	1	95	131	1386	1421	0.029	24.6
XP_035737749.1	XP_016771029.2	35.135	37	23	1	95	131	1184	1219	0.040	24.3
XP_035738013.1	XP_006562308.2	21.111	180	115	7	195	360	347	513	0.001	31.2
XP_035738013.1	XP_006562311.2	21.111	180	115	7	195	360	128	294	0.002	30.4
XP_035738013.1	XP_006562310.2	21.111	180	115	7	195	360	128	294	0.002	30.4
XP_035738189.1	XP_016771028.2	30.435	69	34	3	61	118	95	160	0.002	31.2
XP_035738191.1	XP_016771028.2	30.435	69	34	3	61	118	95	160	0.002	31.2
XP_035738192.1	XP_016771028.2	30.435	69	34	3	61	118	95	160	0.002	31.2
XP_035738193.1	XP_016771028.2	30.435	69	34	3	61	118	95	160	0.002	31.2
XP_035738194.1	XP_016771028.2	30.435	69	34	3	61	118	95	160	0.002	31.2
XP_035738195.1	XP_016771028.2	30.435	69	34	3	61	118	95	160	0.002	31.2
XP_035739075.1	XP_016771028.2	36.000	50	32	0	327	376	343	392	0.017	28.1
XP_035739075.1	XP_016771029.2	36.000	50	32	0	327	376	279	328	0.019	28.1
XP_035739075.1	XP_006562308.2	36.000	50	32	0	327	376	679	728	0.027	27.7
XP_035739075.1	XP_006562311.2	36.000	50	32	0	327	376	481	530	0.027	27.3
XP_035739075.1	XP_006562310.2	36.000	50	32	0	327	376	481	530	0.027	27.3
XP_035739076.1	XP_016771028.2	36.000	50	32	0	320	369	343	392	0.021	27.7
XP_035739076.1	XP_016771029.2	36.000	50	32	0	320	369	279	328	0.022	27.7
XP_035739076.1	XP_006562311.2	36.000	50	32	0	320	369	481	530	0.028	27.3
XP_035739076.1	XP_006562310.2	36.000	50	32	0	320	369	481	530	0.028	27.3
XP_035739076.1	XP_006562308.2	36.000	50	32	0	320	369	679	728	0.030	27.3
XP_035739241.1	XP_016771021.1	29.032	62	35	2	46	103	535	591	0.044	24.3
XP_035739241.1	XP_016771020.1	29.032	62	35	2	46	103	535	591	0.044	24.3
XP_035739434.1	XP_006562308.2	26.415	53	29	1	234	276	187	239	0.033	26.2
XP_035739580.1	XP_016771028.2	32.558	43	21	1	73	107	466	508	0.013	28.9
XP_035739580.1	XP_016771029.2	32.558	43	21	1	73	107	402	444	0.013	28.5
XP_035739580.1	XP_006562308.2	32.558	43	21	1	73	107	802	844	0.017	28.1
XP_035739580.1	XP_006562311.2	32.558	43	21	1	73	107	604	646	0.019	28.1
XP_035739580.1	XP_006562310.2	32.558	43	21	1	73	107	604	646	0.019	28.1
XP_035740310.1	XP_006562311.2	23.729	59	45	0	43	101	811	869	0.027	26.9
XP_035740310.1	XP_006562310.2	23.729	59	45	0	43	101	811	869	0.027	26.9
XP_035740310.1	XP_006562308.2	23.729	59	45	0	43	101	1009	1067	0.032	26.6
XP_035740310.1	XP_016771029.2	24.561	57	43	0	45	101	611	667	0.036	26.6
XP_035740310.1	XP_016771028.2	24.561	57	43	0	45	101	675	731	0.037	26.6
XP_035740311.1	XP_006562311.2	23.729	59	45	0	43	101	811	869	0.027	26.9
XP_035740311.1	XP_006562310.2	23.729	59	45	0	43	101	811	869	0.027	26.9
XP_035740311.1	XP_006562308.2	23.729	59	45	0	43	101	1009	1067	0.032	26.6
XP_035740311.1	XP_016771029.2	24.561	57	43	0	45	101	611	667	0.036	26.6
XP_035740311.1	XP_016771028.2	24.561	57	43	0	45	101	675	731	0.037	26.6
XP_035740314.1	XP_006562308.2	25.862	116	59	5	3	104	1862	1964	1.32e-04	32.7
XP_035740314.1	XP_006562311.2	25.862	116	59	5	3	104	1664	1766	1.77e-04	32.3
XP_035740314.1	XP_006562310.2	25.862	116	59	5	3	104	1664	1766	1.77e-04	32.3
XP_035740314.1	XP_016771029.2	25.862	116	59	5	3	104	1462	1564	3.26e-04	31.6
XP_035740314.1	XP_016771028.2	25.862	116	59	5	3	104	1526	1628	3.99e-04	31.2
XP_035740315.1	XP_006562308.2	30.556	72	36	3	39	96	1893	1964	2.93e-04	31.6
XP_035740315.1	XP_006562311.2	30.556	72	36	3	39	96	1695	1766	4.56e-04	30.8
XP_035740315.1	XP_006562310.2	30.556	72	36	3	39	96	1695	1766	4.56e-04	30.8
XP_035740315.1	XP_016771029.2	30.556	72	36	3	39	96	1493	1564	6.77e-04	30.4
XP_035740315.1	XP_016771028.2	30.556	72	36	3	39	96	1557	1628	7.63e-04	30.0
XP_035740316.1	XP_006562308.2	30.556	72	36	3	39	96	1893	1964	2.93e-04	31.6
XP_035740316.1	XP_006562311.2	30.556	72	36	3	39	96	1695	1766	4.56e-04	30.8
XP_035740316.1	XP_006562310.2	30.556	72	36	3	39	96	1695	1766	4.56e-04	30.8
XP_035740316.1	XP_016771029.2	30.556	72	36	3	39	96	1493	1564	6.77e-04	30.4
XP_035740316.1	XP_016771028.2	30.556	72	36	3	39	96	1557	1628	7.63e-04	30.0
XP_035740317.1	XP_006562308.2	25.862	116	59	5	3	104	1862	1964	3.22e-04	30.8
XP_035740317.1	XP_006562311.2	25.862	116	59	5	3	104	1664	1766	6.23e-04	30.0
XP_035740317.1	XP_006562310.2	25.862	116	59	5	3	104	1664	1766	6.23e-04	30.0
XP_035740317.1	XP_016771029.2	25.862	116	59	5	3	104	1462	1564	0.001	29.3
XP_035740317.1	XP_016771028.2	25.862	116	59	5	3	104	1526	1628	0.001	28.9
XP_035740568.1	XP_006562308.2	25.506	247	146	8	479	695	274	512	3.75e-18	80.9
XP_035740568.1	XP_006562311.2	25.506	247	146	8	479	695	55	293	4.67e-18	80.5
XP_035740568.1	XP_006562310.2	25.506	247	146	8	479	695	55	293	4.67e-18	80.5
XP_035740569.1	XP_006562308.2	25.506	247	146	8	478	694	274	512	3.53e-18	80.9
XP_035740569.1	XP_006562311.2	25.506	247	146	8	478	694	55	293	5.16e-18	80.1
XP_035740569.1	XP_006562310.2	25.506	247	146	8	478	694	55	293	5.16e-18	80.1
XP_035740570.1	XP_006562308.2	25.506	247	146	8	479	695	274	512	4.42e-18	80.5
XP_035740570.1	XP_006562311.2	25.506	247	146	8	479	695	55	293	6.00e-18	80.1
XP_035740570.1	XP_006562310.2	25.506	247	146	8	479	695	55	293	6.00e-18	80.1
XP_035740571.1	XP_006562308.2	25.506	247	146	8	387	603	274	512	1.90e-18	81.6
XP_035740571.1	XP_006562311.2	24.062	320	185	11	387	676	55	346	2.10e-18	81.3
XP_035740571.1	XP_006562310.2	24.062	320	185	11	387	676	55	346	2.10e-18	81.3
XP_035740572.1	XP_006562308.2	25.506	247	146	8	387	603	274	512	1.90e-18	81.6
XP_035740572.1	XP_006562311.2	24.062	320	185	11	387	676	55	346	2.10e-18	81.3
XP_035740572.1	XP_006562310.2	24.062	320	185	11	387	676	55	346	2.10e-18	81.3
XP_035740980.1	XP_016771021.1	37.500	40	24	1	513	551	277	316	0.006	29.6
XP_035740980.1	XP_016771020.1	37.500	40	24	1	513	551	277	316	0.006	29.6
XP_035740981.1	XP_016771021.1	36.585	41	25	1	483	522	277	317	0.006	29.6
XP_035740981.1	XP_016771020.1	36.585	41	25	1	483	522	277	317	0.006	29.6
XP_035741049.1	XP_016771028.2	20.000	85	62	2	166	248	605	685	0.019	26.9
XP_035741049.1	XP_006562311.2	20.000	85	62	2	166	248	743	823	0.022	26.9
XP_035741049.1	XP_006562310.2	20.000	85	62	2	166	248	743	823	0.022	26.9
XP_035741049.1	XP_006562308.2	20.000	85	62	2	166	248	941	1021	0.022	26.9
XP_035741049.1	XP_016771029.2	20.000	85	62	2	166	248	541	621	0.022	26.9
XP_035741050.1	XP_016771028.2	20.000	85	62	2	137	219	605	685	0.021	26.9
XP_035741050.1	XP_016771029.2	20.000	85	62	2	137	219	541	621	0.024	26.6
XP_035741050.1	XP_006562308.2	20.988	81	58	2	137	215	941	1017	0.048	25.8
XP_035741050.1	XP_006562311.2	20.988	81	58	2	137	215	743	819	0.049	25.8
XP_035741050.1	XP_006562310.2	20.988	81	58	2	137	215	743	819	0.049	25.8
XP_035741058.1	XP_016771021.1	34.694	49	26	1	72	114	423	471	0.026	26.6
XP_035741058.1	XP_016771020.1	34.694	49	26	1	72	114	423	471	0.026	26.6
XP_035741059.1	XP_016771021.1	34.694	49	26	1	72	114	423	471	0.026	26.6
XP_035741059.1	XP_016771020.1	34.694	49	26	1	72	114	423	471	0.026	26.6
XP_035741060.1	XP_016771021.1	34.694	49	26	1	72	114	423	471	0.026	26.6
XP_035741060.1	XP_016771020.1	34.694	49	26	1	72	114	423	471	0.026	26.6
XP_035741061.1	XP_016771021.1	34.694	49	26	1	172	214	423	471	0.044	26.2
XP_035741061.1	XP_016771020.1	34.694	49	26	1	172	214	423	471	0.044	26.2
XP_035741136.1	XP_006562308.2	26.984	126	71	6	573	697	1825	1930	0.015	28.9
XP_035741136.1	XP_016771028.2	26.515	132	76	6	567	697	1483	1594	0.016	28.5
XP_035741136.1	XP_006562311.2	26.984	126	71	6	573	697	1627	1732	0.016	28.5
XP_035741136.1	XP_006562310.2	26.984	126	71	6	573	697	1627	1732	0.016	28.5
XP_035741136.1	XP_016771029.2	26.515	132	76	6	567	697	1419	1530	0.016	28.5
XP_035741171.1	XP_006562311.2	32.222	90	46	4	1000	1088	150	225	0.003	32.0
XP_035741171.1	XP_006562310.2	32.222	90	46	4	1000	1088	150	225	0.003	32.0
XP_035741171.1	XP_006562308.2	32.222	90	46	4	1000	1088	369	444	0.003	32.0
XP_035741173.1	XP_006562311.2	32.222	90	46	4	998	1086	150	225	0.003	32.0
XP_035741173.1	XP_006562310.2	32.222	90	46	4	998	1086	150	225	0.003	32.0
XP_035741173.1	XP_006562308.2	32.222	90	46	4	998	1086	369	444	0.003	32.0
XP_035741393.1	XP_006562308.2	30.435	46	32	0	5	50	2132	2177	0.009	26.9
XP_035741393.1	XP_006562311.2	30.435	46	32	0	5	50	1934	1979	0.010	26.9
XP_035741393.1	XP_006562310.2	30.435	46	32	0	5	50	1934	1979	0.010	26.9
XP_035741393.1	XP_016771029.2	30.435	46	32	0	5	50	1732	1777	0.010	26.9
XP_035741393.1	XP_016771028.2	30.435	46	32	0	5	50	1796	1841	0.010	26.9
XP_035741395.1	XP_006562308.2	30.435	46	32	0	5	50	2132	2177	0.009	26.9
XP_035741395.1	XP_006562311.2	30.435	46	32	0	5	50	1934	1979	0.010	26.9
XP_035741395.1	XP_006562310.2	30.435	46	32	0	5	50	1934	1979	0.010	26.9
XP_035741395.1	XP_016771029.2	30.435	46	32	0	5	50	1732	1777	0.010	26.9
XP_035741395.1	XP_016771028.2	30.435	46	32	0	5	50	1796	1841	0.010	26.9
XP_035741396.1	XP_006562308.2	30.435	46	32	0	5	50	2132	2177	0.009	26.9
XP_035741396.1	XP_006562311.2	30.435	46	32	0	5	50	1934	1979	0.009	26.9
XP_035741396.1	XP_006562310.2	30.435	46	32	0	5	50	1934	1979	0.009	26.9
XP_035741396.1	XP_016771029.2	30.435	46	32	0	5	50	1732	1777	0.010	26.9
XP_035741396.1	XP_016771028.2	30.435	46	32	0	5	50	1796	1841	0.010	26.9
XP_035741396.1	XP_016771021.1	35.294	34	19	1	23	53	406	439	0.037	25.0
XP_035741565.1	XP_016771029.2	20.536	112	76	2	979	1090	549	647	0.006	31.2
XP_035741565.1	XP_016771028.2	20.536	112	76	2	979	1090	613	711	0.007	31.2
XP_035741565.1	XP_006562311.2	20.536	112	76	2	979	1090	751	849	0.008	30.8
XP_035741565.1	XP_006562310.2	20.536	112	76	2	979	1090	751	849	0.008	30.8
XP_035741565.1	XP_006562308.2	20.536	112	76	2	979	1090	949	1047	0.010	30.4
XP_035741566.1	XP_016771029.2	20.536	112	76	2	979	1090	549	647	0.006	31.2
XP_035741566.1	XP_016771028.2	20.536	112	76	2	979	1090	613	711	0.007	31.2
XP_035741566.1	XP_006562311.2	20.536	112	76	2	979	1090	751	849	0.008	30.8
XP_035741566.1	XP_006562310.2	20.536	112	76	2	979	1090	751	849	0.008	30.8
XP_035741566.1	XP_006562308.2	20.536	112	76	2	979	1090	949	1047	0.010	30.4
XP_035741567.1	XP_016771029.2	20.536	112	76	2	979	1090	549	647	0.006	31.2
XP_035741567.1	XP_016771028.2	20.536	112	76	2	979	1090	613	711	0.007	31.2
XP_035741567.1	XP_006562311.2	20.536	112	76	2	979	1090	751	849	0.008	30.8
XP_035741567.1	XP_006562310.2	20.536	112	76	2	979	1090	751	849	0.008	30.8
XP_035741567.1	XP_006562308.2	20.536	112	76	2	979	1090	949	1047	0.010	30.4
XP_035741568.1	XP_016771029.2	20.536	112	76	2	979	1090	549	647	0.006	31.2
XP_035741568.1	XP_016771028.2	20.536	112	76	2	979	1090	613	711	0.007	31.2
XP_035741568.1	XP_006562311.2	20.536	112	76	2	979	1090	751	849	0.008	30.8
XP_035741568.1	XP_006562310.2	20.536	112	76	2	979	1090	751	849	0.008	30.8
XP_035741568.1	XP_006562308.2	20.536	112	76	2	979	1090	949	1047	0.010	30.4
XP_035741569.1	XP_016771029.2	20.536	112	76	2	979	1090	549	647	0.006	31.2
XP_035741569.1	XP_016771028.2	20.536	112	76	2	979	1090	613	711	0.007	31.2
XP_035741569.1	XP_006562311.2	20.536	112	76	2	979	1090	751	849	0.008	30.8
XP_035741569.1	XP_006562310.2	20.536	112	76	2	979	1090	751	849	0.008	30.8
XP_035741569.1	XP_006562308.2	20.536	112	76	2	979	1090	949	1047	0.010	30.4
XP_035741570.1	XP_016771029.2	20.536	112	76	2	979	1090	549	647	0.006	31.2
XP_035741570.1	XP_016771028.2	20.536	112	76	2	979	1090	613	711	0.007	31.2
XP_035741570.1	XP_006562311.2	20.536	112	76	2	979	1090	751	849	0.008	30.8
XP_035741570.1	XP_006562310.2	20.536	112	76	2	979	1090	751	849	0.008	30.8
XP_035741570.1	XP_006562308.2	20.536	112	76	2	979	1090	949	1047	0.010	30.4
XP_035741571.1	XP_016771029.2	20.536	112	76	2	979	1090	549	647	0.006	31.2
XP_035741571.1	XP_016771028.2	20.536	112	76	2	979	1090	613	711	0.007	31.2
XP_035741571.1	XP_006562311.2	20.536	112	76	2	979	1090	751	849	0.008	30.8
XP_035741571.1	XP_006562310.2	20.536	112	76	2	979	1090	751	849	0.008	30.8
XP_035741571.1	XP_006562308.2	20.536	112	76	2	979	1090	949	1047	0.010	30.4
XP_035741572.1	XP_016771029.2	20.536	112	76	2	979	1090	549	647	0.006	31.2
XP_035741572.1	XP_016771028.2	20.536	112	76	2	979	1090	613	711	0.007	31.2
XP_035741572.1	XP_006562311.2	20.536	112	76	2	979	1090	751	849	0.008	30.8
XP_035741572.1	XP_006562310.2	20.536	112	76	2	979	1090	751	849	0.008	30.8
XP_035741572.1	XP_006562308.2	20.536	112	76	2	979	1090	949	1047	0.010	30.4
XP_035741573.1	XP_016771029.2	20.536	112	76	2	979	1090	549	647	0.006	31.2
XP_035741573.1	XP_016771028.2	20.536	112	76	2	979	1090	613	711	0.007	31.2
XP_035741573.1	XP_006562311.2	20.536	112	76	2	979	1090	751	849	0.008	30.8
XP_035741573.1	XP_006562310.2	20.536	112	76	2	979	1090	751	849	0.008	30.8
XP_035741573.1	XP_006562308.2	20.536	112	76	2	979	1090	949	1047	0.010	30.4
XP_035741574.1	XP_016771029.2	20.536	112	76	2	979	1090	549	647	0.006	31.2
XP_035741574.1	XP_016771028.2	20.536	112	76	2	979	1090	613	711	0.007	31.2
XP_035741574.1	XP_006562311.2	20.536	112	76	2	979	1090	751	849	0.008	30.8
XP_035741574.1	XP_006562310.2	20.536	112	76	2	979	1090	751	849	0.008	30.8
XP_035741574.1	XP_006562308.2	20.536	112	76	2	979	1090	949	1047	0.010	30.4
XP_035741575.1	XP_016771029.2	20.536	112	76	2	971	1082	549	647	0.006	31.2
XP_035741575.1	XP_016771028.2	20.536	112	76	2	971	1082	613	711	0.007	31.2
XP_035741575.1	XP_006562311.2	20.536	112	76	2	971	1082	751	849	0.009	30.8
XP_035741575.1	XP_006562310.2	20.536	112	76	2	971	1082	751	849	0.009	30.8
XP_035741575.1	XP_006562308.2	20.536	112	76	2	971	1082	949	1047	0.010	30.4
XP_035741576.1	XP_016771029.2	20.536	112	76	2	979	1090	549	647	0.006	31.2
XP_035741576.1	XP_016771028.2	20.536	112	76	2	979	1090	613	711	0.007	31.2
XP_035741576.1	XP_006562311.2	20.536	112	76	2	979	1090	751	849	0.008	30.8
XP_035741576.1	XP_006562310.2	20.536	112	76	2	979	1090	751	849	0.008	30.8
XP_035741576.1	XP_006562308.2	20.536	112	76	2	979	1090	949	1047	0.010	30.4
XP_035741577.1	XP_016771029.2	20.536	112	76	2	979	1090	549	647	0.006	31.2
XP_035741577.1	XP_016771028.2	20.536	112	76	2	979	1090	613	711	0.007	31.2
XP_035741577.1	XP_006562311.2	20.536	112	76	2	979	1090	751	849	0.008	30.8
XP_035741577.1	XP_006562310.2	20.536	112	76	2	979	1090	751	849	0.008	30.8
XP_035741577.1	XP_006562308.2	20.536	112	76	2	979	1090	949	1047	0.010	30.4
XP_035741821.1	XP_016771029.2	42.105	38	16	2	329	363	1163	1197	0.042	26.2
XP_035741821.1	XP_006562311.2	42.105	38	16	2	329	363	1365	1399	0.045	26.2
XP_035741821.1	XP_006562310.2	42.105	38	16	2	329	363	1365	1399	0.045	26.2
XP_035741970.1	XP_016771028.2	63.158	19	7	0	121	139	167	185	0.015	27.3
XP_035742140.1	XP_006562311.2	39.394	33	20	0	407	439	524	556	0.015	28.1
XP_035742140.1	XP_006562310.2	39.394	33	20	0	407	439	524	556	0.015	28.1
XP_035742140.1	XP_006562308.2	39.394	33	20	0	407	439	722	754	0.016	28.1
XP_035742140.1	XP_016771029.2	39.394	33	20	0	407	439	322	354	0.020	27.7
XP_035742553.1	XP_016771028.2	33.333	51	30	2	372	422	1254	1300	0.003	31.2
XP_035742553.1	XP_016771029.2	33.333	51	30	2	372	422	1190	1236	0.004	31.2
XP_035742553.1	XP_006562308.2	33.333	51	30	2	372	422	1590	1636	0.005	30.8
XP_035742553.1	XP_006562311.2	33.333	51	30	2	372	422	1392	1438	0.005	30.8
XP_035742553.1	XP_006562310.2	33.333	51	30	2	372	422	1392	1438	0.005	30.8
XP_035742554.1	XP_016771028.2	33.333	51	30	2	264	314	1254	1300	0.003	31.2
XP_035742554.1	XP_016771029.2	33.333	51	30	2	264	314	1190	1236	0.003	31.2
XP_035742554.1	XP_006562308.2	33.333	51	30	2	264	314	1590	1636	0.004	30.8
XP_035742554.1	XP_006562311.2	33.333	51	30	2	264	314	1392	1438	0.004	30.8
XP_035742554.1	XP_006562310.2	33.333	51	30	2	264	314	1392	1438	0.004	30.8
XP_035743027.1	XP_006562308.2	23.837	172	107	6	494	647	347	512	5.28e-07	43.5
XP_035743027.1	XP_006562311.2	23.837	172	107	6	494	647	128	293	6.76e-07	43.1
XP_035743027.1	XP_006562310.2	23.837	172	107	6	494	647	128	293	6.76e-07	43.1
XP_035743028.1	XP_006562308.2	23.837	172	107	6	494	647	347	512	5.28e-07	43.5
XP_035743028.1	XP_006562311.2	23.837	172	107	6	494	647	128	293	6.76e-07	43.1
XP_035743028.1	XP_006562310.2	23.837	172	107	6	494	647	128	293	6.76e-07	43.1
XP_035743029.1	XP_006562308.2	23.837	172	107	6	494	647	347	512	5.28e-07	43.5
XP_035743029.1	XP_006562311.2	23.837	172	107	6	494	647	128	293	6.76e-07	43.1
XP_035743029.1	XP_006562310.2	23.837	172	107	6	494	647	128	293	6.76e-07	43.1
XP_035743030.1	XP_006562308.2	23.837	172	107	6	494	647	347	512	5.28e-07	43.5
XP_035743030.1	XP_006562311.2	23.837	172	107	6	494	647	128	293	6.76e-07	43.1
XP_035743030.1	XP_006562310.2	23.837	172	107	6	494	647	128	293	6.76e-07	43.1
XP_035743031.1	XP_006562308.2	23.699	173	108	6	472	626	347	513	5.91e-07	43.1
XP_035743031.1	XP_006562311.2	23.837	172	107	6	472	625	128	293	8.45e-07	42.7
XP_035743031.1	XP_006562310.2	23.837	172	107	6	472	625	128	293	8.45e-07	42.7
XP_035743104.1	XP_006562308.2	23.288	146	89	4	2	127	1092	1234	0.050	26.9
XP_035743105.1	XP_006562308.2	26.316	57	41	1	59	114	489	545	0.001	30.4
XP_035743105.1	XP_006562311.2	26.316	57	41	1	59	114	270	326	0.001	30.0
XP_035743105.1	XP_006562310.2	26.316	57	41	1	59	114	270	326	0.001	30.0
XP_035743165.1	NP_001011611.2	47.059	17	9	0	105	121	16	32	0.038	23.5
XP_035743223.1	XP_006562308.2	36.842	38	24	0	186	223	1292	1329	0.020	26.6
XP_035743223.1	XP_006562308.2	22.000	100	72	2	172	266	708	806	0.029	26.2
XP_035743223.1	XP_016771028.2	36.842	38	24	0	186	223	956	993	0.022	26.6
XP_035743223.1	XP_016771028.2	22.000	100	72	2	172	266	372	470	0.035	25.8
XP_035743288.1	XP_006562308.2	26.316	133	77	5	272	383	1637	1769	0.005	30.4
XP_035743289.1	XP_006562308.2	26.316	133	77	5	272	383	1637	1769	0.005	30.4
XP_035743290.1	XP_006562308.2	26.316	133	77	5	272	383	1637	1769	0.005	30.4
XP_035743291.1	XP_006562308.2	26.316	133	77	5	265	376	1637	1769	0.004	30.4
XP_035743292.1	XP_016771028.2	26.316	133	77	5	174	285	1301	1433	0.002	31.2
XP_035743292.1	XP_016771029.2	26.316	133	77	5	174	285	1237	1369	0.003	30.8
XP_035743292.1	XP_006562311.2	26.316	133	77	5	174	285	1439	1571	0.004	30.4
XP_035743292.1	XP_006562310.2	26.316	133	77	5	174	285	1439	1571	0.004	30.4
XP_035743292.1	XP_006562308.2	26.316	133	77	5	174	285	1637	1769	0.004	30.4
XP_035743293.1	XP_016771028.2	26.316	133	77	5	174	285	1301	1433	0.002	31.2
XP_035743293.1	XP_016771029.2	26.316	133	77	5	174	285	1237	1369	0.003	30.8
XP_035743293.1	XP_006562311.2	26.316	133	77	5	174	285	1439	1571	0.004	30.4
XP_035743293.1	XP_006562310.2	26.316	133	77	5	174	285	1439	1571	0.004	30.4
XP_035743293.1	XP_006562308.2	26.316	133	77	5	174	285	1637	1769	0.004	30.4
XP_035743530.1	XP_016771028.2	36.735	49	23	2	52	96	1838	1882	0.038	26.6
XP_035743530.1	XP_016771029.2	36.735	49	23	2	52	96	1774	1818	0.042	26.6
XP_035743530.1	XP_006562308.2	36.735	49	23	2	52	96	2174	2218	0.043	26.6
XP_035743530.1	XP_006562311.2	36.735	49	23	2	52	96	1976	2020	0.048	26.2
XP_035743530.1	XP_006562310.2	36.735	49	23	2	52	96	1976	2020	0.048	26.2
XP_035743592.1	XP_006562308.2	30.303	66	45	1	408	473	384	448	0.001	31.2
XP_035743592.1	XP_006562311.2	30.303	66	45	1	408	473	165	229	0.002	31.2
XP_035743592.1	XP_006562310.2	30.303	66	45	1	408	473	165	229	0.002	31.2
XP_035744021.1	XP_006562308.2	42.222	45	25	1	1842	1885	1303	1347	0.008	31.2
XP_035744021.1	XP_006562311.2	42.222	45	25	1	1842	1885	1105	1149	0.009	31.2
XP_035744021.1	XP_006562310.2	42.222	45	25	1	1842	1885	1105	1149	0.009	31.2
XP_035744021.1	XP_016771028.2	42.222	45	25	1	1842	1885	967	1011	0.009	31.2
XP_035744021.1	XP_016771029.2	42.222	45	25	1	1842	1885	903	947	0.010	30.8
XP_035744022.1	XP_006562308.2	42.222	45	25	1	1842	1885	1303	1347	0.008	31.2
XP_035744022.1	XP_006562311.2	42.222	45	25	1	1842	1885	1105	1149	0.009	31.2
XP_035744022.1	XP_006562310.2	42.222	45	25	1	1842	1885	1105	1149	0.009	31.2
XP_035744022.1	XP_016771028.2	42.222	45	25	1	1842	1885	967	1011	0.009	31.2
XP_035744022.1	XP_016771029.2	42.222	45	25	1	1842	1885	903	947	0.010	30.8
XP_035744023.1	XP_006562308.2	42.222	45	25	1	1842	1885	1303	1347	0.008	31.2
XP_035744023.1	XP_006562311.2	42.222	45	25	1	1842	1885	1105	1149	0.009	31.2
XP_035744023.1	XP_006562310.2	42.222	45	25	1	1842	1885	1105	1149	0.009	31.2
XP_035744023.1	XP_016771028.2	42.222	45	25	1	1842	1885	967	1011	0.009	31.2
XP_035744023.1	XP_016771029.2	42.222	45	25	1	1842	1885	903	947	0.010	30.8
XP_035744024.1	XP_006562308.2	42.222	45	25	1	1842	1885	1303	1347	0.008	31.2
XP_035744024.1	XP_006562311.2	42.222	45	25	1	1842	1885	1105	1149	0.009	31.2
XP_035744024.1	XP_006562310.2	42.222	45	25	1	1842	1885	1105	1149	0.009	31.2
XP_035744024.1	XP_016771028.2	42.222	45	25	1	1842	1885	967	1011	0.009	31.2
XP_035744024.1	XP_016771029.2	42.222	45	25	1	1842	1885	903	947	0.010	30.8
XP_035744268.1	XP_016771028.2	37.500	24	15	0	485	508	115	138	0.033	27.3
