XP_017787408.1	XP_026295882.1	24.855	173	100	7	519	661	798	970	0.029	27.7
XP_017787433.1	XP_026301798.1	27.273	66	47	1	1759	1824	605	669	0.002	32.7
XP_017787433.1	XP_026301796.1	26.389	72	52	1	1753	1824	599	669	0.002	32.7
XP_017787433.1	XP_016767346.2	26.389	72	52	1	1753	1824	557	627	0.002	32.3
XP_017787471.1	XP_026301798.1	32.000	50	28	2	456	505	670	713	0.008	28.9
XP_017787471.1	XP_026301796.1	32.000	50	28	2	456	505	670	713	0.013	28.1
XP_017787471.1	XP_026301797.1	32.000	50	28	2	456	505	616	659	0.014	28.1
XP_017787471.1	XP_016767346.2	32.000	50	28	2	456	505	628	671	0.022	27.3
XP_017787487.1	XP_026295882.1	28.125	64	40	1	210	273	1091	1148	0.009	28.1
XP_017787532.1	XP_026295882.1	32.500	40	27	0	272	311	538	577	0.037	26.6
XP_017787533.1	XP_026301798.1	48.571	35	16	2	531	563	788	822	0.038	26.2
XP_017787590.1	XP_016767346.2	34.043	47	31	0	635	681	563	609	3.64e-05	37.4
XP_017787590.1	XP_026301796.1	34.043	47	31	0	635	681	605	651	4.56e-05	37.0
XP_017787590.1	XP_026301798.1	34.043	47	31	0	635	681	605	651	5.70e-05	36.6
XP_017787593.1	XP_026295882.1	28.814	59	40	1	63	121	813	869	0.002	29.6
XP_017787594.1	XP_026295882.1	28.814	59	40	1	63	121	813	869	0.002	29.6
XP_017787598.1	XP_026301797.1	34.444	90	53	3	100	187	232	317	1.47e-04	34.7
XP_017787598.1	XP_026301797.1	26.961	204	101	9	108	279	144	331	0.001	31.6
XP_017787598.1	XP_026301797.1	30.841	107	56	5	164	262	103	199	0.003	30.4
XP_017787598.1	XP_016767346.2	34.444	90	53	3	100	187	232	317	1.58e-04	34.7
XP_017787598.1	XP_016767346.2	28.492	179	92	8	108	254	144	318	0.001	31.6
XP_017787598.1	XP_016767346.2	31.132	106	55	5	165	262	104	199	0.002	30.8
XP_017787598.1	XP_026301796.1	34.444	90	53	3	100	187	232	317	1.63e-04	34.7
XP_017787598.1	XP_026301796.1	26.961	204	101	9	108	279	144	331	0.002	31.2
XP_017787598.1	XP_026301796.1	30.841	107	56	5	164	262	103	199	0.003	30.4
XP_017787598.1	XP_026301798.1	34.444	90	53	3	100	187	232	317	2.79e-04	33.9
XP_017787598.1	XP_026301798.1	26.829	205	100	9	108	279	144	331	0.004	30.0
XP_017787598.1	XP_026301798.1	30.841	107	56	5	164	262	103	199	0.005	29.6
XP_017787627.1	XP_016767346.2	35.897	39	25	0	102	140	232	270	0.037	24.3
XP_017787627.1	XP_026301797.1	35.897	39	25	0	102	140	232	270	0.037	24.3
XP_017787627.1	XP_026301796.1	35.897	39	25	0	102	140	232	270	0.039	24.3
XP_017787627.1	XP_026301798.1	35.897	39	25	0	102	140	232	270	0.046	24.3
XP_017787709.1	XP_026301796.1	37.037	54	31	2	254	307	499	549	0.015	26.9
XP_017787709.1	XP_026301798.1	37.037	54	31	2	254	307	499	549	0.015	26.9
XP_017787709.1	XP_026301797.1	37.037	54	31	2	254	307	499	549	0.015	26.9
XP_017787728.1	XP_026295882.1	36.364	33	21	0	238	270	845	877	0.012	29.3
XP_017787729.1	XP_026295882.1	36.364	33	21	0	220	252	845	877	0.012	29.3
XP_017787730.1	XP_026295882.1	36.364	33	21	0	220	252	845	877	0.012	29.3
XP_017787731.1	XP_026295882.1	36.364	33	21	0	220	252	845	877	0.013	28.9
XP_017787732.1	XP_026295882.1	36.364	33	21	0	220	252	845	877	0.012	29.3
XP_017787733.1	XP_026295882.1	36.364	33	21	0	220	252	845	877	0.012	29.3
XP_017787768.1	XP_026295882.1	29.730	37	26	0	36	72	894	930	0.025	26.6
XP_017787777.1	XP_016767346.2	27.381	84	54	2	568	644	23	106	0.006	29.6
XP_017787777.1	XP_026301796.1	27.381	84	54	2	568	644	23	106	0.008	29.3
XP_017787777.1	XP_026301797.1	27.381	84	54	2	568	644	23	106	0.008	29.3
XP_017787777.1	XP_026301798.1	27.419	62	41	1	587	644	45	106	0.013	28.5
XP_017787786.1	XP_026301798.1	27.632	76	48	2	11209	11279	681	754	0.017	32.3
XP_017787786.1	XP_026301796.1	27.632	76	48	2	11209	11279	681	754	0.035	31.2
XP_017787786.1	XP_026301797.1	27.632	76	48	2	11209	11279	627	700	0.037	31.2
XP_017787806.1	XP_026301796.1	33.333	54	31	2	79	127	144	197	0.007	28.1
XP_017787806.1	XP_026301796.1	25.170	147	75	5	26	140	161	304	0.028	26.2
XP_017787806.1	XP_026301797.1	33.333	54	31	2	79	127	144	197	0.007	28.1
XP_017787806.1	XP_026301797.1	25.170	147	75	5	26	140	161	304	0.032	26.2
XP_017787806.1	XP_016767346.2	33.333	54	31	2	79	127	144	197	0.008	28.1
XP_017787806.1	XP_016767346.2	25.170	147	75	5	26	140	161	304	0.045	25.8
XP_017787806.1	XP_026301798.1	33.333	54	31	2	79	127	144	197	0.009	28.1
XP_017787806.1	XP_026301798.1	25.170	147	75	5	26	140	161	304	0.031	26.2
XP_017787815.1	XP_026295882.1	32.075	106	45	5	821	900	277	381	0.022	27.7
XP_017788067.1	XP_026301796.1	24.096	83	60	2	414	496	528	607	0.011	27.7
XP_017788067.1	XP_026301798.1	24.096	83	60	2	414	496	528	607	0.014	27.3
XP_017788143.1	XP_026301798.1	27.869	61	38	1	21	75	412	472	0.013	26.2
XP_017788143.1	XP_026301796.1	27.869	61	38	1	21	75	412	472	0.021	25.4
XP_017788143.1	XP_026301797.1	27.869	61	38	1	21	75	412	472	0.023	25.4
XP_017788230.1	XP_624500.2	29.268	41	29	0	160	200	284	324	0.015	26.2
XP_017788282.1	XP_026301798.1	25.150	167	91	6	172	308	159	321	1.27e-04	33.1
XP_017788282.1	XP_026301796.1	25.150	167	91	6	172	308	159	321	1.50e-04	32.7
XP_017788282.1	XP_026301797.1	24.390	164	96	5	172	308	159	321	1.73e-04	32.7
XP_017788282.1	XP_016767346.2	24.390	164	96	5	172	308	159	321	2.13e-04	32.3
XP_017788306.1	XP_006563266.1	31.746	63	34	3	1248	1305	86	144	0.049	26.6
XP_017788309.1	XP_026301797.1	41.379	29	17	0	94	122	337	365	0.044	24.3
XP_017788309.1	XP_026301796.1	41.379	29	17	0	94	122	337	365	0.046	24.3
XP_017788309.1	XP_026301798.1	41.379	29	17	0	94	122	337	365	0.048	24.3
XP_017788317.1	XP_026301796.1	40.476	42	25	0	162	203	1041	1082	0.024	27.7
XP_017788317.1	XP_026301797.1	40.476	42	25	0	162	203	987	1028	0.026	27.7
XP_017788317.1	XP_016767346.2	40.476	42	25	0	162	203	999	1040	0.031	27.7
XP_017788318.1	XP_026295882.1	28.030	132	77	6	391	520	996	1111	0.014	27.7
XP_017788319.1	XP_026295882.1	28.030	132	77	6	363	492	996	1111	0.016	27.3
XP_017788320.1	XP_026295882.1	28.030	132	77	6	363	492	996	1111	0.016	27.3
XP_017788358.1	XP_026295882.1	26.786	56	41	0	83	138	1110	1165	0.003	27.3
XP_017788365.1	XP_624500.2	23.404	94	60	3	2474	2556	251	343	0.035	29.3
XP_017788366.1	XP_016767346.2	28.333	120	57	7	121	226	214	318	0.004	29.3
XP_017788366.1	XP_026301797.1	28.333	120	57	7	121	226	214	318	0.004	29.3
XP_017788366.1	XP_026301796.1	28.333	120	57	7	121	226	214	318	0.005	29.3
XP_017788366.1	XP_026301798.1	28.333	120	57	7	121	226	214	318	0.006	28.9
XP_017788367.1	XP_026295882.1	57.143	14	6	0	220	233	1259	1272	0.047	25.0
XP_017788369.1	XP_026295882.1	31.818	66	44	1	1637	1702	888	952	0.005	31.6
XP_017788429.1	XP_026301798.1	47.368	19	10	0	50	68	565	583	0.031	25.0
XP_017788429.1	XP_026301797.1	47.368	19	10	0	50	68	565	583	0.038	24.6
XP_017788429.1	XP_026301796.1	47.368	19	10	0	50	68	565	583	0.039	24.6
XP_017788430.1	XP_026301798.1	47.368	19	10	0	50	68	565	583	0.031	25.0
XP_017788430.1	XP_026301797.1	47.368	19	10	0	50	68	565	583	0.038	24.6
XP_017788430.1	XP_026301796.1	47.368	19	10	0	50	68	565	583	0.039	24.6
XP_017788474.1	XP_026301801.1	23.611	72	49	2	64	132	259	327	0.026	25.4
XP_017788486.1	XP_016767346.2	29.787	94	63	1	43	133	228	321	2.50e-06	40.0
XP_017788486.1	XP_016767346.2	22.549	204	129	3	76	251	170	372	5.41e-05	35.4
XP_017788486.1	XP_026301796.1	29.897	97	59	2	43	133	228	321	2.91e-06	39.7
XP_017788486.1	XP_026301796.1	22.549	204	129	3	76	251	170	372	5.26e-05	35.4
XP_017788486.1	XP_026301797.1	29.897	97	59	2	43	133	228	321	3.55e-06	39.3
XP_017788486.1	XP_026301797.1	22.549	204	129	3	76	251	170	372	7.29e-05	35.0
XP_017788486.1	XP_026301798.1	29.897	97	59	2	43	133	228	321	4.55e-06	38.9
XP_017788486.1	XP_026301798.1	23.973	146	107	2	109	251	228	372	6.21e-05	35.4
XP_017788486.1	XP_624500.2	24.528	53	40	0	489	541	275	327	0.045	25.8
XP_017788505.1	XP_026295882.1	45.714	35	18	1	222	255	106	140	0.019	26.6
XP_017788547.1	XP_026301796.1	25.000	124	83	5	1234	1356	543	657	0.002	32.7
XP_017788547.1	XP_026301798.1	23.952	167	112	8	1234	1396	543	698	0.002	32.7
XP_017788548.1	XP_026301798.1	23.952	167	112	8	675	837	543	698	0.002	32.0
XP_017788548.1	XP_026301796.1	23.952	167	112	8	675	837	543	698	0.004	31.6
XP_017788551.1	XP_026295882.1	31.250	160	93	5	389	534	889	1045	6.37e-04	33.1
XP_017788552.1	XP_026295882.1	31.250	160	93	5	389	534	889	1045	6.37e-04	33.1
XP_017788598.1	XP_026301798.1	32.258	31	21	0	346	376	865	895	0.003	29.6
XP_017788598.1	XP_026301796.1	32.258	31	21	0	346	376	865	895	0.004	29.3
XP_017788598.1	XP_026301797.1	32.258	31	21	0	346	376	811	841	0.005	28.9
XP_017788598.1	XP_016767346.2	32.258	31	21	0	346	376	823	853	0.006	28.9
XP_017788686.1	XP_026295882.1	27.273	44	29	1	18	58	544	587	0.006	26.2
XP_017788713.1	XP_026301798.1	34.884	43	26	1	463	505	638	678	0.032	27.3
XP_017788713.1	XP_026301796.1	34.884	43	26	1	463	505	638	678	0.036	26.9
XP_017788713.1	XP_016767346.2	34.884	43	26	1	463	505	596	636	0.041	26.9
XP_017788731.1	XP_026301796.1	30.303	66	31	2	205	269	1024	1075	0.008	26.9
XP_017788731.1	XP_026301797.1	30.303	66	31	2	205	269	970	1021	0.009	26.9
XP_017788731.1	XP_016767346.2	30.303	66	31	2	205	269	982	1033	0.013	26.6
XP_017788748.1	XP_026301796.1	52.381	21	10	0	808	828	294	314	0.040	27.3
XP_017788748.1	XP_026301798.1	52.381	21	10	0	808	828	294	314	0.040	27.3
XP_017788748.1	XP_026301797.1	52.381	21	10	0	808	828	294	314	0.041	27.3
XP_017788748.1	XP_016767346.2	52.381	21	10	0	808	828	294	314	0.042	27.3
XP_017788869.1	XP_026301798.1	30.000	50	35	0	60	109	220	269	1.57e-04	33.9
XP_017788869.1	XP_026301798.1	20.879	182	122	5	188	359	152	321	3.16e-04	32.7
XP_017788869.1	XP_026301798.1	25.503	149	95	5	236	376	129	269	7.56e-04	31.6
XP_017788869.1	XP_026301798.1	24.219	128	84	5	203	325	228	347	0.001	31.2
XP_017788869.1	XP_026301796.1	33.333	42	28	0	68	109	228	269	2.06e-04	33.5
XP_017788869.1	XP_026301796.1	20.879	182	122	5	188	359	152	321	2.25e-04	33.5
XP_017788869.1	XP_026301796.1	25.503	149	95	5	236	376	129	269	6.00e-04	32.0
XP_017788869.1	XP_026301796.1	24.219	128	84	5	203	325	228	347	7.69e-04	31.6
XP_017788869.1	XP_026301797.1	33.333	42	28	0	68	109	228	269	2.07e-04	33.5
XP_017788869.1	XP_026301797.1	20.879	182	122	5	188	359	152	321	2.12e-04	33.5
XP_017788869.1	XP_026301797.1	25.333	150	94	5	236	376	129	269	5.67e-04	32.0
XP_017788869.1	XP_026301797.1	24.219	128	84	5	203	325	228	347	8.40e-04	31.6
XP_017788869.1	XP_016767346.2	33.333	42	28	0	68	109	228	269	2.13e-04	33.5
XP_017788869.1	XP_016767346.2	20.879	182	122	5	188	359	152	321	2.66e-04	33.1
XP_017788869.1	XP_016767346.2	25.333	150	94	5	236	376	129	269	5.17e-04	32.3
XP_017788869.1	XP_016767346.2	24.219	128	84	5	203	325	228	347	0.001	31.2
XP_017788914.1	XP_026301801.1	37.143	35	21	1	3	36	22	56	0.040	23.5
XP_017788980.1	XP_026301798.1	22.414	116	73	3	111	211	780	893	0.019	26.2
XP_017789091.1	XP_026301797.1	22.222	99	63	3	224	318	561	649	0.036	26.2
XP_017789092.1	XP_026301797.1	22.222	99	63	3	224	318	561	649	0.036	26.2
XP_017789094.1	XP_026295882.1	27.692	130	69	6	331	447	829	946	0.043	26.9
XP_017789116.1	XP_026301796.1	23.077	221	156	5	545	756	451	666	5.73e-11	55.8
XP_017789116.1	XP_026301798.1	23.077	221	156	5	545	756	451	666	2.09e-10	53.9
XP_017789116.1	XP_016767346.2	26.667	75	54	1	682	756	551	624	2.60e-04	33.9
XP_017789116.1	XP_026301797.1	22.835	127	93	2	545	670	451	573	8.89e-04	32.3
XP_017789117.1	XP_026301796.1	23.077	221	156	5	545	756	451	666	5.73e-11	55.8
XP_017789117.1	XP_026301798.1	23.077	221	156	5	545	756	451	666	2.09e-10	53.9
XP_017789117.1	XP_016767346.2	26.667	75	54	1	682	756	551	624	2.60e-04	33.9
XP_017789117.1	XP_026301797.1	22.835	127	93	2	545	670	451	573	8.89e-04	32.3
XP_017789126.1	XP_026301798.1	26.250	160	99	5	44	197	177	323	2.96e-05	36.6
XP_017789126.1	XP_026301796.1	26.250	160	99	5	44	197	177	323	5.54e-05	35.4
XP_017789126.1	XP_026301797.1	26.250	160	99	5	44	197	177	323	5.80e-05	35.4
XP_017789126.1	XP_016767346.2	26.250	160	99	5	44	197	177	323	8.97e-05	35.0
XP_017789130.1	XP_026301798.1	30.769	78	48	4	271	345	807	881	0.010	28.5
XP_017789130.1	XP_026301796.1	30.769	78	48	4	271	345	807	881	0.011	28.5
XP_017789130.1	XP_026301797.1	30.769	78	48	4	271	345	753	827	0.012	28.5
XP_017789130.1	XP_016767346.2	30.769	78	48	4	271	345	765	839	0.014	28.1
XP_017789144.1	XP_026295882.1	28.302	106	28	5	14	79	1225	1322	0.008	28.5
XP_017789157.1	XP_624500.2	32.143	56	38	0	175	230	278	333	2.44e-05	34.7
XP_017789163.1	XP_026295882.1	25.904	166	104	6	667	820	850	1008	0.018	28.5
XP_017789225.1	XP_016767346.2	25.806	124	56	3	86	173	164	287	4.31e-04	31.6
XP_017789225.1	XP_026301796.1	25.806	124	56	3	86	173	164	287	5.56e-04	31.2
XP_017789225.1	XP_026301797.1	25.806	124	56	3	86	173	164	287	5.64e-04	31.2
XP_017789225.1	XP_026301798.1	25.806	124	56	3	86	173	164	287	6.03e-04	30.8
XP_017789315.1	XP_026295882.1	21.839	87	64	2	56	138	499	585	0.002	28.5
XP_017789346.1	XP_016767346.2	19.626	107	82	1	3	105	908	1014	0.009	27.7
XP_017789346.1	XP_026301797.1	19.626	107	82	1	3	105	896	1002	0.011	27.3
XP_017789346.1	XP_026301796.1	19.626	107	82	1	3	105	950	1056	0.013	26.9
XP_017789410.1	XP_016767346.2	25.325	154	87	4	738	865	167	318	0.002	32.0
XP_017789410.1	XP_016767346.2	25.974	77	54	1	881	954	232	308	0.004	30.8
XP_017789410.1	XP_026301797.1	25.325	154	87	4	738	865	167	318	0.002	31.6
XP_017789410.1	XP_026301797.1	25.974	77	54	1	881	954	232	308	0.004	30.8
XP_017789410.1	XP_026301796.1	25.325	154	87	4	738	865	167	318	0.003	31.2
XP_017789410.1	XP_026301796.1	25.974	77	54	1	881	954	232	308	0.005	30.4
XP_017789410.1	XP_026301798.1	25.974	77	54	1	881	954	232	308	0.009	29.6
XP_017789410.1	XP_026301798.1	24.691	162	94	4	738	873	167	326	0.015	28.9
XP_017789495.1	XP_026295882.1	42.857	21	12	0	1006	1026	92	112	0.009	30.4
XP_017789496.1	XP_026295882.1	42.857	21	12	0	1006	1026	92	112	0.009	30.4
XP_017789583.1	XP_624500.2	32.432	37	22	1	187	220	188	224	0.028	26.2
XP_017789666.1	XP_026295882.1	33.333	42	28	0	256	297	1067	1108	0.036	25.8
XP_017789774.1	XP_026295882.1	41.379	29	17	0	249	277	182	210	0.007	28.1
XP_017789776.1	XP_026301801.1	28.571	49	35	0	149	197	21	69	0.038	24.6
XP_017789857.1	XP_016767346.2	54.286	35	15	1	735	769	228	261	2.95e-04	34.3
XP_017789857.1	XP_016767346.2	25.806	93	44	3	274	342	162	253	0.012	29.3
XP_017789857.1	XP_026301797.1	54.286	35	15	1	735	769	228	261	3.55e-04	33.9
XP_017789857.1	XP_026301797.1	25.806	93	44	3	274	342	162	253	0.012	28.9
XP_017789857.1	XP_026301796.1	54.286	35	15	1	735	769	228	261	4.13e-04	33.9
XP_017789857.1	XP_026301796.1	25.806	93	44	3	274	342	162	253	0.013	28.9
XP_017789857.1	XP_026301798.1	54.286	35	15	1	735	769	228	261	6.34e-04	33.1
XP_017789857.1	XP_026301798.1	25.806	93	44	3	274	342	162	253	0.017	28.5
XP_017789921.1	XP_026301801.1	44.444	27	14	1	171	197	199	224	0.029	25.0
XP_017789933.1	XP_026301798.1	20.455	176	97	6	96	255	792	940	0.029	25.4
XP_017790051.1	XP_026295882.1	21.978	91	61	3	260	350	90	170	0.027	25.8
XP_017790052.1	XP_026295882.1	21.978	91	61	3	232	322	90	170	0.024	25.8
XP_017790147.1	XP_026301801.1	29.412	85	56	3	26	110	123	203	0.008	26.9
XP_017790170.1	XP_026295882.1	40.000	30	18	0	175	204	605	634	0.007	27.7
XP_017790237.1	XP_624500.2	27.660	94	59	3	714	806	240	325	0.049	26.6
XP_017790238.1	XP_624500.2	27.660	94	59	3	571	663	240	325	0.045	26.2
XP_017790283.1	XP_026301798.1	30.303	33	23	0	124	156	633	665	0.010	29.3
XP_017790283.1	XP_026301796.1	30.303	33	23	0	124	156	633	665	0.013	28.9
XP_017790283.1	XP_016767346.2	30.303	33	23	0	124	156	591	623	0.015	28.9
XP_017790350.1	XP_026295882.1	30.120	83	42	3	221	289	991	1071	0.014	27.7
XP_017790352.1	XP_016767346.2	21.359	103	76	2	261	363	648	745	0.030	26.6
XP_017790352.1	XP_026301797.1	21.359	103	76	2	261	363	636	733	0.033	26.2
XP_017790352.1	XP_026301796.1	21.359	103	76	2	261	363	690	787	0.035	26.2
XP_017790352.1	XP_026301798.1	24.138	58	42	1	306	363	732	787	0.042	25.8
XP_017790393.1	XP_016767346.2	21.569	51	40	0	5	55	739	789	0.002	28.9
XP_017790393.1	XP_026301798.1	21.569	51	40	0	5	55	781	831	0.004	28.1
XP_017790393.1	XP_026301796.1	21.569	51	40	0	5	55	781	831	0.008	27.3
XP_017790393.1	XP_026301797.1	21.569	51	40	0	5	55	727	777	0.009	27.3
XP_017790483.1	XP_026295882.1	25.217	115	68	2	193	307	912	1008	0.005	28.5
XP_017790484.1	XP_026295882.1	25.217	115	68	2	186	300	912	1008	0.005	28.5
XP_017790499.1	XP_016767346.2	35.593	59	31	2	287	339	737	794	0.009	27.3
XP_017790499.1	XP_026301797.1	35.593	59	31	2	287	339	725	782	0.010	27.3
XP_017790499.1	XP_026301796.1	35.593	59	31	2	287	339	779	836	0.011	27.3
XP_017790499.1	XP_026301798.1	35.593	59	31	2	287	339	779	836	0.014	26.9
XP_017790533.1	XP_026295882.1	33.962	53	35	0	187	239	299	351	0.009	28.5
XP_017790564.1	XP_026295882.1	33.333	78	47	3	825	901	999	1072	0.025	28.1
XP_017790565.1	XP_026295882.1	33.333	78	47	3	805	881	999	1072	0.021	28.1
XP_017790566.1	XP_026295882.1	33.333	78	47	3	802	878	999	1072	0.027	27.7
XP_017790567.1	XP_026295882.1	33.333	78	47	3	786	862	999	1072	0.023	28.1
XP_017790568.1	XP_026295882.1	33.333	78	47	3	785	861	999	1072	0.024	27.7
XP_017790569.1	XP_026295882.1	33.333	78	47	3	782	858	999	1072	0.024	28.1
XP_017790570.1	XP_026295882.1	33.333	78	47	3	764	840	999	1072	0.024	27.7
XP_017790571.1	XP_026295882.1	33.333	78	47	3	759	835	999	1072	0.022	28.1
XP_017790573.1	XP_026295882.1	33.333	78	47	3	743	819	999	1072	0.020	28.1
XP_017790574.1	XP_026295882.1	33.333	78	47	3	732	808	999	1072	0.023	28.1
XP_017790575.1	XP_026295882.1	33.333	78	47	3	720	796	999	1072	0.022	28.1
XP_017790576.1	XP_026295882.1	33.333	78	47	3	619	695	999	1072	0.028	27.3
XP_017790589.1	XP_026301801.1	31.373	51	33	1	455	503	26	76	0.034	26.9
XP_017790602.1	XP_026301801.1	35.294	51	33	0	1486	1536	166	216	0.041	28.5
XP_017790648.1	XP_026295882.1	34.286	35	19	1	265	295	687	721	0.014	26.6
XP_017790670.1	XP_026295882.1	27.389	157	106	3	186	335	806	961	0.001	32.3
XP_017790680.1	XP_026301798.1	22.472	89	65	1	1771	1855	761	849	0.050	28.1
XP_017790681.1	XP_026301798.1	33.333	60	34	2	45	98	694	753	0.014	25.8
XP_017790681.1	XP_026301797.1	33.333	60	34	2	45	98	640	699	0.016	25.8
XP_017790681.1	XP_026301796.1	33.333	60	34	2	45	98	694	753	0.016	25.8
XP_017790681.1	XP_016767346.2	33.333	60	34	2	45	98	652	711	0.017	25.8
XP_017790690.1	XP_026301798.1	33.333	60	34	2	45	98	694	753	0.014	25.8
XP_017790690.1	XP_026301797.1	33.333	60	34	2	45	98	640	699	0.016	25.8
XP_017790690.1	XP_026301796.1	33.333	60	34	2	45	98	694	753	0.016	25.8
XP_017790690.1	XP_016767346.2	33.333	60	34	2	45	98	652	711	0.017	25.8
XP_017790792.1	XP_026301797.1	27.778	54	33	1	609	656	216	269	0.027	28.1
XP_017790792.1	XP_016767346.2	27.778	54	33	1	609	656	216	269	0.028	28.1
XP_017790792.1	XP_026301796.1	27.778	54	33	1	609	656	216	269	0.032	28.1
XP_017790792.1	XP_026301798.1	27.778	54	33	1	609	656	216	269	0.041	27.7
XP_017790922.1	XP_026295882.1	24.180	244	142	12	895	1105	932	1165	0.020	28.1
XP_017790953.1	XP_026301797.1	28.049	82	55	2	45	123	228	308	0.002	30.0
XP_017790953.1	XP_026301796.1	28.049	82	55	2	45	123	228	308	0.002	30.0
XP_017790953.1	XP_016767346.2	28.049	82	55	2	45	123	228	308	0.002	30.0
XP_017790953.1	XP_026301798.1	28.049	82	55	2	45	123	228	308	0.002	29.6
XP_017790959.1	XP_026301798.1	52.632	19	9	0	50	68	792	810	0.017	25.4
XP_017790959.1	XP_026301797.1	52.632	19	9	0	50	68	738	756	0.026	24.6
XP_017790959.1	XP_016767346.2	52.632	19	9	0	50	68	750	768	0.027	24.6
XP_017790959.1	XP_026301796.1	52.632	19	9	0	50	68	792	810	0.027	24.6
XP_017791077.1	XP_624500.2	50.000	16	8	0	227	242	330	345	0.041	25.0
XP_017791090.1	XP_026301801.1	29.508	61	42	1	562	621	22	82	0.006	28.9
XP_017791123.1	XP_006563266.1	29.333	75	49	3	140	213	89	160	0.023	26.2
XP_017791123.1	NP_001012431.1	30.137	73	47	3	142	213	95	164	0.041	25.4
XP_017791139.1	XP_026295882.1	31.481	54	30	1	163	209	235	288	0.018	27.3
XP_017791207.1	XP_026301801.1	22.973	148	112	1	64	209	179	326	0.008	28.9
XP_017791274.1	XP_026295882.1	21.805	266	184	4	399	657	847	1095	2.47e-04	34.3
XP_017791275.1	XP_026295882.1	22.814	263	166	5	399	638	847	1095	3.78e-05	37.0
XP_017791276.1	XP_026295882.1	21.805	266	184	4	399	657	847	1095	2.15e-04	34.7
XP_017791277.1	XP_026295882.1	21.805	266	184	4	220	478	847	1095	3.24e-04	33.5
XP_017791313.1	XP_016767346.2	30.000	70	43	2	1106	1169	214	283	3.88e-04	33.9
XP_017791313.1	XP_026301797.1	30.000	70	43	2	1106	1169	214	283	5.58e-04	33.5
XP_017791313.1	XP_026301796.1	30.000	70	43	2	1106	1169	214	283	6.31e-04	33.5
XP_017791313.1	XP_026301798.1	30.000	70	43	2	1106	1169	214	283	0.001	32.3
XP_017791321.1	XP_016767346.2	30.000	70	43	2	1034	1097	214	283	3.86e-04	33.9
XP_017791321.1	XP_026301797.1	30.000	70	43	2	1034	1097	214	283	5.89e-04	33.5
XP_017791321.1	XP_026301796.1	30.000	70	43	2	1034	1097	214	283	6.78e-04	33.1
XP_017791321.1	XP_026301798.1	30.000	70	43	2	1034	1097	214	283	0.001	32.3
XP_017791323.1	XP_026295882.1	33.333	42	26	1	56	97	556	595	0.035	23.9
XP_017791378.1	XP_026301798.1	30.000	50	27	3	191	238	263	306	0.005	28.5
XP_017791378.1	XP_026301796.1	30.000	50	27	3	191	238	263	306	0.005	28.5
XP_017791378.1	XP_026301797.1	30.000	50	27	3	191	238	263	306	0.005	28.5
XP_017791378.1	XP_016767346.2	30.000	50	27	3	191	238	263	306	0.005	28.5
XP_017791379.1	XP_026301798.1	30.000	50	27	3	191	238	263	306	0.005	28.5
XP_017791379.1	XP_026301796.1	30.000	50	27	3	191	238	263	306	0.005	28.5
XP_017791379.1	XP_026301797.1	30.000	50	27	3	191	238	263	306	0.005	28.5
XP_017791379.1	XP_016767346.2	30.000	50	27	3	191	238	263	306	0.005	28.5
XP_017791380.1	XP_026301798.1	30.000	50	27	3	165	212	263	306	0.006	28.1
XP_017791380.1	XP_026301796.1	30.000	50	27	3	165	212	263	306	0.006	28.1
XP_017791380.1	XP_026301797.1	30.000	50	27	3	165	212	263	306	0.006	28.1
XP_017791380.1	XP_016767346.2	30.000	50	27	3	165	212	263	306	0.007	27.7
XP_017791409.1	XP_026295882.1	39.474	38	20	1	83	117	938	975	0.023	25.8
XP_017791492.1	XP_016767346.2	25.126	199	97	9	397	565	145	321	0.002	31.2
XP_017791492.1	XP_026301797.1	25.126	199	97	9	397	565	145	321	0.002	31.2
XP_017791492.1	XP_026301796.1	25.126	199	97	9	397	565	145	321	0.002	30.8
XP_017791492.1	XP_026301798.1	26.344	186	85	9	397	552	145	308	0.003	30.4
XP_017791499.1	XP_026295882.1	33.333	21	14	0	1701	1721	92	112	0.044	28.1
XP_017791507.1	XP_026295882.1	27.607	163	98	8	449	606	834	981	0.003	30.8
XP_017791515.1	XP_016767346.2	30.645	62	41	1	2330	2389	260	321	0.022	29.3
XP_017791515.1	XP_026301797.1	30.645	62	41	1	2330	2389	260	321	0.026	29.3
XP_017791515.1	XP_026301796.1	31.148	61	40	1	2331	2389	261	321	0.031	28.9
XP_017791578.1	XP_026295882.1	27.835	194	118	8	346	531	767	946	0.020	27.3
XP_017791578.1	XP_026295882.1	28.507	221	122	11	276	493	851	1038	0.022	27.3
XP_017791617.1	XP_026301798.1	47.368	19	10	0	22	40	718	736	0.037	23.5
XP_017791617.1	XP_026301796.1	47.368	19	10	0	22	40	718	736	0.042	23.5
XP_017791617.1	XP_016767346.2	47.368	19	10	0	22	40	676	694	0.043	23.5
XP_017791617.1	XP_026301797.1	47.368	19	10	0	22	40	664	682	0.048	23.5
XP_017791632.1	XP_026295882.1	40.000	30	18	0	13	42	1007	1036	0.012	26.2
XP_017791650.1	XP_026295882.1	21.552	116	63	4	133	223	417	529	0.012	30.0
XP_017791671.1	XP_026301797.1	34.021	97	56	2	1526	1617	228	321	2.15e-05	38.9
XP_017791671.1	XP_026301797.1	25.595	168	99	4	1526	1683	170	321	6.24e-04	34.3
XP_017791671.1	XP_016767346.2	34.021	97	56	2	1526	1617	228	321	2.17e-05	38.9
XP_017791671.1	XP_016767346.2	25.595	168	99	4	1526	1683	170	321	4.77e-04	34.7
XP_017791671.1	XP_026301796.1	34.021	97	56	2	1526	1617	228	321	2.26e-05	38.9
XP_017791671.1	XP_026301796.1	25.595	168	99	4	1526	1683	170	321	7.82e-04	33.9
XP_017791671.1	XP_026301798.1	34.021	97	56	2	1526	1617	228	321	2.63e-05	38.5
XP_017791671.1	XP_026301798.1	25.595	168	99	4	1526	1683	170	321	0.002	32.7
XP_017791708.1	XP_016767346.2	28.947	38	26	1	5	41	374	411	0.031	25.8
XP_017791708.1	XP_026301797.1	28.947	38	26	1	5	41	374	411	0.032	25.8
XP_017791708.1	XP_026301796.1	28.947	38	26	1	5	41	374	411	0.037	25.8
XP_017791708.1	XP_026301798.1	28.947	38	26	1	5	41	374	411	0.045	25.4
XP_017791721.1	XP_026295882.1	36.364	55	33	1	94	146	926	980	0.029	26.2
XP_017791736.1	XP_016767346.2	33.333	51	28	2	118	166	983	1029	0.040	24.3
XP_017791736.1	XP_026301797.1	33.333	51	28	2	118	166	971	1017	0.040	24.3
XP_017791736.1	XP_026301796.1	33.333	51	28	2	118	166	1025	1071	0.047	23.9
XP_017791741.1	XP_026301796.1	24.528	53	39	1	8	59	608	660	0.008	27.3
XP_017791741.1	XP_026301798.1	24.528	53	39	1	8	59	608	660	0.009	26.9
XP_017791741.1	XP_016767346.2	24.528	53	39	1	8	59	566	618	0.009	26.9
XP_017791760.1	XP_016767346.2	30.000	40	26	1	171	208	558	597	0.028	25.0
XP_017791760.1	XP_026301796.1	30.000	40	26	1	171	208	600	639	0.030	25.0
XP_017791760.1	XP_026301798.1	30.000	40	26	1	171	208	600	639	0.042	24.3
XP_017791824.1	XP_026295882.1	30.233	43	25	2	3	43	16	55	0.005	24.3
XP_017791931.1	XP_026301801.1	31.746	63	37	2	131	191	87	145	0.011	25.8
XP_017791952.1	XP_026301797.1	30.000	40	28	0	182	221	903	942	0.037	25.4
XP_017791952.1	XP_026301796.1	30.000	40	28	0	182	221	957	996	0.038	25.4
XP_017791952.1	XP_016767346.2	30.000	40	28	0	182	221	915	954	0.039	25.4
XP_017791957.1	XP_016767346.2	19.084	131	97	3	62	184	693	822	0.036	26.9
XP_017791957.1	XP_026301798.1	19.084	131	97	3	62	184	735	864	0.042	26.6
XP_017791957.1	XP_026301796.1	19.084	131	97	3	62	184	735	864	0.042	26.6
XP_017791957.1	XP_026301797.1	19.084	131	97	3	62	184	681	810	0.043	26.6
XP_017791963.1	XP_016767346.2	29.487	78	53	1	5	80	554	631	2.49e-09	45.8
XP_017791963.1	XP_026301796.1	29.487	78	53	1	5	80	596	673	3.78e-09	45.1
XP_017791963.1	XP_026301798.1	29.487	78	53	1	5	80	596	673	5.37e-09	44.7
XP_017791970.1	XP_016767346.2	30.435	69	48	0	1547	1615	560	628	9.85e-09	49.7
XP_017791970.1	XP_016767346.2	24.153	236	117	8	651	874	136	321	6.29e-04	33.9
XP_017791970.1	XP_016767346.2	23.276	232	142	9	327	544	110	319	0.007	30.4
XP_017791970.1	XP_016767346.2	22.458	236	147	9	915	1128	169	390	0.022	28.9
XP_017791970.1	XP_016767346.2	39.474	38	23	0	101	138	284	321	0.034	28.1
XP_017791970.1	XP_016767346.2	24.873	197	111	7	183	344	130	324	0.040	28.1
XP_017791970.1	XP_026301796.1	28.421	95	63	2	1521	1615	581	670	1.36e-08	49.3
XP_017791970.1	XP_026301796.1	24.153	236	117	8	651	874	136	321	4.82e-04	34.3
XP_017791970.1	XP_026301796.1	23.276	232	142	9	327	544	110	319	0.005	30.8
XP_017791970.1	XP_026301796.1	24.873	197	111	7	183	344	130	324	0.021	28.9
XP_017791970.1	XP_026301796.1	22.458	236	147	9	915	1128	169	390	0.023	28.9
XP_017791970.1	XP_026301796.1	39.474	38	23	0	101	138	284	321	0.040	28.1
XP_017791970.1	XP_026301796.1	23.762	101	52	2	1022	1097	161	261	0.045	27.7
XP_017791970.1	XP_026301798.1	28.421	95	63	2	1521	1615	581	670	1.68e-08	48.9
XP_017791970.1	XP_026301798.1	24.153	236	117	8	651	874	136	321	5.89e-04	33.9
XP_017791970.1	XP_026301798.1	23.276	232	142	9	327	544	110	319	0.004	31.2
XP_017791970.1	XP_026301798.1	24.876	201	114	7	179	344	126	324	0.011	29.6
XP_017791970.1	XP_026301798.1	39.474	38	23	0	101	138	284	321	0.036	28.1
XP_017791970.1	XP_026301798.1	22.458	236	147	9	915	1128	169	390	0.044	27.7
XP_017791970.1	XP_026301798.1	23.762	101	52	2	1022	1097	161	261	0.046	27.7
XP_017791970.1	XP_026301797.1	24.153	236	117	8	651	874	136	321	3.95e-04	34.7
XP_017791970.1	XP_026301797.1	23.276	232	142	9	327	544	110	319	0.004	31.2
XP_017791970.1	XP_026301797.1	22.458	236	147	9	915	1128	169	390	0.019	28.9
XP_017791970.1	XP_026301797.1	24.873	197	111	7	183	344	130	324	0.021	28.9
XP_017791970.1	XP_026301797.1	39.474	38	23	0	101	138	284	321	0.034	28.1
XP_017791970.1	XP_026301797.1	23.762	101	52	2	1022	1097	161	261	0.042	27.7
XP_017791971.1	XP_016767346.2	29.839	124	75	3	36	150	560	680	2.67e-10	50.1
XP_017791971.1	XP_026301798.1	27.778	144	85	4	23	150	582	722	2.79e-10	50.1
XP_017791971.1	XP_026301796.1	27.778	144	85	4	23	150	582	722	2.94e-10	50.1
XP_017792027.1	XP_016767346.2	27.273	88	54	3	50	131	235	318	0.023	28.1
XP_017792027.1	XP_026301797.1	27.273	88	54	3	50	131	235	318	0.034	27.7
XP_017792027.1	XP_026301796.1	27.273	88	54	3	50	131	235	318	0.035	27.3
XP_017792028.1	XP_016767346.2	42.308	26	15	0	165	190	35	60	0.022	26.9
XP_017792028.1	XP_026301797.1	42.308	26	15	0	165	190	35	60	0.029	26.6
XP_017792028.1	XP_026301796.1	42.308	26	15	0	165	190	35	60	0.033	26.6
XP_017792028.1	XP_026301798.1	42.308	26	15	0	165	190	35	60	0.046	26.2
XP_017792029.1	XP_016767346.2	42.308	26	15	0	120	145	35	60	0.024	26.9
XP_017792029.1	XP_026301797.1	42.308	26	15	0	120	145	35	60	0.030	26.6
XP_017792029.1	XP_026301796.1	42.308	26	15	0	120	145	35	60	0.034	26.6
XP_017792029.1	XP_026301798.1	42.308	26	15	0	120	145	35	60	0.045	25.8
XP_017792030.1	XP_016767346.2	42.308	26	15	0	120	145	35	60	0.024	26.9
XP_017792030.1	XP_026301797.1	42.308	26	15	0	120	145	35	60	0.030	26.6
XP_017792030.1	XP_026301796.1	42.308	26	15	0	120	145	35	60	0.034	26.6
XP_017792030.1	XP_026301798.1	42.308	26	15	0	120	145	35	60	0.045	25.8
XP_017792031.1	XP_016767346.2	42.308	26	15	0	120	145	35	60	0.024	26.9
XP_017792031.1	XP_026301797.1	42.308	26	15	0	120	145	35	60	0.030	26.6
XP_017792031.1	XP_026301796.1	42.308	26	15	0	120	145	35	60	0.034	26.6
XP_017792031.1	XP_026301798.1	42.308	26	15	0	120	145	35	60	0.045	25.8
XP_017792090.1	XP_624500.2	31.373	51	35	0	184	234	281	331	1.62e-06	38.5
XP_017792092.1	XP_026301798.1	27.059	85	59	2	366	447	811	895	0.029	27.3
XP_017792092.1	XP_026301797.1	27.059	85	59	2	366	447	757	841	0.038	26.9
XP_017792092.1	XP_026301796.1	27.059	85	59	2	366	447	811	895	0.039	26.9
XP_017792092.1	XP_016767346.2	27.059	85	59	2	366	447	769	853	0.042	26.6
XP_017792093.1	XP_026301798.1	27.059	85	59	2	366	447	811	895	0.028	27.3
XP_017792093.1	XP_026301797.1	27.059	85	59	2	366	447	757	841	0.038	26.9
XP_017792093.1	XP_026301796.1	27.059	85	59	2	366	447	811	895	0.040	26.9
XP_017792093.1	XP_016767346.2	27.059	85	59	2	366	447	769	853	0.044	26.6
XP_017792096.1	XP_026301798.1	27.059	85	59	2	282	363	811	895	0.020	27.7
XP_017792096.1	XP_026301796.1	27.059	85	59	2	282	363	811	895	0.028	26.9
XP_017792096.1	XP_026301797.1	27.059	85	59	2	282	363	757	841	0.028	26.9
XP_017792096.1	XP_016767346.2	27.059	85	59	2	282	363	769	853	0.033	26.9
XP_017792130.1	XP_026301801.1	25.000	76	55	1	263	338	147	220	0.049	25.8
XP_017792243.1	XP_026295882.1	30.968	155	74	7	116	258	970	1103	0.008	27.7
XP_017792296.1	XP_026295882.1	25.140	179	95	8	342	484	939	1114	0.016	27.7
XP_017792297.1	XP_026295882.1	25.140	179	95	8	342	484	939	1114	0.017	27.3
XP_017792299.1	XP_026295882.1	25.140	179	95	8	342	484	939	1114	0.026	26.6
XP_017792300.1	XP_026295882.1	25.140	179	95	8	259	401	939	1114	0.012	27.7
XP_017792308.1	XP_026295882.1	25.610	82	61	0	720	801	1078	1159	8.29e-04	32.7
XP_017792308.1	XP_026295882.1	25.342	146	97	4	762	896	736	880	0.031	27.3
XP_017792392.1	XP_026295882.1	19.095	199	138	4	254	438	720	909	4.31e-04	32.3
XP_017792399.1	XP_026295882.1	26.154	195	126	7	531	720	435	616	0.009	28.9
XP_017792589.1	XP_026295882.1	24.793	121	75	5	212	320	1066	1182	0.006	28.1
XP_017792620.1	XP_026295882.1	28.704	108	70	3	230	333	932	1036	2.05e-04	35.0
XP_017792621.1	XP_026295882.1	28.704	108	70	3	230	333	932	1036	2.51e-04	34.7
XP_017792628.1	XP_016767346.2	26.316	57	39	1	335	388	263	319	0.022	27.3
XP_017792628.1	XP_026301797.1	26.316	57	39	1	335	388	263	319	0.023	27.3
XP_017792628.1	XP_026301796.1	26.316	57	39	1	335	388	263	319	0.024	27.3
XP_017792628.1	XP_026301798.1	26.316	57	39	1	335	388	263	319	0.028	26.9
XP_017792658.1	XP_026295882.1	28.926	121	71	5	324	442	762	869	0.002	32.0
XP_017792700.1	XP_026295882.1	21.918	146	96	4	174	308	1054	1192	6.39e-05	34.3
XP_017792704.1	XP_026301798.1	30.588	85	50	2	144	219	220	304	1.25e-05	35.4
XP_017792704.1	XP_026301798.1	38.889	36	22	0	169	204	217	252	0.030	25.0
XP_017792704.1	XP_026301796.1	30.588	85	50	2	144	219	220	304	1.34e-05	35.4
XP_017792704.1	XP_026301796.1	38.889	36	22	0	169	204	217	252	0.027	25.0
XP_017792704.1	XP_026301797.1	30.588	85	50	2	144	219	220	304	1.52e-05	35.4
XP_017792704.1	XP_026301797.1	38.889	36	22	0	169	204	217	252	0.028	25.0
XP_017792704.1	XP_016767346.2	30.588	85	50	2	144	219	220	304	1.80e-05	35.0
XP_017792704.1	XP_016767346.2	38.889	36	22	0	169	204	217	252	0.030	25.0
XP_017792759.1	XP_026295882.1	45.000	20	11	0	219	238	250	269	0.046	25.4
XP_017792831.1	XP_016767346.2	16.304	92	77	0	16	107	607	698	0.004	27.7
XP_017792831.1	XP_026301797.1	16.304	92	77	0	16	107	595	686	0.005	27.3
XP_017792831.1	XP_026301796.1	16.304	92	77	0	16	107	649	740	0.007	26.9
XP_017792831.1	XP_026301798.1	16.304	92	77	0	16	107	649	740	0.015	26.2
XP_017792847.1	XP_016767346.2	30.612	49	27	1	220	261	241	289	0.006	27.7
XP_017792847.1	XP_026301798.1	30.612	49	27	1	220	261	241	289	0.008	27.3
XP_017792847.1	XP_026301796.1	30.612	49	27	1	220	261	241	289	0.013	26.6
XP_017792847.1	XP_026301797.1	30.612	49	27	1	220	261	241	289	0.013	26.6
XP_017792918.1	XP_026301796.1	20.909	110	62	2	1263	1347	160	269	0.042	27.7
XP_017792918.1	XP_026301798.1	20.909	110	62	2	1263	1347	160	269	0.042	27.7
XP_017792918.1	XP_026301797.1	20.909	110	62	2	1263	1347	160	269	0.047	27.7
XP_017792951.1	XP_026295882.1	28.571	56	36	1	71	126	402	453	0.009	27.7
XP_017792982.1	XP_026295882.1	39.394	33	20	0	131	163	224	256	0.037	24.3
XP_017793010.1	XP_026301798.1	34.722	72	37	3	26	97	329	390	0.042	23.5
XP_017793011.1	XP_026301798.1	34.722	72	37	3	26	97	329	390	0.042	23.5
XP_017793039.1	XP_026295882.1	40.000	20	12	0	106	125	1294	1313	0.048	26.6
XP_017793057.1	XP_026295882.1	40.909	44	23	2	17	58	962	1004	0.010	28.5
XP_017793058.1	XP_026295882.1	40.909	44	23	2	17	58	962	1004	0.009	28.5
XP_017793110.1	XP_026301798.1	31.667	60	34	2	136	195	672	724	0.007	26.9
XP_017793110.1	XP_026301796.1	31.667	60	34	2	136	195	672	724	0.008	26.9
XP_017793110.1	XP_026301797.1	31.667	60	34	2	136	195	618	670	0.008	26.9
XP_017793110.1	XP_016767346.2	33.929	56	30	2	136	191	630	678	0.011	26.6
XP_017793124.1	XP_624500.2	28.378	74	53	0	197	270	273	346	9.03e-05	33.1
XP_017793125.1	XP_624500.2	31.169	77	49	2	197	272	273	346	6.47e-05	33.5
XP_017793165.1	XP_026301798.1	33.333	96	49	3	133	221	217	304	1.37e-06	38.5
XP_017793165.1	XP_026301796.1	33.333	96	49	3	133	221	217	304	1.91e-06	38.1
XP_017793165.1	XP_026301797.1	33.333	96	49	3	133	221	217	304	2.21e-06	38.1
XP_017793165.1	XP_016767346.2	33.333	96	49	3	133	221	217	304	2.81e-06	37.7
XP_017793255.1	XP_026301798.1	36.842	38	24	0	7	44	347	384	0.013	27.3
XP_017793255.1	XP_026301796.1	36.842	38	24	0	7	44	347	384	0.021	26.6
XP_017793255.1	XP_026301797.1	36.842	38	24	0	7	44	347	384	0.024	26.6
XP_017793255.1	XP_016767346.2	36.842	38	24	0	7	44	347	384	0.031	26.2
XP_017793296.1	XP_026295882.1	27.184	103	64	4	6	97	206	308	0.001	30.4
XP_017793331.1	XP_016767346.2	26.190	84	53	3	413	488	748	830	0.045	26.2
XP_017793331.1	XP_026301797.1	26.190	84	53	3	413	488	736	818	0.049	26.2
XP_017793415.1	XP_026295882.1	33.333	39	26	0	95	133	907	945	0.037	25.8
XP_017793480.1	XP_026295882.1	51.724	29	12	1	120	148	285	311	0.048	24.3
XP_017793564.1	XP_026301801.1	63.455	301	107	1	25	325	27	324	5.08e-147	410
XP_017793577.1	XP_026295882.1	32.117	137	86	2	709	838	816	952	0.001	33.1
XP_017793578.1	XP_026295882.1	32.773	119	75	2	833	946	920	1038	0.004	30.8
XP_017793626.1	XP_026301801.1	32.558	43	28	1	181	223	176	217	0.014	26.6
XP_017793634.1	XP_026301801.1	32.558	43	28	1	181	223	176	217	0.014	26.6
XP_017793642.1	XP_026301801.1	32.558	43	28	1	175	217	176	217	0.020	26.2
XP_017793796.1	XP_026301798.1	26.036	169	110	4	329	492	163	321	7.22e-06	42.4
XP_017793796.1	XP_026301798.1	25.316	158	107	3	569	723	172	321	2.03e-05	40.8
XP_017793796.1	XP_026301798.1	26.708	161	107	4	666	823	170	322	0.003	33.9
XP_017793796.1	XP_026301798.1	24.339	189	126	5	270	455	170	344	0.004	33.1
XP_017793796.1	XP_026301798.1	24.865	185	119	5	615	789	147	321	0.005	33.1
XP_017793796.1	XP_026301798.1	23.529	153	89	2	109	233	170	322	0.006	32.7
XP_017793796.1	XP_026301798.1	26.455	189	117	8	381	558	144	321	0.006	32.7
XP_017793796.1	XP_026301796.1	26.036	169	110	4	329	492	163	321	1.54e-05	41.2
XP_017793796.1	XP_026301796.1	25.316	158	107	3	569	723	172	321	3.93e-05	39.7
XP_017793796.1	XP_026301796.1	26.708	161	107	4	666	823	170	322	0.005	32.7
XP_017793796.1	XP_026301796.1	24.339	189	126	5	270	455	170	344	0.008	32.3
XP_017793796.1	XP_026301796.1	24.865	185	119	5	615	789	147	321	0.010	32.0
XP_017793796.1	XP_026301796.1	23.529	153	89	2	109	233	170	322	0.010	32.0
XP_017793796.1	XP_026301796.1	26.455	189	117	8	381	558	144	321	0.014	31.6
XP_017793796.1	XP_026301797.1	26.036	169	110	4	329	492	163	321	2.06e-05	40.8
XP_017793796.1	XP_026301797.1	25.316	158	107	3	569	723	172	321	4.85e-05	39.7
XP_017793796.1	XP_026301797.1	26.708	161	107	4	666	823	170	322	0.006	32.7
XP_017793796.1	XP_026301797.1	24.339	189	126	5	270	455	170	344	0.010	32.0
XP_017793796.1	XP_026301797.1	24.865	185	119	5	615	789	147	321	0.011	31.6
XP_017793796.1	XP_026301797.1	23.529	153	89	2	109	233	170	322	0.012	31.6
XP_017793796.1	XP_026301797.1	26.455	189	117	8	381	558	144	321	0.019	31.2
XP_017793796.1	XP_016767346.2	26.036	169	110	4	329	492	163	321	3.78e-05	40.0
XP_017793796.1	XP_016767346.2	25.316	158	107	3	569	723	172	321	8.91e-05	38.5
XP_017793796.1	XP_016767346.2	26.708	161	107	4	666	823	170	322	0.011	32.0
XP_017793796.1	XP_016767346.2	24.339	189	126	5	270	455	170	344	0.019	30.8
XP_017793796.1	XP_016767346.2	23.529	153	89	2	109	233	170	322	0.020	30.8
XP_017793796.1	XP_016767346.2	24.865	185	119	5	615	789	147	321	0.022	30.8
XP_017793796.1	XP_016767346.2	26.455	189	117	8	381	558	144	321	0.041	30.0
XP_017793796.1	XP_026295882.1	22.222	171	111	5	6475	6627	489	655	0.048	29.6
XP_017793800.1	XP_026301798.1	32.000	25	16	1	83	107	541	564	0.039	24.3
XP_017793800.1	XP_026301797.1	32.000	25	16	1	83	107	541	564	0.039	24.3
XP_017793800.1	XP_026301796.1	32.000	25	16	1	83	107	541	564	0.039	24.3
XP_017793868.1	XP_026301798.1	42.857	49	22	4	44	92	794	836	0.040	23.9
XP_017793868.1	XP_026301797.1	42.857	49	22	4	44	92	740	782	0.047	23.5
XP_017793868.1	XP_026301796.1	42.857	49	22	4	44	92	794	836	0.048	23.5
XP_017793894.1	XP_026301798.1	27.692	65	33	2	72	123	293	356	0.044	24.6
XP_017793925.1	XP_026301798.1	27.273	77	55	1	184	260	795	870	0.004	28.1
XP_017793925.1	XP_026301796.1	27.273	77	55	1	184	260	795	870	0.004	27.7
XP_017793925.1	XP_026301797.1	27.273	77	55	1	184	260	741	816	0.005	27.7
XP_017793925.1	XP_016767346.2	27.273	77	55	1	184	260	753	828	0.006	27.3
XP_017794032.1	XP_026301797.1	25.000	80	56	1	187	262	810	889	0.032	25.8
XP_017794032.1	XP_026301796.1	25.000	80	56	1	187	262	864	943	0.032	25.8
XP_017794032.1	XP_016767346.2	25.000	80	56	1	187	262	822	901	0.038	25.4
XP_017794171.1	XP_026295882.1	23.016	126	84	4	39	154	1031	1153	0.015	26.9
XP_017794171.1	XP_026295882.1	23.239	142	94	3	44	181	936	1066	0.026	26.2
XP_017794221.1	XP_006563266.1	22.917	144	83	7	25	158	93	218	0.038	23.9
XP_017794221.1	NP_001012431.1	22.917	144	83	7	25	158	97	222	0.045	23.5
XP_017794235.1	XP_026295882.1	29.167	96	57	2	87	179	460	547	0.004	29.3
XP_017794258.1	XP_026301796.1	20.513	78	57	1	56	133	219	291	0.007	26.2
XP_017794258.1	XP_026301798.1	20.513	78	57	1	56	133	219	291	0.010	25.8
XP_017794258.1	XP_016767346.2	23.077	52	40	0	56	107	219	270	0.049	23.5
XP_017794307.1	XP_026301796.1	30.882	68	44	2	324	389	251	317	0.001	31.6
XP_017794307.1	XP_026301797.1	30.882	68	44	2	324	389	251	317	0.001	31.2
XP_017794307.1	XP_016767346.2	31.429	70	41	2	324	389	251	317	0.001	31.2
XP_017794307.1	XP_026301798.1	30.882	68	44	2	324	389	251	317	0.001	31.2
XP_017794312.1	XP_026301798.1	25.641	78	49	2	120	197	841	909	0.022	25.8
XP_017794312.1	XP_026301796.1	25.641	78	49	2	120	197	841	909	0.027	25.4
XP_017794312.1	XP_026301797.1	25.641	78	49	2	120	197	787	855	0.029	25.4
XP_017794312.1	XP_016767346.2	25.641	78	49	2	120	197	799	867	0.030	25.4
XP_017794322.1	XP_026295882.1	30.882	68	33	3	195	249	163	229	0.015	26.6
XP_017794329.1	XP_026301798.1	27.132	129	64	4	470	568	125	253	0.027	28.1
XP_017794329.1	XP_026301796.1	27.132	129	64	4	470	568	125	253	0.027	28.1
XP_017794329.1	XP_026301797.1	27.132	129	64	4	470	568	125	253	0.028	27.7
XP_017794329.1	XP_016767346.2	27.132	129	64	4	470	568	125	253	0.043	27.3
XP_017794399.1	XP_026295882.1	24.190	463	249	17	2052	2473	754	1155	0.018	29.6
XP_017794412.1	XP_026301796.1	21.324	136	86	4	1623	1752	505	625	3.41e-05	38.1
XP_017794412.1	XP_026301798.1	21.324	136	86	4	1623	1752	505	625	7.63e-05	37.0
XP_017794412.1	XP_026295882.1	33.333	45	27	1	1850	1894	1063	1104	0.005	30.8
XP_017794480.1	XP_026295882.1	25.153	163	103	6	39	183	720	881	1.03e-04	32.7
XP_017794493.1	XP_016767346.2	35.294	34	19	1	220	253	596	626	0.019	26.6
XP_017794493.1	XP_026301796.1	35.294	34	19	1	220	253	638	668	0.023	26.2
XP_017794493.1	XP_026301798.1	35.294	34	19	1	220	253	638	668	0.028	26.2
XP_017794515.1	XP_026295882.1	24.870	193	119	7	2009	2180	802	989	4.97e-04	34.7
XP_017794533.1	XP_026295882.1	50.000	12	6	0	115	126	103	114	0.028	24.6
XP_017794535.1	XP_026295882.1	30.159	63	35	3	191	252	183	237	0.025	26.6
XP_017794580.1	XP_026295882.1	24.096	83	51	2	120	202	103	173	0.021	25.4
XP_017794709.1	XP_016767346.2	39.535	43	26	0	33	75	228	270	5.66e-06	38.5
XP_017794709.1	XP_026301796.1	39.535	43	26	0	33	75	228	270	7.23e-06	38.1
XP_017794709.1	XP_026301797.1	39.535	43	26	0	33	75	228	270	7.30e-06	38.1
XP_017794709.1	XP_026301798.1	39.535	43	26	0	33	75	228	270	9.46e-06	37.7
XP_017794713.1	NP_001012431.1	27.184	103	70	3	197	297	120	219	0.014	26.2
XP_017794713.1	XP_006563266.1	27.184	103	70	3	197	297	116	215	0.016	26.2
XP_017794726.1	XP_026301798.1	42.500	40	23	0	223	262	228	267	3.13e-05	35.4
XP_017794726.1	XP_026301796.1	42.500	40	23	0	223	262	228	267	3.14e-05	35.4
XP_017794726.1	XP_026301797.1	42.500	40	23	0	223	262	228	267	3.23e-05	35.4
XP_017794726.1	XP_016767346.2	42.500	40	23	0	223	262	228	267	3.91e-05	35.0
XP_017794735.1	XP_026301798.1	42.500	40	23	0	219	258	228	267	2.98e-05	35.4
XP_017794735.1	XP_026301796.1	42.500	40	23	0	219	258	228	267	3.06e-05	35.4
XP_017794735.1	XP_026301797.1	42.500	40	23	0	219	258	228	267	3.10e-05	35.4
XP_017794735.1	XP_016767346.2	42.500	40	23	0	219	258	228	267	3.63e-05	35.4
XP_017794771.1	XP_026295882.1	20.619	97	69	2	21	114	884	975	0.019	25.0
XP_017794805.1	XP_026301797.1	36.364	66	40	1	149	212	200	265	4.05e-05	34.3
XP_017794805.1	XP_026301797.1	25.664	113	80	2	146	254	232	344	0.003	28.5
XP_017794805.1	XP_026301797.1	25.714	105	53	2	175	254	170	274	0.005	27.7
XP_017794805.1	XP_026301796.1	36.364	66	40	1	149	212	200	265	4.07e-05	34.3
XP_017794805.1	XP_026301796.1	25.664	113	80	2	146	254	232	344	0.003	28.5
XP_017794805.1	XP_026301796.1	25.714	105	53	2	175	254	170	274	0.005	27.7
XP_017794805.1	XP_016767346.2	36.364	66	40	1	149	212	200	265	4.20e-05	34.3
XP_017794805.1	XP_016767346.2	25.664	113	80	2	146	254	232	344	0.003	28.5
XP_017794805.1	XP_016767346.2	25.714	105	53	2	175	254	170	274	0.005	27.7
XP_017794805.1	XP_026301798.1	41.667	48	26	1	167	212	218	265	5.11e-05	34.3
XP_017794805.1	XP_026301798.1	25.664	113	80	2	146	254	232	344	0.006	27.7
XP_017794805.1	XP_026301798.1	25.714	105	53	2	175	254	170	274	0.009	26.9
XP_017794817.1	XP_026301798.1	48.000	25	13	0	33	57	170	194	0.002	26.9
XP_017794817.1	XP_026301798.1	48.000	25	13	0	33	57	297	321	0.020	23.9
XP_017794817.1	XP_026301796.1	48.000	25	13	0	33	57	170	194	0.002	26.6
XP_017794817.1	XP_026301796.1	48.000	25	13	0	33	57	297	321	0.020	23.9
XP_017794817.1	XP_026301797.1	48.000	25	13	0	33	57	170	194	0.003	26.6
XP_017794817.1	XP_026301797.1	48.000	25	13	0	33	57	297	321	0.021	23.9
XP_017794817.1	XP_016767346.2	48.000	25	13	0	33	57	170	194	0.003	26.6
XP_017794817.1	XP_016767346.2	48.000	25	13	0	33	57	297	321	0.026	23.9
XP_017794861.1	XP_026301796.1	23.552	259	132	11	424	675	442	641	5.33e-10	53.1
XP_017794861.1	XP_026301798.1	23.552	259	132	11	424	675	442	641	4.06e-09	50.1
XP_017794861.1	XP_016767346.2	42.553	47	25	1	631	675	553	599	2.36e-06	41.2
XP_017794876.1	XP_026295882.1	29.688	64	41	1	77	140	206	265	0.047	25.0
XP_017794877.1	XP_026295882.1	29.688	64	41	1	29	92	206	265	0.034	25.0
XP_017794878.1	XP_026295882.1	29.688	64	41	1	29	92	206	265	0.034	25.0
XP_017794954.1	XP_026301797.1	26.562	128	68	3	73	191	167	277	9.02e-07	41.2
XP_017794954.1	XP_016767346.2	26.562	128	68	3	73	191	167	277	1.00e-06	40.8
XP_017794954.1	XP_026301796.1	26.562	128	68	3	73	191	167	277	1.18e-06	40.8
XP_017794954.1	XP_026301798.1	26.562	128	68	3	73	191	167	277	1.81e-06	40.0
XP_017794960.1	XP_026301801.1	26.744	86	58	3	140	222	145	228	0.006	28.5
XP_017794983.1	XP_016767346.2	25.967	181	100	5	658	807	144	321	1.14e-04	36.2
XP_017794983.1	XP_026301797.1	25.967	181	100	5	658	807	144	321	1.24e-04	35.8
XP_017794983.1	XP_026301797.1	26.316	114	81	1	849	959	228	341	0.036	27.7
XP_017794983.1	XP_026301796.1	25.967	181	100	5	658	807	144	321	1.50e-04	35.8
XP_017794983.1	XP_026301796.1	26.316	114	81	1	849	959	228	341	0.037	27.7
XP_017794983.1	XP_026301798.1	25.967	181	100	5	658	807	144	321	3.57e-04	34.3
XP_017794983.1	XP_026301798.1	26.316	114	81	1	849	959	228	341	0.045	27.3
XP_017794984.1	XP_026301797.1	25.967	181	100	5	658	807	144	321	1.17e-04	35.8
XP_017794984.1	XP_026301797.1	26.316	114	81	1	849	959	228	341	0.035	27.7
XP_017794984.1	XP_016767346.2	25.967	181	100	5	658	807	144	321	1.24e-04	35.8
XP_017794984.1	XP_026301796.1	25.967	181	100	5	658	807	144	321	1.50e-04	35.8
XP_017794984.1	XP_026301796.1	26.316	114	81	1	849	959	228	341	0.036	27.7
XP_017794984.1	XP_026301798.1	25.967	181	100	5	658	807	144	321	3.74e-04	34.3
XP_017794984.1	XP_026301798.1	26.316	114	81	1	849	959	228	341	0.046	27.3
XP_017795052.1	XP_016767346.2	32.000	25	17	0	158	182	521	545	0.031	24.6
XP_017795097.1	XP_026295882.1	29.870	77	49	2	262	333	1080	1156	0.016	27.3
XP_017795176.1	XP_026301796.1	34.286	35	18	1	134	163	196	230	0.026	25.8
XP_017795176.1	XP_026301797.1	34.286	35	18	1	134	163	196	230	0.027	25.8
XP_017795176.1	XP_026301798.1	34.286	35	18	1	134	163	196	230	0.028	25.8
XP_017795176.1	XP_016767346.2	34.286	35	18	1	134	163	196	230	0.032	25.4
XP_017795194.1	XP_026295882.1	25.000	56	37	2	103	156	1055	1107	0.045	23.9
XP_017795195.1	XP_026295882.1	25.000	56	37	2	80	133	1055	1107	0.012	25.4
XP_017795212.1	XP_026301801.1	34.375	32	20	1	91	121	142	173	0.041	24.3
XP_017795219.1	XP_026301801.1	27.119	59	38	2	103	161	116	169	0.039	24.3
XP_017795235.1	XP_026301798.1	38.462	26	15	1	65	89	413	438	0.005	25.0
XP_017795235.1	XP_026301796.1	38.462	26	15	1	65	89	413	438	0.007	24.6
XP_017795235.1	XP_026301797.1	38.462	26	15	1	65	89	413	438	0.007	24.6
XP_017795235.1	XP_016767346.2	38.462	26	15	1	65	89	413	438	0.009	24.3
XP_017795236.1	XP_026301798.1	38.462	26	15	1	65	89	413	438	0.005	25.0
XP_017795236.1	XP_026301796.1	38.462	26	15	1	65	89	413	438	0.007	24.6
XP_017795236.1	XP_026301797.1	38.462	26	15	1	65	89	413	438	0.007	24.6
XP_017795236.1	XP_016767346.2	38.462	26	15	1	65	89	413	438	0.009	24.3
XP_017795237.1	XP_026301798.1	38.462	26	15	1	65	89	413	438	0.005	25.0
XP_017795237.1	XP_026301796.1	38.462	26	15	1	65	89	413	438	0.007	24.6
XP_017795237.1	XP_026301797.1	38.462	26	15	1	65	89	413	438	0.007	24.6
XP_017795237.1	XP_016767346.2	38.462	26	15	1	65	89	413	438	0.009	24.3
XP_017795238.1	XP_026301798.1	38.462	26	15	1	65	89	413	438	0.005	25.0
XP_017795238.1	XP_026301796.1	38.462	26	15	1	65	89	413	438	0.007	24.6
XP_017795238.1	XP_026301797.1	38.462	26	15	1	65	89	413	438	0.007	24.6
XP_017795238.1	XP_016767346.2	38.462	26	15	1	65	89	413	438	0.009	24.3
XP_017795239.1	XP_026301798.1	38.462	26	15	1	65	89	413	438	0.005	25.0
XP_017795239.1	XP_026301796.1	38.462	26	15	1	65	89	413	438	0.007	24.6
XP_017795239.1	XP_026301797.1	38.462	26	15	1	65	89	413	438	0.007	24.6
XP_017795239.1	XP_016767346.2	38.462	26	15	1	65	89	413	438	0.009	24.3
XP_017795269.1	XP_026301801.1	23.171	82	49	1	71	152	14	81	0.019	25.8
XP_017795278.1	XP_026301801.1	41.176	34	17	1	101	134	4	34	0.006	27.7
XP_017795298.1	XP_026301796.1	27.536	69	41	3	27	90	102	166	0.015	26.2
XP_017795298.1	XP_026301797.1	27.536	69	41	3	27	90	102	166	0.018	25.8
XP_017795298.1	XP_016767346.2	27.536	69	41	3	27	90	102	166	0.019	25.8
XP_017795298.1	XP_026301798.1	29.630	54	30	2	27	75	102	152	0.022	25.8
XP_017795418.1	XP_026295882.1	24.590	122	92	0	1473	1594	1042	1163	0.036	28.1
XP_017795429.1	XP_026295882.1	24.348	115	86	1	1130	1243	309	423	0.004	30.8
XP_017795438.1	XP_026301797.1	27.027	74	47	2	582	650	128	199	0.019	28.1
XP_017795438.1	XP_016767346.2	27.027	74	47	2	582	650	128	199	0.020	28.1
XP_017795438.1	XP_026301796.1	27.027	74	47	2	582	650	128	199	0.020	28.1
XP_017795438.1	XP_026301798.1	27.027	74	47	2	582	650	128	199	0.027	27.7
XP_017795507.1	XP_026301801.1	23.214	112	79	2	57	164	11	119	0.043	27.7
XP_017795543.1	NP_001012431.1	26.596	94	63	2	20	107	121	214	0.015	25.8
XP_017795543.1	XP_006563266.1	26.596	94	63	2	20	107	117	210	0.017	25.8
XP_017795588.1	XP_016767346.2	24.786	117	74	5	430	540	16	124	0.034	26.6
XP_017795591.1	XP_026295882.1	44.444	27	15	0	424	450	825	851	0.034	26.2
XP_017795754.1	XP_026301801.1	73.094	223	60	0	1	223	1	223	2.66e-126	351
XP_017795787.1	XP_624500.2	26.667	105	69	2	141	239	71	173	0.046	24.3
XP_017795887.1	XP_026301798.1	21.978	91	64	2	48	137	779	863	0.005	27.3
XP_017795904.1	XP_026295882.1	25.962	104	60	4	95	198	541	627	0.002	31.6
XP_017795979.1	XP_016767346.2	18.994	179	125	3	825	1001	152	312	0.045	26.9
XP_017796069.1	XP_026301798.1	29.268	82	55	2	39	118	11	91	3.14e-04	29.3
XP_017796069.1	XP_026301796.1	29.268	82	55	2	39	118	11	91	4.99e-04	28.9
XP_017796069.1	XP_026301797.1	27.160	81	58	1	39	118	11	91	6.37e-04	28.5
XP_017796069.1	XP_016767346.2	27.160	81	58	1	39	118	11	91	8.07e-04	28.1
XP_017796074.1	XP_026301798.1	19.435	602	343	21	111	666	154	659	1.64e-11	57.4
XP_017796074.1	XP_026301798.1	27.434	113	79	2	58	169	151	261	4.20e-04	33.1
XP_017796074.1	XP_026301796.1	19.468	601	344	20	111	666	154	659	1.67e-11	57.4
XP_017796074.1	XP_026301796.1	27.273	132	91	3	41	169	132	261	5.96e-04	32.7
XP_017796074.1	XP_026301797.1	18.875	551	307	20	111	610	154	615	4.01e-07	43.1
XP_017796074.1	XP_026301797.1	27.273	132	91	3	41	169	132	261	6.78e-04	32.3
XP_017796074.1	XP_016767346.2	27.434	113	79	2	58	169	151	261	0.001	31.6
XP_017796074.1	XP_016767346.2	20.755	106	66	2	356	447	340	441	0.016	28.1
XP_017796093.1	XP_026301798.1	30.556	72	47	2	321	392	586	654	0.026	28.1
XP_017796093.1	XP_026301796.1	30.556	72	47	2	321	392	586	654	0.027	28.1
XP_017796222.1	XP_026295882.1	29.600	125	73	5	13	131	303	418	0.002	27.7
XP_017796288.1	XP_016767346.2	48.571	35	18	0	604	638	565	599	7.79e-04	32.3
XP_017796288.1	XP_026301796.1	48.571	35	18	0	604	638	607	641	8.73e-04	32.0
XP_017796288.1	XP_026301798.1	48.571	35	18	0	604	638	607	641	0.001	32.0
XP_017796329.1	XP_026295882.1	26.667	30	22	0	55	84	191	220	0.009	23.9
XP_017796344.1	XP_026295882.1	28.000	75	43	3	122	186	929	1002	0.011	28.1
XP_017796345.1	XP_026295882.1	28.000	75	43	3	122	186	929	1002	0.011	28.1
XP_017796346.1	XP_026301798.1	38.235	34	21	0	87	120	635	668	0.003	28.9
XP_017796346.1	XP_016767346.2	38.235	34	21	0	87	120	593	626	0.033	25.4
XP_017796346.1	XP_026301796.1	38.235	34	21	0	87	120	635	668	0.045	24.6
XP_017796401.1	XP_026295882.1	27.885	104	64	3	3	100	144	242	0.037	25.8
XP_017796447.1	XP_026295882.1	31.579	76	46	3	16	90	1078	1148	0.011	26.2
XP_017796470.1	XP_026295882.1	27.848	79	44	2	294	360	937	1014	0.038	26.6
XP_017796559.1	XP_624500.2	29.508	61	39	2	10	68	56	114	7.15e-04	32.0
XP_017796572.1	XP_016767346.2	42.424	33	15	1	162	190	377	409	0.010	27.7
XP_017796572.1	XP_026301797.1	42.424	33	15	1	162	190	377	409	0.014	27.3
XP_017796572.1	XP_026301796.1	42.424	33	15	1	162	190	377	409	0.014	27.3
XP_017796572.1	XP_026301798.1	42.424	33	15	1	162	190	377	409	0.017	26.9
XP_017796579.1	XP_016767346.2	42.424	33	15	1	147	175	377	409	0.011	27.3
XP_017796579.1	XP_026301797.1	42.424	33	15	1	147	175	377	409	0.014	27.3
XP_017796579.1	XP_026301796.1	42.424	33	15	1	147	175	377	409	0.015	26.9
XP_017796579.1	XP_026301798.1	42.424	33	15	1	147	175	377	409	0.017	26.9
XP_017796583.1	XP_006563266.1	26.027	73	47	2	147	212	92	164	0.005	28.5
XP_017796583.1	NP_001012431.1	26.027	73	47	2	147	212	96	168	0.007	27.7
XP_017796587.1	XP_016767346.2	42.424	33	15	1	133	161	377	409	0.011	27.3
XP_017796587.1	XP_026301797.1	42.424	33	15	1	133	161	377	409	0.015	26.9
XP_017796587.1	XP_026301796.1	42.424	33	15	1	133	161	377	409	0.016	26.9
XP_017796587.1	XP_026301798.1	42.424	33	15	1	133	161	377	409	0.017	26.9
XP_017796593.1	XP_026301797.1	30.000	50	35	0	152	201	226	275	0.003	28.1
XP_017796593.1	XP_016767346.2	30.000	50	35	0	152	201	226	275	0.003	28.1
XP_017796593.1	XP_026301796.1	30.000	50	35	0	152	201	226	275	0.003	28.1
XP_017796593.1	XP_026301798.1	30.000	50	35	0	152	201	226	275	0.004	28.1
XP_017796595.1	XP_016767346.2	42.424	33	15	1	127	155	377	409	0.010	27.3
XP_017796595.1	XP_026301797.1	42.424	33	15	1	127	155	377	409	0.014	26.9
XP_017796595.1	XP_026301796.1	42.424	33	15	1	127	155	377	409	0.015	26.9
XP_017796595.1	XP_026301798.1	42.424	33	15	1	127	155	377	409	0.015	26.9
XP_017796601.1	XP_026295882.1	24.908	273	159	10	311	562	901	1148	0.002	32.0
XP_017796602.1	XP_016767346.2	42.424	33	15	1	116	144	377	409	0.010	27.3
XP_017796602.1	XP_026301797.1	42.424	33	15	1	116	144	377	409	0.013	27.3
XP_017796602.1	XP_026301796.1	42.424	33	15	1	116	144	377	409	0.014	26.9
XP_017796602.1	XP_026301798.1	42.424	33	15	1	116	144	377	409	0.015	26.9
XP_017796611.1	XP_016767346.2	42.424	33	15	1	116	144	377	409	0.010	27.3
XP_017796611.1	XP_026301797.1	42.424	33	15	1	116	144	377	409	0.013	27.3
XP_017796611.1	XP_026301796.1	42.424	33	15	1	116	144	377	409	0.014	26.9
XP_017796611.1	XP_026301798.1	42.424	33	15	1	116	144	377	409	0.015	26.9
XP_017796619.1	XP_016767346.2	42.424	33	15	1	115	143	377	409	0.010	27.3
XP_017796619.1	XP_026301797.1	42.424	33	15	1	115	143	377	409	0.013	26.9
XP_017796619.1	XP_026301796.1	42.424	33	15	1	115	143	377	409	0.014	26.9
XP_017796619.1	XP_026301798.1	42.424	33	15	1	115	143	377	409	0.015	26.9
XP_017796623.1	XP_026301798.1	52.632	19	9	0	23	41	413	431	0.029	23.5
XP_017796623.1	XP_026301796.1	52.632	19	9	0	23	41	413	431	0.033	23.5
XP_017796623.1	XP_026301797.1	52.632	19	9	0	23	41	413	431	0.035	23.5
XP_017796623.1	XP_016767346.2	52.632	19	9	0	23	41	413	431	0.038	23.1
XP_017796627.1	XP_016767346.2	42.424	33	15	1	115	143	377	409	0.010	27.3
XP_017796627.1	XP_026301797.1	42.424	33	15	1	115	143	377	409	0.013	26.9
XP_017796627.1	XP_026301796.1	42.424	33	15	1	115	143	377	409	0.014	26.9
XP_017796627.1	XP_026301798.1	42.424	33	15	1	115	143	377	409	0.015	26.9
XP_017796635.1	XP_016767346.2	42.424	33	15	1	115	143	377	409	0.010	27.3
XP_017796635.1	XP_026301797.1	42.424	33	15	1	115	143	377	409	0.013	26.9
XP_017796635.1	XP_026301796.1	42.424	33	15	1	115	143	377	409	0.014	26.9
XP_017796635.1	XP_026301798.1	42.424	33	15	1	115	143	377	409	0.015	26.9
XP_017796656.1	XP_624500.2	27.103	107	65	3	185	286	198	296	0.013	27.3
XP_017796733.1	XP_026301801.1	27.160	81	51	3	152	230	38	112	0.042	24.6
XP_017796796.1	XP_016767346.2	25.664	113	59	2	128	215	159	271	2.59e-05	38.1
XP_017796796.1	XP_016767346.2	29.114	79	53	1	139	214	228	306	2.02e-04	35.4
XP_017796796.1	XP_026301797.1	25.664	113	59	2	128	215	159	271	3.85e-05	37.7
XP_017796796.1	XP_026301797.1	29.114	79	53	1	139	214	228	306	2.90e-04	34.7
XP_017796796.1	XP_026301796.1	25.664	113	59	2	128	215	159	271	4.11e-05	37.7
XP_017796796.1	XP_026301796.1	29.114	79	53	1	139	214	228	306	3.60e-04	34.7
XP_017796796.1	XP_026301798.1	25.664	113	59	2	128	215	159	271	8.96e-05	36.6
XP_017796796.1	XP_026301798.1	29.114	79	53	1	139	214	228	306	0.001	33.1
XP_017796811.1	XP_016767346.2	34.286	35	22	1	358	391	1	35	0.036	25.8
XP_017796811.1	XP_026301797.1	34.286	35	22	1	358	391	1	35	0.047	25.4
XP_017796811.1	XP_026301796.1	34.286	35	22	1	358	391	1	35	0.049	25.4
XP_017796814.1	XP_026301796.1	26.027	73	54	0	369	441	991	1063	0.015	27.7
XP_017796814.1	XP_026301797.1	26.027	73	54	0	369	441	937	1009	0.015	27.7
XP_017796814.1	XP_016767346.2	26.027	73	54	0	369	441	949	1021	0.019	27.3
XP_017796826.1	XP_026301798.1	28.235	85	58	1	7	88	731	815	0.018	26.6
XP_017796826.1	XP_026301796.1	28.235	85	58	1	7	88	731	815	0.018	26.6
XP_017796826.1	XP_026301797.1	28.235	85	58	1	7	88	677	761	0.019	26.2
XP_017796826.1	XP_016767346.2	29.487	78	52	1	13	87	695	772	0.024	25.8
XP_017796874.1	XP_016767346.2	24.336	226	127	12	37	251	70	262	0.003	30.0
XP_017796874.1	XP_026301797.1	26.667	105	66	2	147	251	169	262	0.003	30.0
XP_017796874.1	XP_026301796.1	26.667	105	66	2	147	251	169	262	0.004	29.6
XP_017796874.1	XP_026301798.1	26.667	105	66	2	147	251	169	262	0.005	29.3
XP_017796882.1	XP_016767346.2	27.027	185	115	6	556	730	147	321	4.02e-07	45.4
XP_017796882.1	XP_016767346.2	23.684	266	169	8	165	420	67	308	5.67e-06	41.6
XP_017796882.1	XP_016767346.2	26.794	209	114	8	345	532	131	321	9.53e-05	37.7
XP_017796882.1	XP_016767346.2	22.819	149	87	2	50	170	170	318	0.008	31.6
XP_017796882.1	XP_026301797.1	23.792	269	137	10	556	813	147	358	4.99e-07	45.1
XP_017796882.1	XP_026301797.1	23.684	266	169	8	165	420	67	308	8.62e-06	41.2
XP_017796882.1	XP_026301797.1	26.794	209	114	8	345	532	131	321	1.14e-04	37.4
XP_017796882.1	XP_026301797.1	22.819	149	87	2	50	170	170	318	0.012	30.8
XP_017796882.1	XP_026301796.1	23.792	269	137	10	556	813	147	358	5.87e-07	45.1
XP_017796882.1	XP_026301796.1	23.684	266	169	8	165	420	67	308	9.06e-06	41.2
XP_017796882.1	XP_026301796.1	26.794	209	114	8	345	532	131	321	1.40e-04	37.4
XP_017796882.1	XP_026301796.1	22.819	149	87	2	50	170	170	318	0.014	30.4
XP_017796882.1	XP_026301798.1	23.792	269	137	10	556	813	147	358	2.00e-06	43.1
XP_017796882.1	XP_026301798.1	23.774	265	168	8	166	420	68	308	3.05e-05	39.3
XP_017796882.1	XP_026301798.1	26.794	209	114	8	345	532	131	321	3.34e-04	35.8
XP_017796882.1	XP_026301798.1	22.222	153	91	2	50	174	170	322	0.041	28.9
XP_017796907.1	XP_016767346.2	33.898	59	29	2	118	176	636	684	0.042	26.6
XP_017796907.1	XP_026301797.1	33.898	59	29	2	118	176	624	672	0.048	26.2
XP_017797107.1	XP_026295882.1	25.275	91	39	3	721	782	421	511	0.009	28.9
XP_017797130.1	XP_026295882.1	23.333	60	41	1	91	145	384	443	0.021	25.4
XP_017797136.1	XP_026295882.1	31.915	94	51	4	177	262	537	625	0.009	27.3
XP_017797196.1	XP_026301798.1	26.316	133	87	3	186	308	228	359	4.18e-04	32.7
XP_017797196.1	XP_026301796.1	26.316	133	87	3	186	308	228	359	7.40e-04	31.6
XP_017797196.1	XP_026301797.1	26.316	133	87	3	186	308	228	359	7.95e-04	31.6
XP_017797196.1	XP_016767346.2	26.316	133	87	3	186	308	228	359	0.001	30.8
XP_017797229.1	NP_001012431.1	24.638	69	40	1	683	751	160	216	0.047	27.3
XP_017797259.1	XP_026295882.1	50.000	18	9	0	26	43	558	575	0.042	24.6
XP_017797268.1	XP_026301798.1	24.460	139	74	4	363	470	127	265	0.020	29.6
XP_017797268.1	XP_026301796.1	24.460	139	74	4	363	470	127	265	0.021	29.3
XP_017797268.1	XP_026301797.1	24.742	97	46	2	401	470	169	265	0.024	29.3
XP_017797268.1	XP_016767346.2	24.742	97	46	2	401	470	169	265	0.024	29.3
XP_017797356.1	XP_026295882.1	24.540	163	104	6	7	159	847	1000	0.031	24.6
XP_017797407.1	XP_026295882.1	27.660	47	34	0	438	484	862	908	0.024	27.3
XP_017797411.1	XP_026301798.1	31.081	74	46	2	332	400	459	532	0.020	26.6
XP_017797411.1	XP_026301796.1	31.884	69	42	2	332	395	459	527	0.032	25.8
XP_017797411.1	XP_026301797.1	31.884	69	42	2	332	395	459	527	0.037	25.8
XP_017797459.1	XP_026295882.1	27.711	83	53	2	41	116	1064	1146	0.043	26.6
XP_017797466.1	XP_026295882.1	32.500	80	51	2	430	509	1014	1090	0.004	30.4
XP_017797601.1	XP_016767346.2	30.000	70	46	1	36	102	248	317	0.008	30.0
XP_017797601.1	XP_016767346.2	24.551	167	88	7	126	263	111	268	0.044	27.7
XP_017797601.1	XP_026301797.1	30.000	70	46	1	36	102	248	317	0.009	29.6
XP_017797601.1	XP_026301797.1	24.551	167	88	7	126	263	111	268	0.048	27.3
XP_017797601.1	XP_026301796.1	30.000	70	46	1	36	102	248	317	0.010	29.6
XP_017797601.1	XP_026301798.1	30.000	70	46	1	36	102	248	317	0.018	28.9
XP_017797671.1	XP_026295882.1	27.240	279	142	15	655	883	882	1149	0.002	32.0
XP_017797704.1	XP_026301797.1	23.684	76	53	1	513	588	671	741	0.014	28.5
XP_017797704.1	XP_016767346.2	23.684	76	53	1	513	588	683	753	0.015	28.5
XP_017797704.1	XP_026301796.1	23.684	76	53	1	513	588	725	795	0.016	28.5
XP_017797704.1	XP_026301798.1	23.684	76	53	1	513	588	725	795	0.018	28.1
XP_017797753.1	XP_026295882.1	28.472	144	86	7	39	165	808	951	0.003	28.5
XP_017797754.1	XP_026295882.1	28.472	144	86	7	39	165	808	951	0.003	28.5
XP_017797772.1	XP_026301801.1	76.250	80	19	0	1	80	245	324	6.67e-43	135
XP_017797793.1	XP_624500.2	42.308	26	15	0	72	97	141	166	0.025	23.9
XP_017797794.1	XP_026295882.1	64.791	1031	304	12	554	1573	361	1343	0.0	1152
XP_017797794.1	XP_026295882.1	40.986	588	260	16	9	555	1	542	5.92e-102	347
XP_017797795.1	XP_624500.2	42.308	26	15	0	72	97	141	166	0.025	23.9
XP_017797811.1	XP_026301796.1	25.532	94	67	2	379	469	228	321	7.47e-04	33.5
XP_017797811.1	XP_026301796.1	29.412	68	48	0	534	601	218	285	0.003	32.0
XP_017797811.1	XP_016767346.2	25.532	94	67	2	379	469	228	321	7.62e-04	33.5
XP_017797811.1	XP_016767346.2	29.412	68	48	0	534	601	218	285	0.004	31.2
XP_017797811.1	XP_026301797.1	25.532	94	67	2	379	469	228	321	7.68e-04	33.5
XP_017797811.1	XP_026301797.1	29.412	68	48	0	534	601	218	285	0.003	31.6
XP_017797811.1	XP_026301798.1	29.412	68	48	0	534	601	218	285	0.001	32.7
XP_017797811.1	XP_026301798.1	25.532	94	67	2	379	469	228	321	0.002	32.7
XP_017797816.1	XP_026301801.1	26.772	127	74	5	140	253	97	217	0.013	26.2
XP_017797864.1	XP_026301798.1	22.619	168	109	5	690	839	165	329	7.89e-04	32.7
XP_017797864.1	XP_026301798.1	22.120	217	122	8	769	962	125	317	0.023	28.1
XP_017797864.1	XP_026301796.1	22.619	168	109	5	690	839	165	329	0.002	31.6
XP_017797864.1	XP_026301796.1	22.120	217	122	8	769	962	125	317	0.042	27.3
XP_017797864.1	XP_026301797.1	22.619	168	109	5	690	839	165	329	0.003	30.8
XP_017797864.1	XP_016767346.2	22.619	168	109	5	690	839	165	329	0.006	30.0
XP_017797937.1	XP_026301796.1	39.474	38	22	1	92	128	749	786	0.006	28.1
XP_017797937.1	XP_016767346.2	39.474	38	22	1	92	128	707	744	0.006	28.1
XP_017797937.1	XP_026301798.1	39.474	38	22	1	92	128	749	786	0.007	28.1
XP_017797937.1	XP_026301797.1	39.474	38	22	1	92	128	695	732	0.007	28.1
XP_017797991.1	XP_026301796.1	28.125	64	40	1	125	182	1028	1091	0.032	25.0
XP_017797991.1	XP_026301797.1	28.125	64	40	1	125	182	974	1037	0.034	25.0
XP_017797991.1	XP_016767346.2	28.125	64	40	1	125	182	986	1049	0.043	24.6
XP_017798026.1	XP_026295882.1	29.670	91	53	3	127	207	562	651	0.006	28.9
XP_017798057.1	XP_016767346.2	27.059	170	95	4	199	357	170	321	9.17e-06	40.8
XP_017798057.1	XP_016767346.2	28.125	96	65	2	1513	1605	232	326	0.008	31.2
XP_017798057.1	XP_016767346.2	26.168	107	77	1	521	625	220	326	0.011	30.8
XP_017798057.1	XP_026301797.1	26.286	175	100	4	199	362	170	326	1.74e-05	39.7
XP_017798057.1	XP_026301797.1	28.125	96	65	2	1513	1605	232	326	0.008	31.2
XP_017798057.1	XP_026301797.1	26.168	107	77	1	521	625	220	326	0.011	30.8
XP_017798057.1	XP_026301796.1	26.286	175	100	4	199	362	170	326	1.89e-05	39.7
XP_017798057.1	XP_026301796.1	28.125	96	65	2	1513	1605	232	326	0.008	31.2
XP_017798057.1	XP_026301796.1	26.168	107	77	1	521	625	220	326	0.011	30.4
XP_017798057.1	XP_026301798.1	25.143	175	102	3	199	362	170	326	8.84e-05	37.4
XP_017798057.1	XP_026301798.1	28.125	96	65	2	1513	1605	232	326	0.016	30.0
XP_017798057.1	XP_026301798.1	26.168	107	77	1	521	625	220	326	0.024	29.6
XP_017798062.1	XP_026301798.1	33.649	422	244	8	12	429	24	413	4.02e-73	249
XP_017798062.1	XP_026301798.1	32.993	294	168	9	590	868	432	711	4.12e-40	149
XP_017798062.1	XP_026301797.1	33.649	422	244	8	12	429	24	413	1.75e-72	248
XP_017798062.1	XP_026301797.1	25.000	292	140	8	590	868	432	657	3.02e-20	85.9
XP_017798062.1	XP_026301796.1	33.649	422	244	8	12	429	24	413	1.95e-72	249
XP_017798062.1	XP_026301796.1	32.993	294	168	9	590	868	432	711	4.40e-40	149
XP_017798062.1	XP_016767346.2	33.649	422	244	8	12	429	24	413	3.84e-72	248
XP_017798062.1	XP_016767346.2	35.780	109	59	2	771	868	561	669	9.15e-17	74.7
XP_017798079.1	XP_026295882.1	30.909	55	34	2	193	243	1067	1121	0.031	26.2
XP_017798101.1	XP_026301798.1	27.273	143	86	6	184	310	129	269	1.17e-04	33.9
XP_017798101.1	XP_026301796.1	27.273	143	86	6	184	310	129	269	1.24e-04	33.5
XP_017798101.1	XP_026301796.1	30.000	70	42	2	261	323	122	191	0.044	25.4
XP_017798101.1	XP_016767346.2	27.273	143	86	6	184	310	129	269	1.31e-04	33.5
XP_017798101.1	XP_016767346.2	30.000	70	42	2	261	323	122	191	0.037	25.8
XP_017798101.1	XP_026301797.1	27.273	143	86	6	184	310	129	269	1.34e-04	33.5
XP_017798101.1	XP_026301797.1	30.000	70	42	2	261	323	122	191	0.047	25.4
XP_017798121.1	XP_026295882.1	29.787	94	54	2	979	1068	441	526	0.006	30.8
XP_017798176.1	XP_624500.2	41.071	56	33	0	237	292	278	333	1.13e-08	45.4
XP_017798188.1	XP_026301798.1	24.675	154	94	6	2537	2669	782	934	0.036	28.9
XP_017798203.1	XP_026295882.1	28.682	129	74	6	92	218	529	641	0.003	28.5
XP_017798207.1	XP_016767346.2	24.713	174	98	6	67	208	146	318	3.02e-05	34.3
XP_017798207.1	XP_026301797.1	24.713	174	98	6	67	208	146	318	3.33e-05	33.9
XP_017798207.1	XP_026301796.1	24.713	174	98	6	67	208	146	318	3.80e-05	33.9
XP_017798207.1	XP_026301798.1	24.713	174	98	6	67	208	146	318	4.39e-05	33.5
XP_017798232.1	XP_026295882.1	36.066	61	37	2	552	612	1059	1117	0.012	28.5
XP_017798233.1	XP_026295882.1	36.066	61	37	2	548	608	1059	1117	0.012	28.5
XP_017798236.1	XP_026301797.1	30.435	46	29	1	256	301	192	234	0.004	28.9
XP_017798236.1	XP_016767346.2	30.435	46	29	1	256	301	192	234	0.004	28.9
XP_017798236.1	XP_026301796.1	30.435	46	29	1	256	301	192	234	0.004	28.9
XP_017798236.1	XP_026301798.1	30.435	46	29	1	256	301	192	234	0.005	28.5
XP_017798237.1	XP_026301798.1	30.435	46	29	1	187	232	192	234	0.004	28.5
XP_017798237.1	XP_026301796.1	30.435	46	29	1	187	232	192	234	0.004	28.5
XP_017798237.1	XP_026301797.1	30.435	46	29	1	187	232	192	234	0.004	28.1
XP_017798237.1	XP_016767346.2	30.435	46	29	1	187	232	192	234	0.005	28.1
XP_017798266.1	XP_026295882.1	28.571	77	45	2	773	848	937	1004	0.015	28.9
XP_017798284.1	XP_026301798.1	24.427	131	79	4	309	425	807	931	0.008	28.9
XP_017798284.1	XP_026301796.1	24.427	131	79	4	309	425	807	931	0.015	28.1
XP_017798284.1	XP_026301797.1	24.427	131	79	4	309	425	753	877	0.017	27.7
XP_017798284.1	XP_016767346.2	24.427	131	79	4	309	425	765	889	0.034	26.6
XP_017798291.1	XP_624500.2	86.648	352	38	4	1	348	1	347	0.0	586
XP_017798297.1	XP_026301798.1	35.417	48	29	1	53	98	799	846	0.023	24.3
XP_017798297.1	XP_026301796.1	35.417	48	29	1	53	98	799	846	0.029	23.9
XP_017798297.1	XP_026301797.1	35.417	48	29	1	53	98	745	792	0.033	23.9
XP_017798297.1	XP_016767346.2	35.417	48	29	1	53	98	757	804	0.040	23.5
XP_017798334.1	XP_016767346.2	25.137	183	103	5	370	542	163	321	1.17e-04	34.3
XP_017798334.1	XP_016767346.2	29.787	141	82	7	259	388	228	362	0.001	30.8
XP_017798334.1	XP_016767346.2	28.188	149	85	5	419	556	129	266	0.045	26.2
XP_017798334.1	XP_026301797.1	25.137	183	103	5	370	542	163	321	1.60e-04	33.9
XP_017798334.1	XP_026301797.1	30.496	141	81	8	259	388	228	362	0.002	30.8
XP_017798334.1	XP_026301796.1	25.137	183	103	5	370	542	163	321	1.83e-04	33.9
XP_017798334.1	XP_026301796.1	30.496	141	81	8	259	388	228	362	0.001	30.8
XP_017798334.1	XP_026301798.1	25.137	183	103	5	370	542	163	321	3.49e-04	32.7
XP_017798334.1	XP_026301798.1	30.496	141	81	8	259	388	228	362	0.002	30.4
XP_017798373.1	XP_026295882.1	29.167	48	29	1	96	138	749	796	0.042	25.4
XP_017798405.1	XP_026301798.1	20.213	94	63	1	58	151	781	862	0.023	25.8
XP_017798405.1	XP_016767346.2	20.213	94	63	1	58	151	739	820	0.030	25.4
XP_017798447.1	XP_026301798.1	27.517	149	79	4	79	202	163	307	1.01e-06	40.8
XP_017798447.1	XP_026301798.1	31.132	106	67	2	53	158	228	327	5.62e-04	32.0
XP_017798447.1	XP_026301798.1	29.825	114	44	5	244	326	147	255	0.008	28.1
XP_017798447.1	XP_026301796.1	27.517	149	79	4	79	202	163	307	1.35e-06	40.4
XP_017798447.1	XP_026301796.1	31.132	106	67	2	53	158	228	327	5.24e-04	32.0
XP_017798447.1	XP_026301796.1	29.825	114	44	5	244	326	147	255	0.008	28.1
XP_017798447.1	XP_026301797.1	27.517	149	79	4	79	202	163	307	1.50e-06	40.0
XP_017798447.1	XP_026301797.1	31.132	106	67	2	53	158	228	327	5.49e-04	32.0
XP_017798447.1	XP_026301797.1	29.825	114	44	5	244	326	147	255	0.008	28.1
XP_017798447.1	XP_016767346.2	27.517	149	79	4	79	202	163	307	1.97e-06	39.7
XP_017798447.1	XP_016767346.2	31.132	106	67	2	53	158	228	327	7.36e-04	31.6
XP_017798447.1	XP_016767346.2	29.825	114	44	5	244	326	147	255	0.009	28.1
XP_017798463.1	XP_026301796.1	87.805	1107	129	6	1	1107	1	1101	0.0	1998
XP_017798463.1	XP_026301797.1	82.927	1107	129	8	1	1107	1	1047	0.0	1855
XP_017798463.1	XP_026301798.1	89.312	945	97	4	1	945	1	941	0.0	1762
XP_017798463.1	XP_016767346.2	94.861	467	24	0	1	467	1	467	0.0	941
XP_017798463.1	XP_016767346.2	79.119	522	103	6	586	1107	544	1059	0.0	802
XP_017798505.1	XP_026295882.1	24.000	100	68	1	71	162	1019	1118	2.63e-05	34.3
XP_017798541.1	XP_026295882.1	28.571	77	46	2	444	517	50	120	0.005	28.9
XP_017798549.1	XP_026295882.1	28.571	77	46	2	434	507	50	120	0.006	28.5
XP_017798558.1	XP_026295882.1	28.571	77	46	2	445	518	50	120	0.006	28.9
XP_017798565.1	XP_026301796.1	46.667	30	16	0	347	376	170	199	0.024	27.3
XP_017798565.1	XP_026301796.1	25.263	95	66	2	158	248	228	321	0.028	27.3
XP_017798565.1	XP_016767346.2	46.667	30	16	0	347	376	170	199	0.025	27.3
XP_017798565.1	XP_016767346.2	25.263	95	66	2	158	248	228	321	0.029	27.3
XP_017798565.1	XP_026301797.1	46.667	30	16	0	347	376	170	199	0.025	27.3
XP_017798565.1	XP_026301797.1	25.263	95	66	2	158	248	228	321	0.026	27.3
XP_017798565.1	XP_026301798.1	46.667	30	16	0	347	376	170	199	0.026	27.3
XP_017798565.1	XP_026301798.1	25.263	95	66	2	158	248	228	321	0.031	26.9
XP_017798567.1	XP_026295882.1	28.571	77	46	2	426	499	50	120	0.008	28.1
XP_017798575.1	XP_026295882.1	28.571	77	46	2	426	499	50	120	0.008	28.1
XP_017798584.1	XP_026295882.1	28.571	77	46	2	405	478	50	120	0.007	28.5
XP_017798607.1	XP_026295882.1	31.387	137	77	5	896	1027	895	1019	3.35e-04	34.3
XP_017798618.1	XP_026301801.1	30.000	50	32	1	17	63	226	275	0.029	25.4
XP_017798619.1	XP_026301801.1	30.000	50	32	1	17	63	226	275	0.029	25.4
XP_017798620.1	XP_026301801.1	30.000	50	32	1	17	63	226	275	0.029	25.4
XP_017798636.1	XP_006563266.1	63.436	227	68	6	1	220	1	219	5.44e-94	265
XP_017798636.1	NP_001012431.1	62.338	231	68	7	1	220	1	223	4.58e-92	260
XP_017798683.1	XP_026301798.1	30.928	97	64	1	306	399	228	324	1.47e-05	38.5
XP_017798683.1	XP_026301798.1	25.806	93	64	2	708	798	246	335	0.006	30.0
XP_017798683.1	XP_026301798.1	27.778	144	91	6	140	279	170	304	0.018	28.1
XP_017798683.1	XP_026301797.1	30.928	97	64	1	306	399	228	324	1.70e-05	38.1
XP_017798683.1	XP_026301797.1	25.806	93	64	2	708	798	246	335	0.003	30.8
XP_017798683.1	XP_026301797.1	27.778	144	91	6	140	279	170	304	0.010	29.3
XP_017798683.1	XP_026301796.1	30.928	97	64	1	306	399	228	324	1.82e-05	38.1
XP_017798683.1	XP_026301796.1	25.806	93	64	2	708	798	246	335	0.003	30.8
XP_017798683.1	XP_026301796.1	27.778	144	91	6	140	279	170	304	0.013	28.9
XP_017798683.1	XP_016767346.2	30.928	97	64	1	306	399	228	324	1.88e-05	38.1
XP_017798683.1	XP_016767346.2	25.806	93	64	2	708	798	246	335	0.003	30.8
XP_017798683.1	XP_016767346.2	27.778	144	91	6	140	279	170	304	0.011	28.9
XP_017798687.1	XP_006563266.1	32.653	49	23	2	261	299	86	134	6.46e-04	30.4
XP_017798690.1	XP_026295882.1	29.907	107	57	3	345	451	769	857	1.57e-04	34.3
XP_017798694.1	XP_026301798.1	27.103	107	61	5	170	265	156	256	0.017	27.3
XP_017798694.1	XP_026301796.1	28.571	91	51	4	186	265	169	256	0.020	26.9
XP_017798694.1	XP_026301797.1	28.571	91	51	4	186	265	169	256	0.020	26.9
XP_017798694.1	XP_016767346.2	28.571	91	51	4	186	265	169	256	0.024	26.9
XP_017798738.1	XP_624500.2	47.619	21	11	0	86	106	11	31	0.029	23.9
XP_017798751.1	XP_026301797.1	31.034	29	20	0	22	50	247	275	0.013	24.3
XP_017798751.1	XP_026301796.1	31.034	29	20	0	22	50	247	275	0.013	24.3
XP_017798751.1	XP_016767346.2	31.034	29	20	0	22	50	247	275	0.013	24.3
XP_017798751.1	XP_026301798.1	31.034	29	20	0	22	50	247	275	0.013	24.3
XP_017798763.1	XP_026301798.1	23.529	102	69	2	112	208	636	733	0.012	26.2
XP_017798763.1	XP_026301796.1	23.529	102	69	2	112	208	636	733	0.033	24.6
XP_017798857.1	XP_026301796.1	23.226	155	107	6	996	1148	510	654	1.02e-05	39.7
XP_017798857.1	XP_026301798.1	23.226	155	107	6	996	1148	510	654	2.49e-05	38.5
XP_017798857.1	XP_016767346.2	28.302	53	38	0	1096	1148	560	612	2.19e-04	35.4
XP_017798873.1	XP_006563266.1	31.373	51	26	1	266	307	23	73	0.030	26.2
XP_017798873.1	NP_001012431.1	31.373	51	26	1	266	307	23	73	0.030	26.2
XP_017798929.1	XP_026301796.1	30.137	146	71	7	541	683	524	641	1.70e-09	51.2
XP_017798929.1	XP_026301798.1	30.137	146	71	7	541	683	524	641	3.77e-09	50.1
XP_017798929.1	XP_016767346.2	44.681	47	24	1	639	683	553	599	8.48e-07	42.4
XP_017798951.1	XP_026295882.1	35.088	57	30	2	241	295	913	964	0.049	27.7
XP_017799063.1	XP_026295882.1	25.532	94	61	3	46	136	900	987	0.050	23.9
XP_017799092.1	XP_026301801.1	35.294	34	21	1	109	141	205	238	0.014	25.0
XP_017799143.1	XP_006563266.1	31.111	45	31	0	600	644	66	110	0.049	26.6
XP_017799188.1	XP_016767346.2	27.711	83	49	3	91	165	182	261	0.014	26.9
XP_017799188.1	XP_026301797.1	27.711	83	49	3	91	165	182	261	0.015	26.9
XP_017799188.1	XP_026301796.1	27.711	83	49	3	91	165	182	261	0.016	26.6
XP_017799188.1	XP_026301798.1	27.711	83	49	3	91	165	182	261	0.023	26.2
XP_017799267.1	XP_026295882.1	30.952	42	22	1	45	79	739	780	0.015	24.3
XP_017799270.1	XP_026301796.1	28.358	134	68	2	57	162	171	304	2.33e-07	44.3
XP_017799270.1	XP_026301796.1	33.333	99	57	2	649	741	231	326	1.29e-06	42.0
XP_017799270.1	XP_026301796.1	26.812	138	89	2	647	784	171	296	0.002	32.0
XP_017799270.1	XP_026301796.1	40.541	37	18	1	88	124	296	328	0.002	31.6
XP_017799270.1	XP_026301796.1	31.915	94	55	2	201	288	231	321	0.002	31.6
XP_017799270.1	XP_026301796.1	27.273	99	54	2	199	292	171	256	0.007	29.6
XP_017799270.1	XP_026301798.1	28.358	134	68	2	57	162	171	304	2.46e-07	44.3
XP_017799270.1	XP_026301798.1	33.333	99	57	2	649	741	231	326	1.91e-06	41.6
XP_017799270.1	XP_026301798.1	40.541	37	18	1	88	124	296	328	0.002	31.2
XP_017799270.1	XP_026301798.1	26.812	138	89	2	647	784	171	296	0.002	31.2
XP_017799270.1	XP_026301798.1	31.915	94	55	2	201	288	231	321	0.003	31.2
XP_017799270.1	XP_026301798.1	27.184	103	49	2	199	292	171	256	0.008	29.6
XP_017799270.1	XP_026301797.1	28.358	134	68	2	57	162	171	304	2.53e-07	44.3
XP_017799270.1	XP_026301797.1	33.333	99	57	2	649	741	231	326	1.17e-06	42.0
XP_017799270.1	XP_026301797.1	26.812	138	89	2	647	784	171	296	0.002	32.0
XP_017799270.1	XP_026301797.1	31.915	94	55	2	201	288	231	321	0.002	31.6
XP_017799270.1	XP_026301797.1	40.541	37	18	1	88	124	296	328	0.002	31.6
XP_017799270.1	XP_026301797.1	29.167	96	56	2	199	292	171	256	0.007	29.6
XP_017799270.1	XP_016767346.2	28.358	134	68	2	57	162	171	304	3.08e-07	43.9
XP_017799270.1	XP_016767346.2	33.333	99	57	2	649	741	231	326	1.07e-06	42.4
XP_017799270.1	XP_016767346.2	26.812	138	89	2	647	784	171	296	0.001	32.0
XP_017799270.1	XP_016767346.2	31.915	94	55	2	201	288	231	321	0.002	31.2
XP_017799270.1	XP_016767346.2	40.541	37	18	1	88	124	296	328	0.003	31.2
XP_017799270.1	XP_016767346.2	28.283	99	53	3	199	292	171	256	0.008	29.6
XP_017799409.1	XP_026295882.1	31.250	48	33	0	198	245	204	251	0.015	27.3
XP_017799410.1	XP_026295882.1	31.250	48	33	0	182	229	204	251	0.014	27.3
XP_017799425.1	XP_026295882.1	52.632	19	9	0	213	231	1148	1166	0.035	25.4
XP_017799459.1	XP_026295882.1	35.294	51	30	2	22	70	1035	1084	0.018	26.9
XP_017799526.1	XP_026301801.1	35.000	40	26	0	737	776	154	193	0.015	28.5
XP_017799608.1	XP_026295882.1	29.577	71	37	4	127	197	7	64	0.011	26.2
