XP_016903917.1	XP_016767396.2	32.500	120	68	5	290	400	215	330	0.046	25.0
XP_016903918.1	XP_016767396.2	32.500	120	68	5	168	278	215	330	0.037	25.0
XP_016903918.1	XP_001122546.4	32.500	120	68	5	168	278	215	330	0.041	24.6
XP_016904198.1	XP_001122546.4	25.556	90	63	2	37	122	426	515	0.024	25.4
XP_016904410.1	XP_001122546.4	25.217	115	65	4	75	174	408	516	0.036	24.6
XP_016904413.1	XP_001122546.4	25.217	115	65	4	75	174	408	516	0.032	24.6
XP_016904417.1	XP_001122546.4	26.000	100	58	3	90	174	418	516	0.042	24.3
XP_016904418.1	XP_001122546.4	26.000	100	58	3	90	174	418	516	0.048	24.3
XP_016904419.1	XP_001122546.4	26.000	100	58	3	90	174	418	516	0.042	24.3
XP_016904596.1	XP_001122571.3	33.929	56	35	1	553	606	1	56	0.012	27.7
XP_016904597.1	XP_026296028.1	33.962	53	33	1	757	809	65	115	0.042	25.4
XP_016904597.1	XP_026296027.1	33.962	53	33	1	757	809	65	115	0.042	25.4
XP_016904597.1	XP_026296026.1	33.962	53	33	1	757	809	65	115	0.042	25.4
XP_016904597.1	XP_026296025.1	33.962	53	33	1	757	809	77	127	0.045	25.4
XP_016904659.1	XP_001122546.4	31.707	41	28	0	163	203	81	121	0.002	27.7
XP_016904659.1	XP_016767396.2	32.075	53	30	1	163	215	81	127	0.008	25.8
XP_016904660.1	XP_001122571.3	37.500	32	18	1	7	38	5	34	0.016	23.9
XP_016904660.1	XP_001122571.3	43.750	32	15	2	114	145	317	345	0.047	22.3
XP_016904776.1	XP_016767396.2	21.260	127	81	3	181	300	10	124	0.018	26.9
XP_016904776.1	XP_001122546.4	21.260	127	81	3	181	300	10	124	0.020	26.9
XP_016904777.1	XP_016767396.2	21.260	127	81	3	113	232	10	124	0.016	26.9
XP_016904777.1	XP_001122546.4	21.260	127	81	3	113	232	10	124	0.017	26.9
XP_016904974.1	XP_016767396.2	35.135	74	35	2	953	1017	55	124	0.022	27.3
XP_016904974.1	XP_001122546.4	35.135	74	35	2	953	1017	55	124	0.024	26.9
XP_016905003.1	XP_016767396.2	28.571	70	34	2	47	103	346	412	0.036	23.5
XP_016905003.1	XP_001122546.4	28.571	70	34	2	47	103	346	412	0.040	23.5
XP_016905294.1	XP_016767396.2	27.737	137	75	6	34	152	449	579	0.020	25.0
XP_016905294.1	XP_001122546.4	27.481	131	63	5	34	152	449	559	0.020	24.6
XP_016905296.1	XP_001122546.4	27.481	131	63	5	34	152	449	559	0.021	24.6
XP_016905296.1	XP_016767396.2	27.737	137	75	6	34	152	449	579	0.023	24.6
XP_016905503.1	XP_001122546.4	32.353	68	34	2	270	329	469	532	0.031	25.0
XP_016905504.1	XP_001122546.4	32.353	68	34	2	270	329	469	532	0.032	25.0
XP_016905561.1	XP_001122571.3	34.375	32	18	1	122	153	322	350	0.004	25.4
XP_016905690.1	XP_001122571.3	41.667	24	14	0	8	31	5	28	0.036	22.7
XP_016905806.1	XP_001122546.4	27.848	79	52	2	135	208	431	509	0.012	26.2
XP_016905807.1	XP_001122546.4	27.848	79	52	2	135	208	431	509	0.012	26.2
XP_016905808.1	XP_001122546.4	27.848	79	52	2	135	208	431	509	0.012	26.2
XP_016905809.1	XP_001122546.4	27.500	80	53	2	135	209	431	510	0.013	26.2
XP_016906552.1	XP_016767396.2	32.000	100	57	5	1133	1226	589	683	0.037	26.9
XP_016906552.1	XP_001122546.4	32.000	100	57	5	1133	1226	569	663	0.039	26.9
XP_016906553.1	XP_016767396.2	32.000	100	57	5	1133	1226	589	683	0.037	26.9
XP_016906553.1	XP_001122546.4	32.000	100	57	5	1133	1226	569	663	0.039	26.9
XP_016906554.1	XP_016767396.2	32.000	100	57	5	1133	1226	589	683	0.037	26.9
XP_016906554.1	XP_001122546.4	32.000	100	57	5	1133	1226	569	663	0.039	26.9
XP_016906555.1	XP_016767396.2	32.000	100	57	5	1133	1226	589	683	0.037	26.9
XP_016906555.1	XP_001122546.4	32.000	100	57	5	1133	1226	569	663	0.038	26.9
XP_016906937.1	XP_001122571.3	50.000	24	12	0	354	377	306	329	0.018	25.8
XP_016907085.1	XP_001122571.3	76.923	13	3	0	28	40	3	15	0.032	21.9
XP_016907118.1	XP_001122546.4	26.582	79	45	4	118	188	320	393	0.023	24.3
XP_016907118.1	XP_016767396.2	26.582	79	45	4	118	188	320	393	0.024	24.3
XP_016907119.1	XP_001122546.4	26.000	100	60	5	118	209	320	413	0.006	25.8
XP_016907119.1	XP_016767396.2	26.000	100	60	5	118	209	320	413	0.006	25.8
XP_016907145.1	XP_016767396.2	27.536	69	39	2	302	370	201	258	0.035	24.6
XP_016907145.1	XP_001122546.4	27.536	69	39	2	302	370	201	258	0.035	24.6
XP_016907516.1	XP_016767396.2	28.571	63	40	2	72	129	665	727	0.038	24.6
XP_016907516.1	XP_001122546.4	28.571	63	40	2	72	129	645	707	0.043	24.6
XP_016907517.1	XP_016767396.2	28.571	63	40	2	58	115	665	727	0.035	25.0
XP_016907517.1	XP_001122546.4	28.571	63	40	2	58	115	645	707	0.040	24.6
XP_016907518.1	XP_016767396.2	28.571	63	40	2	51	108	665	727	0.034	25.0
XP_016907518.1	XP_001122546.4	28.571	63	40	2	51	108	645	707	0.039	24.6
XP_016907704.1	XP_001122546.4	32.353	34	17	1	300	327	670	703	0.044	24.3
XP_016907704.1	XP_016767396.2	32.353	34	17	1	300	327	690	723	0.047	24.3
XP_016907812.1	XP_016767396.2	32.500	40	27	0	23	62	633	672	0.049	22.3
XP_016907986.1	XP_016767396.2	33.333	54	28	1	163	208	501	554	0.014	25.8
XP_016908253.1	XP_001122546.4	31.579	38	26	0	31	68	634	671	0.027	25.8
XP_016908253.1	XP_016767396.2	31.579	38	26	0	31	68	654	691	0.032	25.4
XP_016908433.1	XP_016767396.2	30.769	117	57	7	98	214	501	593	0.007	27.7
XP_016908433.1	XP_001122546.4	30.631	111	55	6	104	214	485	573	0.009	27.3
XP_016908434.1	XP_016767396.2	30.769	117	57	7	98	214	501	593	0.007	27.3
XP_016908434.1	XP_001122546.4	30.631	111	55	6	104	214	485	573	0.010	26.9
XP_016908662.1	XP_001122546.4	31.707	41	26	1	272	310	477	517	0.029	25.4
XP_016908663.1	XP_001122546.4	31.707	41	26	1	272	310	477	517	0.029	25.4
XP_016908664.1	XP_001122546.4	31.707	41	26	1	272	310	477	517	0.029	25.4
XP_016908666.1	XP_001122546.4	31.707	41	26	1	272	310	477	517	0.029	25.4
XP_016908667.1	XP_001122546.4	31.707	41	26	1	272	310	477	517	0.029	25.4
XP_016908669.1	XP_001122546.4	31.707	41	26	1	272	310	477	517	0.028	25.4
XP_016909649.1	XP_026296025.1	47.619	21	11	0	79	99	165	185	0.003	25.4
XP_016909649.1	XP_026296028.1	47.619	21	11	0	79	99	153	173	0.003	25.0
XP_016909649.1	XP_026296027.1	47.619	21	11	0	79	99	153	173	0.003	25.0
XP_016909649.1	XP_026296026.1	47.619	21	11	0	79	99	153	173	0.003	25.0
XP_016909827.2	XP_016767396.2	25.000	52	39	0	303	354	248	299	0.004	27.7
XP_016909827.2	XP_001122546.4	25.000	52	39	0	303	354	248	299	0.005	27.7
XP_016909996.1	XP_016767396.2	38.710	31	19	0	386	416	663	693	0.018	26.2
XP_016909996.1	XP_001122546.4	38.710	31	19	0	386	416	643	673	0.018	26.2
XP_016910244.1	XP_016767396.2	22.941	170	104	5	186	350	27	174	0.041	25.4
XP_016910244.1	XP_001122546.4	22.941	170	104	5	186	350	27	174	0.049	25.0
XP_016910245.1	XP_016767396.2	22.941	170	104	5	166	330	27	174	0.044	25.4
XP_016910245.1	XP_001122546.4	22.941	170	104	5	166	330	27	174	0.045	25.4
XP_016910246.1	XP_016767396.2	22.941	170	104	5	143	307	27	174	0.041	25.4
XP_016910246.1	XP_001122546.4	22.941	170	104	5	143	307	27	174	0.046	25.0
XP_016910247.1	XP_016767396.2	22.941	170	104	5	141	305	27	174	0.039	25.4
XP_016910247.1	XP_001122546.4	22.941	170	104	5	141	305	27	174	0.043	25.4
XP_016910248.1	XP_016767396.2	22.941	170	104	5	187	351	27	174	0.044	25.4
XP_016910248.1	XP_001122546.4	22.941	170	104	5	187	351	27	174	0.048	25.0
XP_016910426.1	XP_016767396.2	39.286	28	14	1	109	133	141	168	0.018	25.8
XP_016910426.1	XP_001122546.4	39.286	28	14	1	109	133	141	168	0.018	25.8
XP_016910491.1	XP_026296028.1	38.462	26	16	0	433	458	179	204	0.026	25.4
XP_016910491.1	XP_026296027.1	38.462	26	16	0	433	458	179	204	0.026	25.4
XP_016910491.1	XP_026296026.1	38.462	26	16	0	433	458	179	204	0.026	25.4
XP_016910491.1	XP_026296025.1	38.462	26	16	0	433	458	191	216	0.033	25.0
XP_016910492.1	XP_026296028.1	38.462	26	16	0	433	458	179	204	0.026	25.4
XP_016910492.1	XP_026296027.1	38.462	26	16	0	433	458	179	204	0.026	25.4
XP_016910492.1	XP_026296026.1	38.462	26	16	0	433	458	179	204	0.026	25.4
XP_016910492.1	XP_026296025.1	38.462	26	16	0	433	458	191	216	0.033	25.0
XP_016910494.1	XP_026296028.1	38.462	26	16	0	354	379	179	204	0.024	25.4
XP_016910494.1	XP_026296027.1	38.462	26	16	0	354	379	179	204	0.024	25.4
XP_016910494.1	XP_026296026.1	38.462	26	16	0	354	379	179	204	0.024	25.4
XP_016910494.1	XP_026296025.1	38.462	26	16	0	354	379	191	216	0.029	25.0
XP_016910530.2	XP_016767396.2	19.380	129	87	2	85	199	305	430	0.002	28.9
XP_016910530.2	XP_001122546.4	19.380	129	87	2	85	199	305	430	0.002	28.9
XP_016910621.1	XP_016767396.2	38.462	26	16	0	54	79	151	176	0.006	27.7
XP_016910621.1	XP_001122546.4	38.462	26	16	0	54	79	151	176	0.007	27.7
XP_016910623.1	XP_016767396.2	38.462	26	16	0	46	71	151	176	0.006	27.7
XP_016910623.1	XP_001122546.4	38.462	26	16	0	46	71	151	176	0.006	27.7
XP_016911043.1	XP_016767396.2	42.308	26	15	0	598	623	501	526	0.026	25.8
XP_016911044.1	XP_016767396.2	42.308	26	15	0	562	587	501	526	0.027	25.8
XP_016911299.1	XP_016767396.2	32.468	77	49	2	595	671	604	677	0.001	31.6
XP_016911299.1	XP_001122546.4	32.468	77	49	2	595	671	584	657	0.001	31.6
XP_016911300.1	XP_001122546.4	32.468	77	49	2	588	664	584	657	0.001	31.6
XP_016911300.1	XP_016767396.2	32.468	77	49	2	588	664	604	677	0.001	31.6
XP_016911301.1	XP_016767396.2	32.468	77	49	2	580	656	604	677	0.001	31.6
XP_016911301.1	XP_001122546.4	32.468	77	49	2	580	656	584	657	0.001	31.6
XP_016911303.1	XP_001122546.4	32.468	77	49	2	565	641	584	657	0.001	31.6
XP_016911303.1	XP_016767396.2	32.468	77	49	2	565	641	604	677	0.001	31.6
XP_016911304.1	XP_001122546.4	32.468	77	49	2	542	618	584	657	0.001	31.6
XP_016911304.1	XP_016767396.2	32.468	77	49	2	542	618	604	677	0.001	31.6
XP_016911305.1	XP_016767396.2	32.468	77	49	2	526	602	604	677	0.001	31.6
XP_016911305.1	XP_001122546.4	32.468	77	49	2	526	602	584	657	0.001	31.6
XP_016911306.1	XP_016767396.2	32.468	77	49	2	526	602	604	677	0.001	31.6
XP_016911306.1	XP_001122546.4	32.468	77	49	2	526	602	584	657	0.001	31.6
XP_016911446.1	XP_001122546.4	25.490	51	33	1	41	91	654	699	0.018	25.0
XP_016911446.1	XP_016767396.2	25.490	51	33	1	41	91	674	719	0.020	24.6
XP_016911555.1	XP_016767396.2	24.590	122	83	5	317	431	527	646	0.018	25.8
XP_016911555.1	XP_001122546.4	24.590	122	83	5	317	431	507	626	0.019	25.8
XP_016911581.2	XP_001122546.4	25.475	263	151	11	162	391	333	583	7.59e-04	30.4
XP_016911581.2	XP_016767396.2	30.851	94	52	3	309	391	512	603	0.011	26.9
XP_016912149.2	XP_001122546.4	28.333	60	39	2	62	117	171	230	0.043	26.2
XP_016912149.2	XP_016767396.2	28.333	60	39	2	62	117	171	230	0.044	26.2
XP_016912795.1	XP_016767396.2	31.169	77	51	1	1087	1161	156	232	0.018	27.7
XP_016912795.1	XP_001122546.4	31.169	77	51	1	1087	1161	156	232	0.024	27.3
XP_016912863.1	XP_016767396.2	28.000	50	32	1	695	740	345	394	0.043	26.2
XP_016912863.1	XP_001122546.4	28.000	50	32	1	695	740	345	394	0.044	25.8
XP_016912865.1	XP_001122546.4	52.000	25	10	1	79	103	4	26	0.015	24.6
XP_016912865.1	XP_016767396.2	52.000	25	10	1	79	103	4	26	0.017	24.3
XP_016913596.1	XP_016767396.2	40.741	27	16	0	155	181	511	537	0.026	25.4
XP_016913596.1	XP_001122546.4	40.741	27	16	0	155	181	491	517	0.027	25.4
XP_016913598.1	XP_016767396.2	25.444	169	107	7	632	788	516	677	0.033	26.2
XP_016913598.1	XP_001122546.4	25.444	169	107	7	632	788	496	657	0.037	26.2
XP_016913678.1	XP_016767396.2	34.211	38	21	1	44	77	143	180	0.024	22.7
XP_016913678.1	XP_016767396.2	31.250	32	22	0	49	80	78	109	0.033	22.3
XP_016913678.1	XP_001122546.4	34.211	38	21	1	44	77	143	180	0.025	22.7
XP_016913678.1	XP_001122546.4	31.250	32	22	0	49	80	78	109	0.035	22.3
XP_016913679.1	XP_016767396.2	34.211	38	21	1	44	77	143	180	0.024	22.7
XP_016913679.1	XP_016767396.2	31.250	32	22	0	49	80	78	109	0.033	22.3
XP_016913679.1	XP_001122546.4	34.211	38	21	1	44	77	143	180	0.025	22.7
XP_016913679.1	XP_001122546.4	31.250	32	22	0	49	80	78	109	0.035	22.3
XP_016914246.2	XP_016767396.2	22.000	100	74	2	209	306	139	236	0.034	25.0
XP_016914246.2	XP_001122546.4	22.000	100	74	2	209	306	139	236	0.045	24.6
XP_016914255.2	XP_016767396.2	29.412	51	30	2	16	65	255	300	0.035	22.7
XP_016914255.2	XP_001122546.4	29.412	51	30	2	16	65	255	300	0.035	22.7
XP_016914286.1	XP_001122546.4	34.043	47	23	2	9	50	150	193	0.027	26.6
XP_016914286.1	XP_016767396.2	34.043	47	23	2	9	50	150	193	0.030	26.2
XP_016914403.1	XP_001122546.4	36.585	41	26	0	53	93	266	306	0.036	23.1
XP_016914403.1	XP_016767396.2	36.585	41	26	0	53	93	266	306	0.037	22.7
XP_016914408.1	XP_001122546.4	30.645	62	36	2	1	56	614	674	0.001	30.8
XP_016914408.1	XP_016767396.2	30.645	62	36	2	1	56	634	694	0.001	30.4
XP_016914751.1	XP_016767396.2	31.250	64	39	1	415	473	51	114	0.007	28.5
XP_016914751.1	XP_001122546.4	31.250	64	39	1	415	473	51	114	0.009	28.1
XP_016914821.1	XP_016767396.2	47.826	23	12	0	76	98	497	519	0.036	21.9
XP_016914962.1	XP_016767396.2	35.294	34	22	0	208	241	155	188	0.039	24.3
XP_016914962.1	XP_001122546.4	35.294	34	22	0	208	241	155	188	0.040	24.3
XP_016915129.1	XP_001122546.4	32.353	34	22	1	24	56	497	530	0.034	20.8
XP_016915129.1	XP_016767396.2	32.353	34	22	1	24	56	517	550	0.035	20.8
XP_016915298.1	XP_026296025.1	25.000	72	48	2	192	258	149	219	0.037	24.6
XP_016915298.1	XP_026296028.1	25.000	72	48	2	192	258	137	207	0.042	24.6
XP_016915298.1	XP_026296027.1	25.000	72	48	2	192	258	137	207	0.042	24.6
XP_016915298.1	XP_026296026.1	25.000	72	48	2	192	258	137	207	0.042	24.6
XP_016915383.1	XP_001122571.3	34.375	32	21	0	3	34	315	346	0.043	21.6
XP_016915384.1	XP_001122571.3	34.375	32	21	0	3	34	315	346	0.043	21.6
XP_016915404.1	XP_001122546.4	22.973	74	47	2	391	464	77	140	0.016	28.1
XP_016915404.1	XP_016767396.2	23.288	73	46	2	392	464	78	140	0.019	27.7
XP_016915463.1	XP_016767396.2	25.974	77	47	3	545	618	482	551	0.034	25.8
XP_016915596.1	XP_016767396.2	27.490	251	154	8	1495	1724	50	293	6.53e-04	32.7
XP_016915596.1	XP_001122546.4	33.871	124	75	2	1495	1615	50	169	7.84e-04	32.3
XP_016915597.1	XP_016767396.2	27.490	251	154	8	1487	1716	50	293	6.96e-04	32.7
XP_016915597.1	XP_001122546.4	33.871	124	75	2	1487	1607	50	169	8.21e-04	32.3
XP_016915651.1	XP_001122546.4	24.000	100	52	2	74	149	343	442	0.015	26.6
XP_016915651.1	XP_016767396.2	24.000	100	52	2	74	149	343	442	0.015	26.6
XP_016915745.1	XP_001122546.4	37.500	40	22	1	471	510	676	712	0.026	25.4
XP_016915745.1	XP_016767396.2	37.500	40	22	1	471	510	696	732	0.027	25.4
XP_016915816.1	XP_001122546.4	27.500	40	27	1	11	50	310	347	0.014	23.1
XP_016915816.1	XP_016767396.2	27.500	40	27	1	11	50	310	347	0.014	23.1
XP_016915842.1	XP_016767396.2	37.255	51	29	2	138	187	328	376	0.006	27.3
XP_016915842.1	XP_001122546.4	36.735	49	28	2	140	187	330	376	0.007	26.9
XP_016915843.1	XP_016767396.2	37.255	51	29	2	138	187	328	376	0.005	27.3
XP_016915843.1	XP_001122546.4	37.255	51	29	2	138	187	328	376	0.006	26.9
XP_016915872.1	XP_001122546.4	40.000	30	9	1	49	78	9	29	0.045	23.9
XP_016915872.1	XP_016767396.2	40.000	30	9	1	49	78	9	29	0.048	23.9
XP_016915977.1	XP_001122571.3	43.478	23	13	0	39	61	300	322	0.036	23.1
XP_016915981.1	XP_016767396.2	29.126	103	66	3	246	348	567	662	0.001	29.3
XP_016915981.1	XP_001122546.4	29.126	103	66	3	246	348	547	642	0.002	29.3
XP_016915985.1	XP_001122571.3	40.000	25	15	0	57	81	298	322	0.035	23.1
XP_016916067.1	XP_001122571.3	33.333	48	27	1	328	375	17	59	0.008	26.6
XP_016916404.1	XP_001122571.3	28.378	74	36	3	12	84	266	323	0.022	25.0
XP_016916583.1	XP_001122571.3	29.412	34	24	0	786	819	307	340	0.040	26.2
XP_016916584.1	XP_001122571.3	29.412	34	24	0	785	818	307	340	0.040	26.2
XP_016916585.1	XP_001122571.3	29.412	34	24	0	786	819	307	340	0.041	26.2
XP_016916586.1	XP_001122571.3	29.412	34	24	0	749	782	307	340	0.039	26.2
XP_016916587.1	XP_001122571.3	29.412	34	24	0	786	819	307	340	0.040	26.2
XP_016916589.1	XP_001122571.3	29.412	34	24	0	786	819	307	340	0.040	26.2
XP_016916709.1	XP_016767396.2	25.749	167	105	5	500	651	28	190	0.002	30.0
XP_016916709.1	XP_001122546.4	25.749	167	105	5	500	651	28	190	0.002	30.0
XP_016916738.1	XP_001122546.4	28.261	46	33	0	133	178	275	320	0.019	24.3
XP_016916738.1	XP_016767396.2	28.261	46	33	0	133	178	275	320	0.019	24.3
XP_016916773.1	XP_001122546.4	35.135	37	24	0	301	337	303	339	0.044	26.6
XP_016916773.1	XP_016767396.2	35.135	37	24	0	301	337	303	339	0.048	26.6
XP_016916903.2	NP_001011607.1	97.143	70	2	0	1	70	1	70	5.24e-48	136
XP_016916947.1	XP_016767396.2	96.534	779	24	2	1	779	1	776	0.0	1488
XP_016916947.1	XP_001122546.4	94.352	779	21	1	1	779	1	756	0.0	1446
XP_016916949.1	XP_001122571.3	72.527	91	25	0	184	274	261	351	1.41e-45	147
XP_016916949.1	XP_001122571.3	63.492	63	20	2	19	81	1	60	1.21e-20	79.7
XP_016916950.1	XP_026296025.1	99.259	270	2	0	1	270	13	282	0.0	554
XP_016916950.1	XP_026296028.1	99.259	270	2	0	1	270	1	270	0.0	553
XP_016916950.1	XP_026296027.1	99.259	270	2	0	1	270	1	270	0.0	553
XP_016916950.1	XP_026296026.1	99.259	270	2	0	1	270	1	270	0.0	553
XP_016916970.1	XP_001122546.4	35.000	20	13	0	103	122	703	722	0.048	23.5
XP_016917256.1	XP_016767396.2	19.481	77	47	1	13	74	300	376	0.037	23.9
XP_016917256.1	XP_001122546.4	19.481	77	47	1	13	74	300	376	0.039	23.9
XP_016917288.1	XP_016767396.2	28.000	75	54	0	213	287	226	300	0.023	25.0
XP_016917288.1	XP_001122546.4	28.000	75	54	0	213	287	226	300	0.024	25.0
XP_016917531.1	XP_016767396.2	29.688	64	41	2	1075	1134	252	315	0.047	25.8
XP_016917531.1	XP_001122546.4	29.688	64	41	2	1075	1134	252	315	0.048	25.8
XP_016917532.1	XP_016767396.2	29.688	64	41	2	1075	1134	252	315	0.047	25.8
XP_016917532.1	XP_001122546.4	29.688	64	41	2	1075	1134	252	315	0.048	25.8
XP_016917533.1	XP_001122546.4	29.688	64	41	2	984	1043	252	315	0.046	25.8
XP_016917533.1	XP_016767396.2	29.688	64	41	2	984	1043	252	315	0.047	25.8
XP_016917535.1	XP_001122546.4	39.130	23	14	0	13	35	731	753	0.039	21.9
XP_016917535.1	XP_016767396.2	39.130	23	14	0	13	35	751	773	0.040	21.9
XP_016917647.1	XP_016767396.2	23.711	97	65	3	153	246	604	694	0.004	27.3
XP_016917647.1	XP_001122546.4	23.958	96	64	3	154	246	585	674	0.004	27.3
XP_016917648.1	XP_016767396.2	23.958	96	64	3	148	240	605	694	0.003	27.3
XP_016917648.1	XP_001122546.4	23.958	96	64	3	148	240	585	674	0.004	27.3
XP_016917772.1	XP_016767396.2	34.286	35	19	1	431	465	469	499	0.050	25.0
XP_016917896.2	XP_001122546.4	23.270	477	278	15	1267	1720	50	461	5.37e-05	36.2
XP_016917896.2	XP_001122546.4	21.212	231	159	4	661	879	205	424	8.93e-05	35.4
XP_016917896.2	XP_016767396.2	23.270	477	278	15	1267	1720	50	461	7.51e-05	35.8
XP_016917896.2	XP_016767396.2	21.212	231	159	4	661	879	205	424	1.08e-04	35.4
XP_016918025.1	XP_001122571.3	30.508	59	41	0	84	142	291	349	1.29e-04	30.0
XP_016918025.1	XP_001122571.3	56.000	25	10	1	8	32	7	30	8.13e-04	27.7
XP_016918061.1	XP_016767396.2	48.276	29	15	0	2260	2288	57	85	0.009	29.3
XP_016918061.1	XP_001122546.4	48.276	29	15	0	2260	2288	57	85	0.010	29.3
XP_016918062.1	XP_016767396.2	48.276	29	15	0	2025	2053	57	85	0.008	29.3
XP_016918062.1	XP_001122546.4	48.276	29	15	0	2025	2053	57	85	0.008	29.3
XP_016918063.1	XP_016767396.2	48.276	29	15	0	2025	2053	57	85	0.008	29.3
XP_016918063.1	XP_001122546.4	48.276	29	15	0	2025	2053	57	85	0.008	29.3
XP_016918256.1	XP_016767396.2	29.213	89	46	2	145	233	545	616	0.003	28.1
XP_016918256.1	XP_001122546.4	29.213	89	46	2	145	233	525	596	0.003	28.1
XP_016918317.1	XP_026296025.1	52.381	21	10	0	201	221	101	121	0.044	24.3
XP_016918317.1	XP_026296028.1	52.381	21	10	0	201	221	89	109	0.045	23.9
XP_016918317.1	XP_026296027.1	52.381	21	10	0	201	221	89	109	0.045	23.9
XP_016918317.1	XP_026296026.1	52.381	21	10	0	201	221	89	109	0.045	23.9
XP_016918335.1	XP_016767396.2	20.192	104	72	2	2139	2238	265	361	0.010	29.6
XP_016918335.1	XP_001122546.4	20.192	104	72	2	2139	2238	265	361	0.012	29.3
XP_016918336.1	XP_016767396.2	20.192	104	72	2	2138	2237	265	361	0.010	29.6
XP_016918336.1	XP_001122546.4	20.192	104	72	2	2138	2237	265	361	0.011	29.3
XP_016918338.1	XP_016767396.2	20.192	104	72	2	2120	2219	265	361	0.011	29.6
XP_016918338.1	XP_001122546.4	20.192	104	72	2	2120	2219	265	361	0.012	29.3
XP_016918338.1	XP_001122546.4	23.137	255	165	10	1293	1529	374	615	0.017	28.9
XP_016918339.1	XP_016767396.2	20.192	104	72	2	2116	2215	265	361	0.011	29.3
XP_016918339.1	XP_001122546.4	20.192	104	72	2	2116	2215	265	361	0.012	29.3
XP_016918340.1	XP_016767396.2	20.192	104	72	2	2097	2196	265	361	0.012	29.3
XP_016918340.1	XP_001122546.4	20.192	104	72	2	2097	2196	265	361	0.012	29.3
XP_016918341.1	XP_016767396.2	20.192	104	72	2	2092	2191	265	361	0.010	29.6
XP_016918341.1	XP_001122546.4	20.192	104	72	2	2092	2191	265	361	0.011	29.6
XP_016918386.1	XP_016767396.2	30.851	94	52	2	58	145	531	617	0.010	26.2
XP_016918386.1	XP_001122546.4	33.898	59	33	1	58	110	511	569	0.010	26.2
XP_016918415.1	XP_001122546.4	45.000	20	11	0	276	295	324	343	0.028	25.0
XP_016918415.1	XP_016767396.2	45.000	20	11	0	276	295	324	343	0.030	24.6
XP_016919026.1	XP_001122571.3	32.203	59	37	1	1	56	1	59	2.91e-05	30.4
XP_016919370.1	XP_001122571.3	21.429	98	68	2	1	98	258	346	0.017	24.3
XP_016919496.1	XP_001122546.4	33.333	36	24	0	2	37	279	314	0.004	23.9
XP_016919496.1	XP_016767396.2	33.333	36	24	0	2	37	279	314	0.004	23.9
XP_016919544.1	XP_016767396.2	25.410	122	75	5	452	566	58	170	0.018	27.3
XP_016919544.1	XP_016767396.2	28.333	60	39	2	386	441	109	168	0.022	27.3
XP_016919544.1	XP_001122546.4	25.410	122	75	5	452	566	58	170	0.023	26.9
XP_016919544.1	XP_001122546.4	28.333	60	39	2	386	441	109	168	0.025	26.9
XP_016919611.1	XP_001122546.4	23.810	42	32	0	139	180	612	653	0.026	23.5
XP_016919611.1	XP_016767396.2	23.256	43	33	0	138	180	631	673	0.027	23.5
XP_016919710.1	XP_016767396.2	28.261	46	33	0	712	757	490	535	0.006	28.9
XP_016919712.1	XP_016767396.2	28.261	46	33	0	589	634	490	535	0.006	28.5
XP_016919818.1	XP_026296028.1	34.783	23	15	0	283	305	185	207	0.027	25.0
XP_016919818.1	XP_026296027.1	34.783	23	15	0	283	305	185	207	0.027	25.0
XP_016919818.1	XP_026296026.1	34.783	23	15	0	283	305	185	207	0.027	25.0
XP_016919818.1	XP_026296025.1	34.783	23	15	0	283	305	197	219	0.035	24.6
XP_016919819.1	XP_026296028.1	34.783	23	15	0	270	292	185	207	0.028	25.0
XP_016919819.1	XP_026296027.1	34.783	23	15	0	270	292	185	207	0.028	25.0
XP_016919819.1	XP_026296026.1	34.783	23	15	0	270	292	185	207	0.028	25.0
XP_016919819.1	XP_026296025.1	34.783	23	15	0	270	292	197	219	0.034	24.6
XP_016919823.1	XP_026296028.1	34.783	23	15	0	201	223	185	207	0.022	25.0
XP_016919823.1	XP_026296027.1	34.783	23	15	0	201	223	185	207	0.022	25.0
XP_016919823.1	XP_026296026.1	34.783	23	15	0	201	223	185	207	0.022	25.0
XP_016919823.1	XP_026296025.1	34.783	23	15	0	201	223	197	219	0.028	24.6
XP_016919889.1	XP_001122546.4	24.074	108	67	3	85	184	413	513	0.014	25.0
XP_016919890.1	XP_001122546.4	24.074	108	67	3	78	177	413	513	0.013	25.0
XP_016919985.1	XP_016767396.2	42.308	26	15	0	598	623	501	526	0.026	25.8
XP_016919986.1	XP_016767396.2	42.308	26	15	0	562	587	501	526	0.027	25.8
XP_016920139.2	XP_016767396.2	32.500	40	27	0	404	443	426	465	0.037	25.4
XP_016920139.2	XP_001122546.4	32.500	40	27	0	404	443	426	465	0.039	25.4
XP_016920298.1	XP_016767396.2	34.043	47	28	1	114	160	136	179	0.018	25.8
XP_016920298.1	XP_001122546.4	34.043	47	28	1	114	160	136	179	0.021	25.4
XP_016920300.1	XP_016767396.2	34.043	47	28	1	114	160	136	179	0.020	25.4
XP_016920300.1	XP_001122546.4	34.043	47	28	1	114	160	136	179	0.021	25.4
XP_016920322.1	XP_001122546.4	24.731	93	57	2	183	262	618	710	0.031	25.4
XP_016920322.1	XP_016767396.2	24.731	93	57	2	183	262	638	730	0.034	25.0
XP_016920323.1	XP_001122546.4	24.731	93	57	2	183	262	618	710	0.031	25.4
XP_016920323.1	XP_016767396.2	24.731	93	57	2	183	262	638	730	0.034	25.0
XP_016920324.1	XP_001122546.4	24.731	93	57	2	183	262	618	710	0.031	25.4
XP_016920324.1	XP_016767396.2	24.731	93	57	2	183	262	638	730	0.034	25.0
XP_016920325.1	XP_001122546.4	24.731	93	57	2	183	262	618	710	0.031	25.4
XP_016920325.1	XP_016767396.2	24.731	93	57	2	183	262	638	730	0.034	25.0
XP_016920362.1	XP_026296028.1	32.143	28	19	0	137	164	127	154	0.012	25.4
XP_016920362.1	XP_026296027.1	32.143	28	19	0	137	164	127	154	0.012	25.4
XP_016920362.1	XP_026296026.1	32.143	28	19	0	137	164	127	154	0.012	25.4
XP_016920362.1	XP_026296025.1	33.333	27	18	0	138	164	140	166	0.012	25.4
XP_016920971.1	XP_016767396.2	41.379	29	17	0	8	36	649	677	0.032	23.5
XP_016920971.1	XP_001122546.4	41.379	29	17	0	8	36	629	657	0.032	23.5
XP_016921127.1	XP_001122546.4	18.919	37	30	0	64	100	352	388	0.016	24.3
XP_016921127.1	XP_016767396.2	18.919	37	30	0	64	100	352	388	0.017	24.3
XP_016921189.1	XP_016767396.2	27.273	121	74	3	427	536	198	315	0.009	27.3
XP_016921189.1	XP_001122546.4	27.273	121	74	3	427	536	198	315	0.010	27.3
XP_016921190.1	XP_016767396.2	27.273	121	74	3	427	536	198	315	0.009	27.3
XP_016921190.1	XP_001122546.4	27.273	121	74	3	427	536	198	315	0.010	27.3
XP_016921191.1	XP_016767396.2	27.273	121	74	3	393	502	198	315	0.007	27.7
XP_016921191.1	XP_001122546.4	27.273	121	74	3	393	502	198	315	0.007	27.7
XP_016921411.1	XP_016767396.2	28.261	46	33	0	57	102	128	173	0.036	24.6
XP_016921411.1	XP_001122546.4	28.261	46	33	0	57	102	128	173	0.037	24.6
XP_016921445.1	XP_016767396.2	28.261	46	32	1	304	349	66	110	0.024	25.8
XP_016921445.1	XP_001122546.4	28.261	46	32	1	304	349	66	110	0.024	25.8
XP_016921477.1	NP_001011607.1	46.154	13	7	0	67	79	57	69	0.019	23.1
XP_016921486.1	NP_001011607.1	46.154	13	7	0	67	79	57	69	0.019	23.1
XP_016921496.1	NP_001011607.1	46.154	13	7	0	67	79	57	69	0.019	23.1
XP_016921509.1	XP_016767396.2	47.826	23	12	0	76	98	497	519	0.036	21.9
XP_016921662.1	XP_016767396.2	29.412	51	36	0	317	367	365	415	0.045	24.6
XP_016921663.1	XP_016767396.2	29.412	51	36	0	317	367	365	415	0.045	24.6
XP_016921976.1	XP_016767396.2	25.424	59	30	1	74	118	100	158	0.002	25.8
XP_016921976.1	XP_001122546.4	25.424	59	30	1	74	118	100	158	0.002	25.8
XP_016922525.1	XP_016767396.2	26.415	53	36	1	283	335	163	212	0.030	26.6
XP_016922525.1	XP_001122546.4	26.415	53	36	1	283	335	163	212	0.031	26.2
XP_016922633.1	XP_016767396.2	22.857	70	48	2	306	373	278	343	0.046	24.6
XP_016922633.1	XP_001122546.4	22.857	70	48	2	306	373	278	343	0.048	24.6
XP_016922634.1	XP_016767396.2	22.857	70	48	2	306	373	278	343	0.046	24.6
XP_016922634.1	XP_001122546.4	22.857	70	48	2	306	373	278	343	0.048	24.6
XP_016922730.1	XP_001122546.4	25.532	47	35	0	72	118	619	665	0.014	25.0
XP_016922730.1	XP_016767396.2	25.532	47	35	0	72	118	639	685	0.014	25.0
XP_028519867.1	XP_001122546.4	23.478	115	71	5	235	336	28	138	0.039	24.6
XP_028519867.1	XP_016767396.2	23.478	115	71	5	235	336	28	138	0.043	24.6
XP_028519977.1	XP_016767396.2	27.749	191	111	9	757	936	515	689	0.007	29.6
XP_028519977.1	XP_001122546.4	27.749	191	111	9	757	936	495	669	0.007	29.3
XP_028520087.1	XP_001122546.4	25.217	115	65	4	75	174	408	516	0.036	24.6
XP_028520088.1	XP_001122546.4	25.217	115	65	4	75	174	408	516	0.036	24.6
XP_028520089.1	XP_001122546.4	25.217	115	65	4	75	174	408	516	0.034	24.6
XP_028520090.1	XP_001122546.4	26.000	100	58	3	90	174	418	516	0.047	24.3
XP_028520091.1	XP_001122546.4	26.000	100	58	3	90	174	418	516	0.048	24.3
XP_028520307.1	XP_016767396.2	28.571	70	34	2	47	103	346	412	0.036	23.5
XP_028520307.1	XP_001122546.4	28.571	70	34	2	47	103	346	412	0.040	23.5
XP_028520599.1	XP_001122546.4	27.848	79	52	2	135	208	431	509	0.012	26.2
XP_028520793.1	XP_016767396.2	32.000	100	57	5	1133	1226	589	683	0.037	26.9
XP_028520793.1	XP_001122546.4	32.000	100	57	5	1133	1226	569	663	0.039	26.9
XP_028520795.1	XP_016767396.2	32.000	100	57	5	1133	1226	589	683	0.037	26.9
XP_028520795.1	XP_001122546.4	32.000	100	57	5	1133	1226	569	663	0.039	26.9
XP_028521127.1	XP_001122546.4	22.439	205	129	4	2733	2907	132	336	0.036	28.1
XP_028521127.1	XP_016767396.2	22.439	205	129	4	2733	2907	132	336	0.037	28.1
XP_028521179.1	XP_001122546.4	36.111	36	23	0	39	74	617	652	0.046	22.7
XP_028521179.1	XP_016767396.2	36.111	36	23	0	39	74	637	672	0.048	22.3
XP_028521362.1	XP_001122546.4	31.250	32	22	0	156	187	438	469	0.022	25.4
XP_028521362.1	XP_016767396.2	31.250	32	22	0	156	187	438	469	0.022	25.4
XP_028521377.1	XP_001122546.4	23.622	127	75	6	54	172	294	406	0.045	24.3
XP_028521420.1	XP_001122546.4	31.707	41	26	1	272	310	477	517	0.029	25.4
XP_028521421.1	XP_001122546.4	31.707	41	26	1	272	310	477	517	0.029	25.4
XP_028521422.1	XP_001122546.4	31.707	41	26	1	272	310	477	517	0.029	25.4
XP_028521725.1	XP_001122546.4	20.571	175	126	5	1292	1457	482	652	0.048	26.9
XP_028521904.1	XP_016767396.2	22.941	170	104	5	190	354	27	174	0.041	25.4
XP_028521950.1	XP_026296028.1	38.462	26	16	0	433	458	179	204	0.026	25.4
XP_028521950.1	XP_026296027.1	38.462	26	16	0	433	458	179	204	0.026	25.4
XP_028521950.1	XP_026296026.1	38.462	26	16	0	433	458	179	204	0.026	25.4
XP_028521950.1	XP_026296025.1	38.462	26	16	0	433	458	191	216	0.033	25.0
XP_028522233.1	XP_016767396.2	32.468	77	49	2	526	602	604	677	0.001	31.6
XP_028522233.1	XP_001122546.4	32.468	77	49	2	526	602	584	657	0.001	31.6
XP_028522338.1	XP_001122546.4	25.490	51	33	1	41	91	654	699	0.018	25.0
XP_028522338.1	XP_016767396.2	25.490	51	33	1	41	91	674	719	0.020	24.6
XP_028522413.1	XP_001122546.4	33.333	36	24	0	1184	1219	484	519	0.018	27.3
XP_028522413.1	XP_016767396.2	32.558	43	27	1	1177	1219	499	539	0.019	27.3
XP_028522414.1	XP_001122546.4	33.333	36	24	0	1170	1205	484	519	0.018	27.3
XP_028522414.1	XP_016767396.2	32.558	43	27	1	1163	1205	499	539	0.019	27.3
XP_028522415.1	XP_001122546.4	33.333	36	24	0	1156	1191	484	519	0.019	27.3
XP_028522415.1	XP_016767396.2	32.558	43	27	1	1149	1191	499	539	0.019	27.3
XP_028522538.1	XP_026296028.1	33.333	39	25	1	169	206	85	123	0.001	28.1
XP_028522538.1	XP_026296027.1	33.333	39	25	1	169	206	85	123	0.001	28.1
XP_028522538.1	XP_026296026.1	33.333	39	25	1	169	206	85	123	0.001	28.1
XP_028522538.1	XP_026296025.1	33.333	39	25	1	169	206	97	135	0.001	28.1
XP_028522547.1	XP_001122546.4	28.333	60	39	2	62	117	171	230	0.044	25.8
XP_028522547.1	XP_016767396.2	28.333	60	39	2	62	117	171	230	0.046	25.8
XP_028522732.1	XP_016767396.2	30.233	86	58	1	1074	1157	147	232	0.006	29.6
XP_028522732.1	XP_001122546.4	30.233	86	58	1	1074	1157	147	232	0.008	28.9
XP_028522733.1	XP_016767396.2	31.169	77	51	1	1061	1135	156	232	0.019	27.7
XP_028522733.1	XP_001122546.4	31.169	77	51	1	1061	1135	156	232	0.025	27.3
XP_028522955.1	XP_016767396.2	25.444	169	107	7	639	795	516	677	0.032	26.2
XP_028522955.1	XP_001122546.4	25.444	169	107	7	639	795	496	657	0.039	26.2
XP_028522956.1	XP_016767396.2	25.444	169	107	7	631	787	516	677	0.032	26.2
XP_028522956.1	XP_001122546.4	25.444	169	107	7	631	787	496	657	0.039	26.2
XP_028522957.1	XP_016767396.2	25.444	169	107	7	639	795	516	677	0.031	26.2
XP_028522957.1	XP_001122546.4	25.444	169	107	7	639	795	496	657	0.040	25.8
XP_028522958.1	XP_016767396.2	25.444	169	107	7	639	795	516	677	0.035	26.2
XP_028522958.1	XP_001122546.4	25.444	169	107	7	639	795	496	657	0.037	26.2
XP_028522959.1	XP_016767396.2	25.444	169	107	7	639	795	516	677	0.035	26.2
XP_028522959.1	XP_001122546.4	25.444	169	107	7	639	795	496	657	0.039	25.8
XP_028523166.1	XP_001122546.4	34.043	47	23	2	9	50	150	193	0.022	26.6
XP_028523166.1	XP_016767396.2	34.043	47	23	2	9	50	150	193	0.025	26.6
XP_028523179.1	XP_026296025.1	38.462	26	16	0	78	103	98	123	0.011	26.9
XP_028523271.1	XP_016767396.2	27.536	69	39	2	354	422	201	258	0.042	24.6
XP_028523271.1	XP_001122546.4	27.536	69	39	2	354	422	201	258	0.043	24.6
XP_028523342.1	XP_001122546.4	35.417	48	30	1	45	91	347	394	0.012	25.0
XP_028523342.1	XP_016767396.2	35.417	48	30	1	45	91	347	394	0.012	25.0
XP_028523427.1	XP_026296025.1	25.000	72	48	2	123	189	149	219	0.035	24.6
XP_028523427.1	XP_026296028.1	25.000	72	48	2	123	189	137	207	0.038	24.6
XP_028523427.1	XP_026296027.1	25.000	72	48	2	123	189	137	207	0.038	24.6
XP_028523427.1	XP_026296026.1	25.000	72	48	2	123	189	137	207	0.038	24.6
XP_028523548.1	XP_001122546.4	24.000	100	52	2	74	149	343	442	0.015	26.6
XP_028523548.1	XP_016767396.2	24.000	100	52	2	74	149	343	442	0.015	26.6
XP_028523570.1	XP_016767396.2	33.871	124	75	2	1495	1615	50	169	6.81e-04	32.7
XP_028523570.1	XP_001122546.4	33.871	124	75	2	1495	1615	50	169	8.03e-04	32.3
XP_028523571.1	XP_016767396.2	33.871	124	75	2	1495	1615	50	169	7.18e-04	32.7
XP_028523571.1	XP_001122546.4	33.871	124	75	2	1495	1615	50	169	8.39e-04	32.3
XP_028523575.1	XP_001122546.4	37.500	40	22	1	471	510	676	712	0.026	25.4
XP_028523575.1	XP_016767396.2	37.500	40	22	1	471	510	696	732	0.027	25.4
XP_028523633.1	XP_001122546.4	40.000	30	9	1	49	78	9	29	0.045	23.9
XP_028523633.1	XP_016767396.2	40.000	30	9	1	49	78	9	29	0.048	23.9
XP_028523698.1	XP_016767396.2	36.957	46	27	1	38	83	197	240	0.003	28.9
XP_028523698.1	XP_001122546.4	36.957	46	27	1	38	83	197	240	0.003	28.9
XP_028523699.1	XP_001122546.4	36.957	46	27	1	38	83	197	240	0.004	28.5
XP_028523699.1	XP_016767396.2	36.957	46	27	1	38	83	197	240	0.004	28.5
XP_028523713.1	XP_001122571.3	33.333	48	27	1	328	375	17	59	0.008	26.6
XP_028523725.1	XP_016767396.2	29.787	94	53	3	1607	1692	238	326	0.023	27.7
XP_028523725.1	XP_001122546.4	29.787	94	53	3	1607	1692	238	326	0.025	27.7
XP_028523726.1	XP_016767396.2	29.787	94	53	3	1607	1692	238	326	0.023	27.7
XP_028523726.1	XP_001122546.4	29.787	94	53	3	1607	1692	238	326	0.025	27.7
XP_028523885.1	XP_016767396.2	25.749	167	105	5	375	526	28	190	0.001	30.0
XP_028523885.1	XP_001122546.4	25.749	167	105	5	375	526	28	190	0.001	30.0
XP_028523898.1	XP_001122571.3	29.412	34	24	0	784	817	307	340	0.040	26.2
XP_028524063.1	XP_016767396.2	28.000	75	54	0	213	287	226	300	0.023	25.0
XP_028524063.1	XP_001122546.4	28.000	75	54	0	213	287	226	300	0.024	25.0
XP_028524195.1	XP_001122571.3	25.333	75	47	2	150	224	257	322	0.020	25.4
XP_028524196.1	XP_001122571.3	25.333	75	47	2	135	209	257	322	0.014	25.8
XP_028524197.1	XP_001122571.3	25.333	75	47	2	130	204	257	322	0.013	25.8
XP_028524198.1	XP_001122571.3	25.333	75	47	2	130	204	257	322	0.013	25.8
XP_028524199.1	XP_001122571.3	25.676	74	46	2	116	189	257	321	0.016	25.4
XP_028524200.1	XP_001122571.3	25.676	74	46	2	116	189	257	321	0.016	25.4
XP_028524201.1	XP_001122571.3	25.333	75	47	2	88	162	257	322	0.013	25.8
XP_028524235.1	XP_001122546.4	23.270	477	278	15	1400	1853	50	461	3.62e-05	37.0
XP_028524235.1	XP_001122546.4	21.212	231	159	4	794	1012	205	424	6.55e-05	36.2
XP_028524235.1	XP_016767396.2	23.270	477	278	15	1400	1853	50	461	4.13e-05	37.0
XP_028524235.1	XP_016767396.2	21.212	231	159	4	794	1012	205	424	6.99e-05	36.2
XP_028524288.1	XP_001122546.4	45.000	20	11	0	275	294	324	343	0.030	24.6
XP_028524288.1	XP_016767396.2	45.000	20	11	0	275	294	324	343	0.032	24.6
XP_028524613.1	XP_026296028.1	38.095	42	25	1	395	436	105	145	0.017	25.8
XP_028524613.1	XP_026296027.1	38.095	42	25	1	395	436	105	145	0.017	25.8
XP_028524613.1	XP_026296026.1	38.095	42	25	1	395	436	105	145	0.017	25.8
XP_028524613.1	XP_026296025.1	38.095	42	25	1	395	436	117	157	0.020	25.4
XP_028524665.1	XP_016767396.2	24.286	210	131	14	1960	2162	495	683	0.002	32.0
XP_028524665.1	XP_001122546.4	26.203	187	111	13	1983	2162	497	663	0.003	31.2
XP_028524805.1	XP_001122546.4	57.143	14	6	0	34	47	336	349	0.043	24.3
XP_028524805.1	XP_016767396.2	57.143	14	6	0	34	47	336	349	0.045	24.3
XP_028524818.1	XP_016767396.2	28.205	78	51	1	207	284	136	208	0.002	28.9
XP_028524818.1	XP_001122546.4	28.205	78	51	1	207	284	136	208	0.002	28.9
XP_028524956.1	XP_001122546.4	24.731	93	57	2	183	262	618	710	0.031	25.4
XP_028524956.1	XP_016767396.2	24.731	93	57	2	183	262	638	730	0.034	25.0
XP_028525352.1	XP_016767396.2	47.826	23	12	0	76	98	497	519	0.036	21.9
XP_028525353.1	XP_016767396.2	47.826	23	12	0	76	98	497	519	0.036	21.9
XP_028525537.1	NP_001011607.1	46.154	13	7	0	67	79	57	69	0.019	23.1
XP_028525547.1	NP_001011607.1	46.154	13	7	0	67	79	57	69	0.019	23.1
XP_028525752.1	XP_001122546.4	22.973	74	50	1	238	311	59	125	0.035	24.3
XP_028525752.1	XP_016767396.2	22.973	74	50	1	238	311	59	125	0.036	24.3
XP_028525769.1	XP_016767396.2	26.415	53	36	1	283	335	163	212	0.030	26.6
XP_028525769.1	XP_001122546.4	26.415	53	36	1	283	335	163	212	0.031	26.2
XP_028525770.1	XP_016767396.2	26.415	53	36	1	283	335	163	212	0.030	26.6
XP_028525770.1	XP_001122546.4	26.415	53	36	1	283	335	163	212	0.031	26.2
