XP_003689587.1	XP_001122571.3	37.500	32	18	1	7	38	5	34	0.008	24.6
XP_003689673.1	XP_001122546.4	18.919	37	30	0	64	100	352	388	0.018	24.3
XP_003689673.1	XP_016767396.2	18.919	37	30	0	64	100	352	388	0.019	23.9
XP_003689730.1	XP_001122546.4	56.250	16	7	0	10	25	504	519	0.028	21.2
XP_003689730.1	XP_016767396.2	56.250	16	7	0	10	25	524	539	0.029	21.2
XP_003689731.1	XP_001122546.4	56.250	16	7	0	10	25	504	519	0.028	21.2
XP_003689731.1	XP_016767396.2	56.250	16	7	0	10	25	524	539	0.029	21.2
XP_003689784.1	XP_001122546.4	23.256	43	33	0	138	180	611	653	0.027	23.5
XP_003689784.1	XP_016767396.2	23.256	43	33	0	138	180	631	673	0.027	23.5
XP_003689891.1	XP_001122546.4	27.481	131	63	5	34	152	449	559	0.021	24.6
XP_003689891.1	XP_016767396.2	27.737	137	75	6	34	152	449	579	0.023	24.6
XP_003689965.1	XP_026296025.1	100.000	270	0	0	1	270	13	282	0.0	558
XP_003689965.1	XP_026296028.1	100.000	270	0	0	1	270	1	270	0.0	557
XP_003689965.1	XP_026296027.1	100.000	270	0	0	1	270	1	270	0.0	557
XP_003689965.1	XP_026296026.1	100.000	270	0	0	1	270	1	270	0.0	557
XP_003689966.1	NP_001011607.1	84.286	70	11	0	1	70	1	70	3.08e-24	76.6
XP_003689969.2	XP_001122571.3	73.469	98	25	1	291	388	255	351	2.70e-44	147
XP_003690135.1	XP_026296025.1	25.000	72	48	2	192	258	149	219	0.036	24.6
XP_003690135.1	XP_026296028.1	25.000	72	48	2	192	258	137	207	0.046	24.6
XP_003690135.1	XP_026296027.1	25.000	72	48	2	192	258	137	207	0.046	24.6
XP_003690135.1	XP_026296026.1	25.000	72	48	2	192	258	137	207	0.046	24.6
XP_003690202.2	XP_001122546.4	29.545	44	31	0	95	138	621	664	1.04e-04	32.0
XP_003690202.2	XP_016767396.2	29.545	44	31	0	95	138	641	684	1.04e-04	32.0
XP_003690468.2	XP_001122571.3	32.759	58	31	3	86	135	257	314	0.038	23.1
XP_003690587.1	XP_016767396.2	27.536	69	45	2	67	130	659	727	0.006	27.3
XP_003690587.1	XP_001122546.4	30.159	63	39	2	73	130	645	707	0.007	26.9
XP_003690856.1	XP_001122546.4	25.000	68	43	2	291	356	452	513	0.038	25.0
XP_003691126.1	XP_001122546.4	47.619	21	11	0	204	224	365	385	0.034	23.5
XP_003691126.1	XP_016767396.2	47.619	21	11	0	204	224	365	385	0.034	23.5
XP_003691191.1	XP_001122571.3	54.167	24	10	1	220	242	252	275	0.016	25.8
XP_003691401.1	XP_026296025.1	56.250	16	7	0	80	95	108	123	0.050	22.3
XP_003691411.1	XP_016767396.2	38.462	26	16	0	46	71	151	176	0.006	27.7
XP_003691411.1	XP_001122546.4	38.462	26	16	0	46	71	151	176	0.006	27.7
XP_003691417.1	XP_001122546.4	42.857	28	13	1	108	132	141	168	0.005	27.3
XP_003691417.1	XP_016767396.2	42.857	28	13	1	108	132	141	168	0.005	27.3
XP_003691772.1	XP_016767396.2	33.333	54	28	1	162	207	501	554	0.015	25.4
XP_003692163.2	XP_001122546.4	25.490	51	33	1	41	91	654	699	0.017	25.0
XP_003692163.2	XP_016767396.2	25.490	51	33	1	41	91	674	719	0.019	25.0
XP_003692758.1	XP_001122571.3	30.508	59	41	0	84	142	291	349	3.25e-04	28.9
XP_003692758.1	XP_001122571.3	46.429	28	14	1	8	35	7	33	0.002	26.2
XP_003692871.1	XP_001122571.3	25.806	93	46	4	33	125	272	341	0.042	22.3
XP_003693668.2	XP_016767396.2	29.213	89	46	2	145	233	545	616	0.003	28.1
XP_003693668.2	XP_001122546.4	29.213	89	46	2	145	233	525	596	0.003	28.1
XP_003693808.1	XP_016767396.2	45.455	33	14	2	21	50	121	152	0.014	23.1
XP_003693808.1	XP_001122546.4	45.455	33	14	2	21	50	121	152	0.014	23.1
XP_003694120.1	XP_016767396.2	25.424	59	30	1	74	118	100	158	0.002	26.2
XP_003694120.1	XP_001122546.4	25.424	59	30	1	74	118	100	158	0.002	25.8
XP_003694319.1	XP_001122546.4	37.500	40	22	1	471	510	676	712	0.026	25.4
XP_003694319.1	XP_016767396.2	37.500	40	22	1	471	510	696	732	0.027	25.4
XP_003694361.1	XP_016767396.2	25.749	167	105	5	500	651	28	190	0.001	30.4
XP_003694361.1	XP_001122546.4	25.749	167	105	5	500	651	28	190	0.001	30.4
XP_003694453.1	XP_001122571.3	29.412	34	24	0	787	820	307	340	0.040	26.2
XP_003694851.1	XP_016767396.2	41.304	46	24	2	695	739	397	440	0.005	29.3
XP_003694851.1	XP_001122546.4	41.304	46	24	2	695	739	397	440	0.005	28.9
XP_003694875.1	XP_001122571.3	34.375	32	21	0	3	34	315	346	0.043	21.6
XP_003695064.1	XP_001122546.4	24.074	108	67	3	78	177	413	513	0.013	25.0
XP_003695065.1	XP_001122546.4	24.074	108	67	3	85	184	413	513	0.014	25.0
XP_003695769.1	XP_026296028.1	24.691	81	60	1	395	475	35	114	0.050	24.3
XP_003695769.1	XP_026296027.1	24.691	81	60	1	395	475	35	114	0.050	24.3
XP_003695769.1	XP_026296026.1	24.691	81	60	1	395	475	35	114	0.050	24.3
XP_003696118.1	XP_001122571.3	21.429	98	68	2	1	98	258	346	0.017	24.3
XP_003696285.1	XP_001122546.4	40.741	27	16	0	155	181	491	517	0.025	25.4
XP_003696285.1	XP_016767396.2	40.741	27	16	0	155	181	511	537	0.025	25.4
XP_003696518.1	XP_001122546.4	41.379	29	17	0	8	36	629	657	0.031	23.5
XP_003696518.1	XP_016767396.2	41.379	29	17	0	8	36	649	677	0.032	23.5
XP_003696738.2	XP_001122571.3	50.000	24	12	0	326	349	306	329	0.002	28.5
XP_003696940.1	XP_016767396.2	32.500	120	68	5	290	400	215	330	0.045	25.0
XP_003697374.1	XP_016767396.2	29.412	51	36	0	317	367	365	415	0.049	24.6
XP_003697695.3	XP_016767396.2	30.851	94	52	3	413	495	512	603	0.020	26.2
XP_003697695.3	XP_001122546.4	30.851	94	52	3	413	495	492	583	0.022	26.2
XP_003697862.2	XP_016767396.2	30.909	110	66	3	246	350	567	671	0.002	28.9
XP_003697862.2	XP_001122546.4	30.909	110	66	3	246	350	547	651	0.002	28.5
XP_003697881.1	XP_001122571.3	43.478	23	13	0	60	82	300	322	0.044	23.1
XP_003697941.3	XP_016767396.2	28.261	46	32	1	304	349	66	110	0.026	25.8
XP_003697941.3	XP_001122546.4	28.261	46	32	1	304	349	66	110	0.026	25.8
XP_003697997.1	XP_016767396.2	47.826	23	12	0	76	98	497	519	0.036	21.9
XP_003698136.2	XP_016767396.2	39.216	51	28	2	138	187	328	376	0.002	28.9
XP_003698136.2	XP_001122546.4	39.216	51	28	2	138	187	328	376	0.002	28.9
XP_003698172.1	XP_001122546.4	33.333	27	18	0	24	50	321	347	0.042	23.1
XP_003698172.1	XP_016767396.2	33.333	27	18	0	24	50	321	347	0.043	23.1
XP_003698349.1	XP_016767396.2	21.705	129	74	5	319	434	33	147	0.038	25.0
XP_003698349.1	XP_001122546.4	21.705	129	74	5	319	434	33	147	0.038	25.0
XP_003698491.1	XP_016767396.2	35.294	34	22	0	208	241	155	188	0.037	24.3
XP_003698491.1	XP_001122546.4	35.294	34	22	0	208	241	155	188	0.038	24.3
XP_003698658.1	XP_016767396.2	42.308	26	15	0	598	623	501	526	0.025	25.8
XP_003698865.1	XP_001122546.4	52.000	25	10	1	79	103	4	26	0.014	24.6
XP_003698865.1	XP_016767396.2	52.000	25	10	1	79	103	4	26	0.015	24.6
XP_003699146.1	XP_016767396.2	48.276	29	15	0	11	39	57	85	1.74e-04	28.1
XP_003699146.1	XP_001122546.4	48.276	29	15	0	11	39	57	85	1.82e-04	28.1
XP_012338841.1	XP_001122546.4	24.215	223	137	10	329	532	463	672	0.021	26.6
XP_012338842.1	XP_001122546.4	24.215	223	137	10	329	532	463	672	0.021	26.6
XP_012338843.1	XP_001122546.4	24.215	223	137	10	329	532	463	672	0.021	26.6
XP_012339004.1	XP_001122571.3	76.923	13	3	0	27	39	3	15	0.033	21.9
XP_012339566.1	XP_016767396.2	27.200	125	82	4	1	120	445	565	0.021	25.4
XP_012339567.1	XP_016767396.2	27.200	125	82	4	1	120	445	565	0.021	25.4
XP_012339568.1	XP_016767396.2	27.200	125	82	4	1	120	445	565	0.016	25.8
XP_012339854.1	XP_016767396.2	36.667	30	19	0	65	94	289	318	0.038	24.3
XP_012339854.1	XP_001122546.4	36.667	30	19	0	65	94	289	318	0.038	24.3
XP_012339855.1	XP_016767396.2	36.667	30	19	0	65	94	289	318	0.031	24.3
XP_012339855.1	XP_001122546.4	36.667	30	19	0	65	94	289	318	0.032	24.3
XP_012340003.1	XP_001122546.4	28.169	71	36	3	151	206	447	517	0.035	25.8
XP_012340004.1	XP_001122546.4	28.169	71	36	3	151	206	447	517	0.035	25.8
XP_012340006.1	XP_001122546.4	28.169	71	36	3	131	186	447	517	0.032	25.8
XP_012340007.1	XP_001122546.4	28.169	71	36	3	151	206	447	517	0.034	25.4
XP_012340008.1	XP_001122546.4	28.169	71	36	3	98	153	447	517	0.039	25.4
XP_012340009.1	XP_001122546.4	28.169	71	36	3	98	153	447	517	0.039	25.4
XP_012340010.1	XP_001122546.4	28.169	71	36	3	98	153	447	517	0.039	25.4
XP_012340012.1	XP_001122546.4	28.169	71	36	3	98	153	447	517	0.039	25.4
XP_012340013.1	XP_001122546.4	28.169	71	36	3	151	206	447	517	0.033	25.4
XP_012340207.1	XP_001122546.4	34.043	47	23	2	9	50	150	193	0.027	26.6
XP_012340207.1	XP_016767396.2	34.043	47	23	2	9	50	150	193	0.029	26.6
XP_012340365.1	XP_001122546.4	27.273	121	74	3	396	505	198	315	0.006	27.7
XP_012340365.1	XP_016767396.2	27.273	121	74	3	396	505	198	315	0.007	27.7
XP_012340604.1	XP_001122571.3	29.730	37	22	1	118	154	318	350	0.035	22.7
XP_012340925.1	XP_001122546.4	27.536	69	39	2	386	454	201	258	0.021	25.8
XP_012340925.1	XP_016767396.2	27.536	69	39	2	386	454	201	258	0.022	25.8
XP_012340927.1	XP_016767396.2	27.536	69	39	2	373	441	201	258	0.021	25.8
XP_012340927.1	XP_001122546.4	27.536	69	39	2	373	441	201	258	0.021	25.8
XP_012340929.1	XP_016767396.2	27.536	69	39	2	317	385	201	258	0.018	25.8
XP_012340929.1	XP_001122546.4	27.536	69	39	2	317	385	201	258	0.020	25.8
XP_012341116.1	XP_016767396.2	35.135	74	35	2	958	1022	55	124	0.032	26.9
XP_012341116.1	XP_001122546.4	35.135	74	35	2	958	1022	55	124	0.033	26.9
XP_012341117.1	XP_016767396.2	35.135	74	35	2	958	1022	55	124	0.032	26.9
XP_012341117.1	XP_001122546.4	35.135	74	35	2	958	1022	55	124	0.033	26.9
XP_012341118.1	XP_016767396.2	35.135	74	35	2	958	1022	55	124	0.032	26.9
XP_012341118.1	XP_001122546.4	35.135	74	35	2	958	1022	55	124	0.034	26.9
XP_012341119.1	XP_016767396.2	35.135	74	35	2	954	1018	55	124	0.032	26.9
XP_012341119.1	XP_001122546.4	35.135	74	35	2	954	1018	55	124	0.033	26.9
XP_012341146.1	XP_016767396.2	47.826	23	12	0	76	98	497	519	0.036	21.9
XP_012341234.1	XP_016767396.2	28.889	90	46	4	201	285	449	525	0.006	27.3
XP_012341447.1	XP_016767396.2	32.500	40	26	1	89	128	135	173	0.034	24.6
XP_012341447.1	XP_001122546.4	32.500	40	26	1	89	128	135	173	0.037	24.6
XP_012341771.1	XP_001122546.4	21.739	46	36	0	46	91	319	364	0.011	23.9
XP_012341771.1	XP_016767396.2	21.739	46	36	0	46	91	319	364	0.011	23.9
XP_012342088.1	XP_001122571.3	25.333	75	47	2	150	224	257	322	0.020	25.4
XP_012342089.1	XP_001122571.3	25.333	75	47	2	150	224	257	322	0.020	25.4
XP_012342106.1	XP_001122571.3	73.469	98	25	1	211	308	255	351	4.45e-45	146
XP_012342196.1	XP_016767396.2	23.077	65	47	1	15	76	620	684	0.001	26.2
XP_012342196.1	XP_001122546.4	23.077	65	47	1	15	76	600	664	0.001	26.2
XP_012342197.1	XP_026296025.1	100.000	270	0	0	1	270	13	282	0.0	558
XP_012342197.1	XP_026296028.1	100.000	270	0	0	1	270	1	270	0.0	557
XP_012342197.1	XP_026296027.1	100.000	270	0	0	1	270	1	270	0.0	557
XP_012342197.1	XP_026296026.1	100.000	270	0	0	1	270	1	270	0.0	557
XP_012342212.1	XP_001122546.4	92.602	757	52	2	1	754	1	756	0.0	1396
XP_012342212.1	XP_016767396.2	90.219	777	52	3	1	754	1	776	0.0	1383
XP_012342593.1	XP_016767396.2	31.579	38	24	1	171	208	344	379	0.047	24.6
XP_012342593.1	XP_001122546.4	31.579	38	24	1	171	208	344	379	0.048	24.3
XP_012342594.1	XP_016767396.2	31.579	38	24	1	171	208	344	379	0.046	24.6
XP_012342594.1	XP_001122546.4	31.579	38	24	1	171	208	344	379	0.048	24.3
XP_012342902.1	XP_001122546.4	31.707	41	26	1	272	310	477	517	0.029	25.4
XP_012342903.1	XP_001122546.4	31.707	41	26	1	272	310	477	517	0.029	25.4
XP_012342904.1	XP_001122546.4	31.707	41	26	1	272	310	477	517	0.029	25.4
XP_012342906.1	XP_001122546.4	31.707	41	26	1	272	310	477	517	0.029	25.4
XP_012342907.1	XP_001122546.4	31.707	41	26	1	272	310	477	517	0.029	25.4
XP_012342908.1	XP_001122546.4	31.707	41	26	1	272	310	477	517	0.027	25.4
XP_012342908.1	XP_001122546.4	25.263	95	53	4	285	372	589	672	0.033	25.0
XP_012342908.1	XP_016767396.2	25.263	95	53	4	285	372	609	692	0.028	25.4
XP_012342989.1	XP_001122571.3	29.412	34	24	0	787	820	307	340	0.041	26.2
XP_012343049.1	XP_001122546.4	26.190	42	27	1	41	82	719	756	0.006	24.6
XP_012343049.1	XP_016767396.2	26.190	42	27	1	41	82	739	776	0.006	24.6
XP_012343494.1	XP_001122546.4	44.000	25	13	1	20	44	321	344	0.024	25.4
XP_012343494.1	XP_016767396.2	44.000	25	13	1	20	44	321	344	0.025	25.4
XP_012343495.1	XP_001122546.4	44.000	25	13	1	20	44	321	344	0.024	25.4
XP_012343495.1	XP_016767396.2	44.000	25	13	1	20	44	321	344	0.026	25.4
XP_012343497.1	XP_001122546.4	44.000	25	13	1	20	44	321	344	0.024	25.4
XP_012343497.1	XP_016767396.2	44.000	25	13	1	20	44	321	344	0.025	25.4
XP_012343624.1	XP_016767396.2	25.974	77	47	3	545	618	482	551	0.034	25.8
XP_012343625.1	XP_016767396.2	25.974	77	47	3	545	618	482	551	0.034	25.8
XP_012343672.1	XP_016767396.2	26.667	75	55	0	213	287	226	300	0.034	24.3
XP_012343672.1	XP_001122546.4	26.667	75	55	0	213	287	226	300	0.034	24.3
XP_012343810.1	XP_016767396.2	34.211	38	21	1	44	77	143	180	0.029	22.3
XP_012343810.1	XP_016767396.2	31.250	32	22	0	49	80	78	109	0.040	21.9
XP_012343810.1	XP_001122546.4	34.211	38	21	1	44	77	143	180	0.034	22.3
XP_012343810.1	XP_001122546.4	31.250	32	22	0	49	80	78	109	0.043	21.9
XP_012343811.1	XP_016767396.2	34.211	38	21	1	44	77	143	180	0.029	22.3
XP_012343811.1	XP_016767396.2	31.250	32	22	0	49	80	78	109	0.040	21.9
XP_012343811.1	XP_001122546.4	34.211	38	21	1	44	77	143	180	0.034	22.3
XP_012343811.1	XP_001122546.4	31.250	32	22	0	49	80	78	109	0.043	21.9
XP_012344095.1	XP_026296025.1	25.000	72	48	2	123	189	149	219	0.036	24.6
XP_012344095.1	XP_026296028.1	25.000	72	48	2	123	189	137	207	0.042	24.3
XP_012344095.1	XP_026296027.1	25.000	72	48	2	123	189	137	207	0.042	24.3
XP_012344095.1	XP_026296026.1	25.000	72	48	2	123	189	137	207	0.042	24.3
XP_012344281.1	XP_001122546.4	18.919	37	30	0	64	100	352	388	0.019	23.9
XP_012344281.1	XP_016767396.2	18.919	37	30	0	64	100	352	388	0.020	23.9
XP_012344401.1	XP_016767396.2	33.871	124	75	2	1508	1628	50	169	7.15e-04	32.7
XP_012344401.1	XP_001122546.4	33.871	124	75	2	1508	1628	50	169	8.65e-04	32.3
XP_012344630.1	XP_001122571.3	32.787	61	33	3	1	55	1	59	1.38e-04	28.5
XP_012345143.1	XP_001122546.4	25.556	90	63	2	37	122	426	515	0.029	25.0
XP_012345166.1	XP_016767396.2	25.000	52	39	0	304	355	248	299	0.003	28.1
XP_012345166.1	XP_001122546.4	25.000	52	39	0	304	355	248	299	0.004	28.1
XP_012345507.1	XP_001122546.4	24.138	58	44	0	6	63	465	522	0.003	24.6
XP_012345507.1	XP_016767396.2	26.829	41	30	0	23	63	502	542	0.022	22.3
XP_012345522.1	XP_026296028.1	33.333	39	25	1	360	397	85	123	0.005	28.1
XP_012345522.1	XP_026296027.1	33.333	39	25	1	360	397	85	123	0.005	28.1
XP_012345522.1	XP_026296026.1	33.333	39	25	1	360	397	85	123	0.005	28.1
XP_012345522.1	XP_026296025.1	33.333	39	25	1	360	397	97	135	0.006	28.1
XP_012345896.1	XP_001122571.3	35.000	40	23	1	45	84	287	323	0.021	25.0
XP_012345944.2	XP_001122546.4	45.000	20	11	0	273	292	324	343	0.030	24.6
XP_012345944.2	XP_016767396.2	45.000	20	11	0	273	292	324	343	0.032	24.6
XP_012346405.1	XP_001122546.4	24.731	93	57	2	183	262	618	710	0.030	25.4
XP_012346405.1	XP_016767396.2	24.731	93	57	2	183	262	638	730	0.033	25.4
XP_012346406.1	XP_001122546.4	24.731	93	57	2	183	262	618	710	0.030	25.4
XP_012346406.1	XP_016767396.2	24.731	93	57	2	183	262	638	730	0.033	25.4
XP_012346407.1	XP_001122546.4	24.731	93	57	2	183	262	618	710	0.030	25.4
XP_012346407.1	XP_016767396.2	24.731	93	57	2	183	262	638	730	0.033	25.4
XP_012346408.1	XP_001122546.4	24.731	93	57	2	183	262	618	710	0.030	25.4
XP_012346408.1	XP_016767396.2	24.731	93	57	2	183	262	638	730	0.033	25.4
XP_012346409.1	XP_001122546.4	24.731	93	57	2	183	262	618	710	0.030	25.4
XP_012346409.1	XP_016767396.2	24.731	93	57	2	183	262	638	730	0.033	25.4
XP_012346524.1	XP_016767396.2	32.500	120	68	5	168	278	215	330	0.036	25.0
XP_012346524.1	XP_001122546.4	32.500	120	68	5	168	278	215	330	0.043	24.6
XP_012346660.1	XP_016767396.2	26.415	53	36	1	283	335	163	212	0.029	26.6
XP_012346660.1	XP_001122546.4	26.415	53	36	1	283	335	163	212	0.031	26.2
XP_012347158.1	XP_016767396.2	27.749	191	111	9	408	587	515	689	0.011	28.9
XP_012347158.1	XP_001122546.4	27.749	191	111	9	408	587	495	669	0.012	28.5
XP_012347724.1	XP_016767396.2	22.222	81	63	0	402	482	474	554	0.004	28.5
XP_012347725.1	XP_016767396.2	22.222	81	63	0	400	480	474	554	0.005	28.5
XP_012347726.1	XP_016767396.2	22.222	81	63	0	399	479	474	554	0.004	28.5
XP_012347727.1	XP_016767396.2	22.222	81	63	0	393	473	474	554	0.005	28.5
XP_012347728.1	XP_016767396.2	22.222	81	63	0	402	482	474	554	0.004	28.9
XP_012347804.1	XP_001122546.4	48.000	25	12	1	138	161	705	729	0.013	25.4
XP_012347804.1	XP_016767396.2	50.000	24	11	1	139	161	726	749	0.014	25.4
XP_012347805.1	XP_001122546.4	48.000	25	12	1	134	157	705	729	0.012	25.4
XP_012347805.1	XP_016767396.2	50.000	24	11	1	135	157	726	749	0.013	25.4
XP_012348152.1	XP_016767396.2	32.000	100	57	5	1131	1224	589	683	0.033	26.9
XP_012348152.1	XP_001122546.4	32.000	100	57	5	1131	1224	569	663	0.041	26.6
XP_012348153.1	XP_016767396.2	32.000	100	57	5	1131	1224	589	683	0.033	26.9
XP_012348153.1	XP_001122546.4	32.000	100	57	5	1131	1224	569	663	0.041	26.6
XP_012348154.1	XP_016767396.2	32.000	100	57	5	1131	1224	589	683	0.033	26.9
XP_012348154.1	XP_001122546.4	32.000	100	57	5	1131	1224	569	663	0.041	26.6
XP_012348156.1	XP_016767396.2	32.000	100	57	5	1131	1224	589	683	0.033	26.9
XP_012348156.1	XP_001122546.4	32.000	100	57	5	1131	1224	569	663	0.041	26.6
XP_012348157.1	XP_016767396.2	32.000	100	57	5	1131	1224	589	683	0.033	26.9
XP_012348157.1	XP_001122546.4	32.000	100	57	5	1131	1224	569	663	0.040	26.6
XP_012348158.1	XP_016767396.2	32.000	100	57	5	1131	1224	589	683	0.035	26.9
XP_012348158.1	XP_001122546.4	32.000	100	57	5	1131	1224	569	663	0.036	26.9
XP_012348159.1	XP_016767396.2	32.000	100	57	5	1131	1224	589	683	0.034	26.9
XP_012348159.1	XP_001122546.4	32.000	100	57	5	1131	1224	569	663	0.036	26.9
XP_012348167.1	XP_001122546.4	26.582	79	45	4	118	188	320	393	0.023	24.3
XP_012348167.1	XP_016767396.2	26.582	79	45	4	118	188	320	393	0.024	24.3
XP_012348168.1	XP_001122546.4	26.582	79	45	4	118	188	320	393	0.023	24.3
XP_012348168.1	XP_016767396.2	26.582	79	45	4	118	188	320	393	0.024	24.3
XP_012348169.1	XP_001122546.4	26.582	79	45	4	118	188	320	393	0.023	24.3
XP_012348169.1	XP_016767396.2	26.582	79	45	4	118	188	320	393	0.024	24.3
XP_012348171.1	XP_001122546.4	26.582	79	45	4	97	167	320	393	0.045	23.1
XP_012348171.1	XP_016767396.2	26.582	79	45	4	97	167	320	393	0.045	23.1
XP_012348172.1	XP_001122546.4	26.582	79	45	4	97	167	320	393	0.045	23.1
XP_012348172.1	XP_016767396.2	26.582	79	45	4	97	167	320	393	0.045	23.1
XP_012348173.1	XP_001122546.4	26.582	79	45	4	97	167	320	393	0.045	23.1
XP_012348173.1	XP_016767396.2	26.582	79	45	4	97	167	320	393	0.045	23.1
XP_012348174.1	XP_001122546.4	26.582	79	45	4	97	167	320	393	0.045	23.1
XP_012348174.1	XP_016767396.2	26.582	79	45	4	97	167	320	393	0.045	23.1
XP_012348175.1	XP_001122546.4	26.582	79	45	4	97	167	320	393	0.045	23.1
XP_012348175.1	XP_016767396.2	26.582	79	45	4	97	167	320	393	0.045	23.1
XP_012348746.1	XP_016767396.2	38.095	42	26	0	167	208	364	405	0.010	25.8
XP_012348746.1	XP_001122546.4	38.095	42	26	0	167	208	364	405	0.010	25.8
XP_012348846.1	XP_016767396.2	25.862	58	43	0	34	91	153	210	0.006	25.4
XP_012348846.1	XP_001122546.4	25.862	58	43	0	34	91	153	210	0.007	25.4
XP_012349001.1	XP_001122546.4	52.000	25	10	1	55	79	4	26	0.019	23.9
XP_012349001.1	XP_016767396.2	52.000	25	10	1	55	79	4	26	0.019	23.9
XP_012349025.1	XP_016767396.2	42.308	26	15	0	562	587	501	526	0.026	25.8
XP_012349394.1	XP_001122571.3	31.250	32	19	1	122	153	322	350	0.013	23.9
XP_012349426.1	XP_001122546.4	25.217	115	65	4	75	174	408	516	0.035	24.6
XP_012349485.1	XP_026296025.1	28.000	50	33	1	3	49	130	179	0.046	22.3
XP_012349485.1	XP_026296028.1	28.000	50	33	1	3	49	118	167	0.049	22.3
XP_012349485.1	XP_026296027.1	28.000	50	33	1	3	49	118	167	0.049	22.3
XP_012349485.1	XP_026296026.1	28.000	50	33	1	3	49	118	167	0.049	22.3
XP_012349532.1	XP_016767396.2	28.261	46	33	0	710	755	490	535	0.005	29.3
XP_012349565.1	XP_001122546.4	32.353	68	34	2	271	330	469	532	0.039	24.6
XP_012349567.1	XP_001122546.4	32.353	68	34	2	271	330	469	532	0.038	24.6
XP_012349571.1	XP_001122546.4	32.353	68	34	2	271	330	469	532	0.038	25.0
XP_012349572.1	XP_001122546.4	32.353	68	34	2	271	330	469	532	0.033	25.0
XP_012349573.1	XP_001122546.4	32.353	68	34	2	271	330	469	532	0.038	25.0
XP_012349574.1	XP_001122546.4	32.353	68	34	2	271	330	469	532	0.032	25.0
XP_012350074.1	XP_001122546.4	32.308	65	41	2	49	112	525	587	0.046	24.3
XP_012350202.1	XP_016767396.2	26.596	94	67	1	754	847	164	255	0.029	26.6
XP_012350202.1	XP_001122546.4	26.596	94	67	1	754	847	164	255	0.034	26.6
XP_012350212.1	XP_016767396.2	21.260	127	81	3	181	300	10	124	0.018	26.9
XP_012350212.1	XP_001122546.4	21.260	127	81	3	181	300	10	124	0.019	26.9
XP_012350294.1	XP_016767396.2	27.536	69	45	2	45	108	659	727	0.006	27.3
XP_012350294.1	XP_001122546.4	30.159	63	39	2	51	108	645	707	0.006	27.3
XP_012351002.1	XP_001122546.4	56.250	16	7	0	10	25	504	519	0.028	21.2
XP_012351002.1	XP_016767396.2	56.250	16	7	0	10	25	524	539	0.029	21.2
XP_012351011.1	XP_001122546.4	56.250	16	7	0	10	25	504	519	0.028	21.2
XP_012351011.1	XP_016767396.2	56.250	16	7	0	10	25	524	539	0.029	21.2
XP_012351027.1	XP_001122546.4	56.250	16	7	0	10	25	504	519	0.028	21.2
XP_012351027.1	XP_016767396.2	56.250	16	7	0	10	25	524	539	0.029	21.2
XP_012351070.2	XP_016767396.2	26.984	63	43	1	1179	1241	371	430	0.005	29.6
XP_012351070.2	XP_001122546.4	26.984	63	43	1	1179	1241	371	430	0.005	29.3
XP_012351134.1	XP_016767396.2	38.462	26	16	0	79	104	151	176	0.007	27.7
XP_012351134.1	XP_001122546.4	38.462	26	16	0	79	104	151	176	0.007	27.7
XP_012351137.1	XP_016767396.2	22.807	57	44	0	8	64	332	388	0.017	25.0
XP_012351137.1	XP_001122546.4	22.807	57	44	0	8	64	332	388	0.017	25.0
XP_012351166.1	XP_026296028.1	38.462	26	16	0	430	455	179	204	0.027	25.4
XP_012351166.1	XP_026296027.1	38.462	26	16	0	430	455	179	204	0.027	25.4
XP_012351166.1	XP_026296026.1	38.462	26	16	0	430	455	179	204	0.027	25.4
XP_012351166.1	XP_026296025.1	38.462	26	16	0	430	455	191	216	0.034	25.0
XP_031770813.1	XP_016767396.2	42.857	28	13	1	108	132	141	168	0.004	27.7
XP_031770813.1	XP_001122546.4	42.857	28	13	1	108	132	141	168	0.005	27.7
XP_031770916.1	XP_001122546.4	24.215	223	137	10	328	531	463	672	0.018	26.9
XP_031770917.1	XP_001122546.4	24.215	223	137	10	329	532	463	672	0.019	26.9
XP_031770918.1	XP_001122546.4	24.215	223	137	10	329	532	463	672	0.023	26.6
XP_031770919.1	XP_001122546.4	36.000	50	30	2	329	377	463	511	0.026	26.2
XP_031770920.1	XP_001122546.4	36.000	50	30	2	329	377	463	511	0.026	26.2
XP_031771249.1	XP_001122546.4	30.667	75	36	2	309	379	57	119	0.047	26.2
XP_031771249.1	XP_016767396.2	30.667	75	36	2	309	379	57	119	0.048	26.2
XP_031771475.1	XP_016767396.2	34.615	26	17	0	105	130	29	54	0.042	22.3
XP_031771475.1	XP_001122546.4	34.615	26	17	0	105	130	29	54	0.042	22.3
XP_031771484.1	XP_026296028.1	42.308	26	15	0	77	102	86	111	0.026	25.8
XP_031771484.1	XP_026296027.1	42.308	26	15	0	77	102	86	111	0.026	25.8
XP_031771484.1	XP_026296026.1	42.308	26	15	0	77	102	86	111	0.026	25.8
XP_031771484.1	XP_026296025.1	42.308	26	15	0	77	102	98	123	0.033	25.8
XP_031771615.1	NP_001011607.1	46.154	13	7	0	5	17	56	68	0.037	20.4
XP_031771691.1	XP_016767396.2	26.667	60	40	2	167	226	13	68	0.008	26.6
XP_031771691.1	XP_001122546.4	26.667	60	40	2	167	226	13	68	0.009	26.6
XP_031771852.1	XP_001122546.4	30.108	93	50	4	4	94	438	517	0.009	24.3
XP_031772079.1	XP_016767396.2	28.889	90	46	4	202	286	449	525	0.006	27.3
XP_031772099.1	XP_016767396.2	90.573	785	62	3	1	782	1	776	0.0	1411
XP_031772099.1	XP_001122546.4	89.299	785	52	3	1	782	1	756	0.0	1379
XP_031772102.1	XP_001122546.4	92.602	757	52	2	1	754	1	756	0.0	1396
XP_031772102.1	XP_016767396.2	90.219	777	52	3	1	754	1	776	0.0	1383
XP_031772124.1	XP_001122571.3	73.469	98	25	1	211	308	255	351	4.45e-45	146
XP_031772146.1	XP_026296025.1	100.000	270	0	0	1	270	13	282	0.0	558
XP_031772146.1	XP_026296028.1	100.000	270	0	0	1	270	1	270	0.0	557
XP_031772146.1	XP_026296027.1	100.000	270	0	0	1	270	1	270	0.0	557
XP_031772146.1	XP_026296026.1	100.000	270	0	0	1	270	1	270	0.0	557
XP_031772201.1	XP_016767396.2	24.468	94	60	2	617	702	347	437	0.050	25.0
XP_031772385.1	XP_001122571.3	25.333	75	47	2	135	209	257	322	0.015	25.8
XP_031772386.1	XP_001122571.3	25.676	74	46	2	116	189	257	321	0.017	25.4
XP_031772387.1	XP_001122571.3	25.333	75	47	2	72	146	257	322	0.013	25.4
XP_031772399.1	XP_016767396.2	23.958	96	64	3	148	240	605	694	0.004	27.3
XP_031772399.1	XP_001122546.4	23.958	96	64	3	148	240	585	674	0.004	27.3
XP_031772423.1	XP_001122546.4	32.075	53	30	1	919	971	81	127	0.022	26.6
XP_031772423.1	XP_016767396.2	32.075	53	30	1	919	971	81	127	0.024	26.6
XP_031772454.1	XP_001122546.4	32.258	31	21	0	275	305	243	273	0.046	25.8
XP_031772454.1	XP_016767396.2	32.258	31	21	0	275	305	243	273	0.048	25.8
XP_031772554.1	XP_001122546.4	27.848	79	52	2	135	208	431	509	0.013	26.2
XP_031772601.1	XP_016767396.2	22.018	109	78	5	36	143	135	237	0.004	27.7
XP_031772601.1	XP_001122546.4	22.018	109	78	5	36	143	135	237	0.004	27.7
XP_031772661.1	XP_001122546.4	23.913	46	26	1	2449	2494	643	679	0.048	27.7
XP_031772661.1	XP_016767396.2	23.913	46	26	1	2449	2494	663	699	0.048	27.7
XP_031772737.1	XP_026296025.1	52.381	21	10	0	201	221	101	121	0.042	24.3
XP_031772737.1	XP_026296028.1	52.381	21	10	0	201	221	89	109	0.042	24.3
XP_031772737.1	XP_026296027.1	52.381	21	10	0	201	221	89	109	0.042	24.3
XP_031772737.1	XP_026296026.1	52.381	21	10	0	201	221	89	109	0.042	24.3
XP_031772793.1	XP_001122546.4	31.707	41	26	1	272	310	477	517	0.029	25.4
XP_031772794.1	XP_001122546.4	31.707	41	26	1	272	310	477	517	0.029	25.4
XP_031772848.1	XP_001122546.4	26.036	169	106	7	639	795	496	657	0.028	26.2
XP_031772848.1	XP_016767396.2	26.036	169	106	7	639	795	516	677	0.028	26.2
XP_031772849.1	XP_016767396.2	26.036	169	106	7	632	788	516	677	0.027	26.6
XP_031772849.1	XP_001122546.4	26.036	169	106	7	632	788	496	657	0.032	26.2
XP_031772850.1	XP_016767396.2	26.036	169	106	7	631	787	516	677	0.029	26.2
XP_031772850.1	XP_001122546.4	26.036	169	106	7	631	787	496	657	0.032	26.2
XP_031772851.1	XP_016767396.2	26.036	169	106	7	639	795	516	677	0.030	26.2
XP_031772851.1	XP_001122546.4	26.036	169	106	7	639	795	496	657	0.032	26.2
XP_031772852.1	XP_016767396.2	26.036	169	106	7	624	780	516	677	0.030	26.2
XP_031772852.1	XP_001122546.4	26.036	169	106	7	624	780	496	657	0.033	26.2
XP_031772858.1	XP_016767396.2	25.749	167	105	5	375	526	28	190	8.95e-04	30.8
XP_031772858.1	XP_001122546.4	25.749	167	105	5	375	526	28	190	0.001	30.4
XP_031772890.1	XP_001122546.4	26.190	42	27	1	41	82	719	756	0.006	24.6
XP_031772890.1	XP_016767396.2	26.190	42	27	1	41	82	739	776	0.006	24.6
XP_031772897.1	XP_001122571.3	29.412	34	24	0	750	783	307	340	0.040	26.2
XP_031772898.1	XP_001122571.3	29.412	34	24	0	787	820	307	340	0.043	25.8
XP_031773493.1	XP_001122546.4	24.832	149	86	6	698	829	410	549	0.047	25.4
XP_031773527.1	XP_026296028.1	38.095	42	25	1	410	451	105	145	0.029	25.0
XP_031773527.1	XP_026296027.1	38.095	42	25	1	410	451	105	145	0.029	25.0
XP_031773527.1	XP_026296026.1	38.095	42	25	1	410	451	105	145	0.029	25.0
XP_031773527.1	XP_026296025.1	38.095	42	25	1	410	451	117	157	0.033	25.0
XP_031773528.1	XP_026296028.1	38.095	42	25	1	370	411	105	145	0.029	25.0
XP_031773528.1	XP_026296027.1	38.095	42	25	1	370	411	105	145	0.029	25.0
XP_031773528.1	XP_026296026.1	38.095	42	25	1	370	411	105	145	0.029	25.0
XP_031773528.1	XP_026296025.1	38.095	42	25	1	370	411	117	157	0.032	25.0
XP_031773529.1	XP_026296028.1	38.095	42	25	1	340	381	105	145	0.027	25.0
XP_031773529.1	XP_026296027.1	38.095	42	25	1	340	381	105	145	0.027	25.0
XP_031773529.1	XP_026296026.1	38.095	42	25	1	340	381	105	145	0.027	25.0
XP_031773529.1	XP_026296025.1	38.095	42	25	1	340	381	117	157	0.028	25.0
XP_031773710.1	XP_016767396.2	28.986	69	47	1	302	368	487	555	4.45e-04	31.2
XP_031773719.1	XP_001122546.4	30.435	46	26	1	106	151	439	478	0.001	27.3
XP_031773719.1	XP_016767396.2	30.435	46	26	1	106	151	439	478	0.001	27.3
XP_031773801.1	XP_001122571.3	33.333	36	16	1	72	99	24	59	0.013	23.1
XP_031774354.1	XP_001122546.4	41.379	29	17	0	8	36	629	657	0.031	23.5
XP_031774354.1	XP_016767396.2	41.379	29	17	0	8	36	649	677	0.032	23.5
XP_031774400.1	XP_001122571.3	50.000	24	12	0	354	377	306	329	0.002	28.9
XP_031774423.1	XP_001122546.4	26.761	142	96	4	577	713	142	280	0.017	28.1
XP_031774423.1	XP_016767396.2	26.761	142	96	4	577	713	142	280	0.017	28.1
XP_031774444.1	XP_001122546.4	24.731	93	57	2	183	262	618	710	0.030	25.4
XP_031774444.1	XP_016767396.2	24.731	93	57	2	183	262	638	730	0.033	25.4
XP_031774445.1	XP_001122546.4	24.731	93	57	2	183	262	618	710	0.030	25.4
XP_031774445.1	XP_016767396.2	24.731	93	57	2	183	262	638	730	0.033	25.4
XP_031774516.1	XP_016767396.2	34.211	38	25	0	106	143	428	465	0.037	24.6
XP_031774516.1	XP_001122546.4	34.211	38	25	0	106	143	428	465	0.040	24.3
XP_031774546.1	XP_001122571.3	31.579	57	36	2	554	608	1	56	0.007	28.5
XP_031774582.1	XP_026296028.1	33.962	53	33	1	757	809	65	115	0.039	25.8
XP_031774582.1	XP_026296027.1	33.962	53	33	1	757	809	65	115	0.039	25.8
XP_031774582.1	XP_026296026.1	33.962	53	33	1	757	809	65	115	0.039	25.8
XP_031774582.1	XP_026296025.1	33.962	53	33	1	757	809	77	127	0.040	25.8
XP_031774625.1	XP_016767396.2	26.415	53	36	1	283	335	163	212	0.029	26.6
XP_031774625.1	XP_001122546.4	26.415	53	36	1	283	335	163	212	0.031	26.2
XP_031774697.1	XP_001122546.4	33.333	33	22	0	50	82	347	379	0.039	23.5
XP_031774697.1	XP_016767396.2	33.333	33	22	0	50	82	347	379	0.039	23.5
XP_031774698.1	XP_001122546.4	33.333	33	22	0	45	77	347	379	0.037	23.5
XP_031774698.1	XP_016767396.2	33.333	33	22	0	45	77	347	379	0.037	23.5
XP_031774699.1	XP_001122546.4	33.333	33	22	0	99	131	347	379	0.033	23.5
XP_031774699.1	XP_016767396.2	33.333	33	22	0	99	131	347	379	0.033	23.5
XP_031774759.1	XP_016767396.2	41.379	29	17	0	926	954	285	313	0.023	28.1
XP_031774759.1	XP_001122546.4	41.379	29	17	0	926	954	285	313	0.024	28.1
XP_031774761.1	XP_016767396.2	41.379	29	17	0	926	954	285	313	0.022	28.1
XP_031774761.1	XP_001122546.4	41.379	29	17	0	926	954	285	313	0.023	28.1
XP_031774762.1	XP_016767396.2	41.379	29	17	0	926	954	285	313	0.021	28.1
XP_031774762.1	XP_001122546.4	41.379	29	17	0	926	954	285	313	0.022	28.1
XP_031774802.1	NP_001011607.1	46.154	13	7	0	67	79	57	69	0.019	23.1
XP_031774996.1	XP_026296028.1	43.478	23	13	0	270	292	185	207	0.006	26.9
XP_031774996.1	XP_026296027.1	43.478	23	13	0	270	292	185	207	0.006	26.9
XP_031774996.1	XP_026296026.1	43.478	23	13	0	270	292	185	207	0.006	26.9
XP_031774996.1	XP_026296025.1	43.478	23	13	0	270	292	197	219	0.007	26.9
XP_031774997.1	XP_026296028.1	43.478	23	13	0	270	292	185	207	0.006	26.9
XP_031774997.1	XP_026296027.1	43.478	23	13	0	270	292	185	207	0.006	26.9
XP_031774997.1	XP_026296026.1	43.478	23	13	0	270	292	185	207	0.006	26.9
XP_031774997.1	XP_026296025.1	43.478	23	13	0	270	292	197	219	0.007	26.9
XP_031774998.1	XP_026296028.1	43.478	23	13	0	201	223	185	207	0.005	27.3
XP_031774998.1	XP_026296027.1	43.478	23	13	0	201	223	185	207	0.005	27.3
XP_031774998.1	XP_026296026.1	43.478	23	13	0	201	223	185	207	0.005	27.3
XP_031774998.1	XP_026296025.1	43.478	23	13	0	201	223	197	219	0.006	26.9
XP_031774999.1	XP_026296028.1	43.478	23	13	0	201	223	185	207	0.005	27.3
XP_031774999.1	XP_026296027.1	43.478	23	13	0	201	223	185	207	0.005	27.3
XP_031774999.1	XP_026296026.1	43.478	23	13	0	201	223	185	207	0.005	27.3
XP_031774999.1	XP_026296025.1	43.478	23	13	0	201	223	197	219	0.006	26.9
XP_031775001.1	XP_016767396.2	28.125	32	23	0	214	245	9	40	0.045	23.9
XP_031775001.1	XP_001122546.4	28.125	32	23	0	214	245	9	40	0.047	23.9
XP_031775168.1	XP_016767396.2	28.409	88	56	2	99	186	215	295	0.036	25.0
XP_031775168.1	XP_001122546.4	28.409	88	56	2	99	186	215	295	0.037	24.6
XP_031775180.1	XP_016767396.2	22.222	81	63	0	402	482	474	554	0.004	28.5
XP_031775206.1	XP_016767396.2	30.769	117	57	7	98	214	501	593	0.008	27.7
XP_031775206.1	XP_001122546.4	30.631	111	55	6	104	214	485	573	0.010	27.3
XP_031775213.1	XP_001122546.4	50.000	24	11	1	121	143	706	729	0.012	25.4
XP_031775213.1	XP_016767396.2	50.000	24	11	1	121	143	726	749	0.012	25.4
XP_031775214.1	XP_001122546.4	53.333	15	7	0	134	148	705	719	0.042	23.5
XP_031775214.1	XP_016767396.2	57.143	14	6	0	135	148	726	739	0.046	23.5
XP_031775349.1	XP_016767396.2	32.000	100	57	5	1131	1224	589	683	0.033	26.9
XP_031775349.1	XP_001122546.4	32.000	100	57	5	1131	1224	569	663	0.041	26.6
XP_031775390.1	XP_001122546.4	26.000	100	60	5	118	209	320	413	0.006	25.8
XP_031775390.1	XP_016767396.2	26.000	100	60	5	118	209	320	413	0.006	25.8
XP_031775391.1	XP_016767396.2	26.000	100	60	5	97	188	320	413	0.014	24.6
XP_031775391.1	XP_001122546.4	26.000	100	60	5	97	188	320	413	0.014	24.6
XP_031775487.1	XP_016767396.2	28.333	60	39	2	1082	1137	109	168	0.046	26.6
XP_031775487.1	XP_001122546.4	28.333	60	39	2	1082	1137	109	168	0.050	26.6
XP_031775488.1	XP_016767396.2	28.205	78	51	1	206	283	136	208	0.002	29.3
XP_031775488.1	XP_001122546.4	28.205	78	51	1	206	283	136	208	0.002	28.9
XP_031775539.1	XP_016767396.2	38.710	31	19	0	376	406	663	693	0.027	25.8
XP_031775539.1	XP_001122546.4	38.710	31	19	0	376	406	643	673	0.027	25.8
XP_031775556.1	XP_016767396.2	30.864	81	37	3	861	937	271	336	0.038	26.6
XP_031775556.1	XP_001122546.4	30.864	81	37	3	861	937	271	336	0.041	26.6
XP_031775661.1	XP_016767396.2	25.862	58	43	0	34	91	153	210	0.006	25.4
XP_031775661.1	XP_001122546.4	25.862	58	43	0	34	91	153	210	0.007	25.4
XP_031775718.1	XP_016767396.2	25.743	101	71	3	545	645	606	702	0.025	27.3
XP_031775718.1	XP_001122546.4	25.743	101	71	3	545	645	586	682	0.031	26.9
XP_031775808.1	XP_001122546.4	26.667	30	22	0	49	78	693	722	0.005	25.0
XP_031775808.1	XP_016767396.2	26.667	30	22	0	49	78	713	742	0.005	25.0
XP_031775820.1	XP_016767396.2	42.308	26	15	0	598	623	501	526	0.025	25.8
XP_031775821.1	XP_016767396.2	42.308	26	15	0	562	587	501	526	0.026	25.8
XP_031776022.1	XP_026296028.1	44.828	29	16	0	386	414	101	129	0.034	25.8
XP_031776022.1	XP_026296027.1	44.828	29	16	0	386	414	101	129	0.034	25.8
XP_031776022.1	XP_026296026.1	44.828	29	16	0	386	414	101	129	0.034	25.8
XP_031776022.1	XP_026296025.1	44.828	29	16	0	386	414	113	141	0.038	25.4
XP_031776024.1	XP_001122546.4	32.353	68	34	2	271	330	469	532	0.042	24.6
XP_031776027.1	XP_001122546.4	32.353	68	34	2	271	330	469	532	0.042	24.6
XP_031776028.1	XP_001122546.4	32.353	68	34	2	271	330	469	532	0.037	25.0
XP_031776029.1	XP_001122546.4	32.353	68	34	2	271	330	469	532	0.037	25.0
XP_031776030.1	XP_001122546.4	32.353	68	34	2	271	330	469	532	0.047	24.6
XP_031776032.1	XP_001122546.4	32.353	68	34	2	271	330	469	532	0.047	24.6
XP_031776099.1	XP_001122571.3	60.000	40	15	1	11	49	19	58	3.86e-11	49.3
XP_031776420.1	XP_016767396.2	31.169	77	51	1	1082	1156	156	232	0.023	27.3
XP_031776420.1	XP_001122546.4	31.169	77	51	1	1082	1156	156	232	0.027	27.3
XP_031776421.1	XP_016767396.2	30.233	86	58	1	1069	1152	147	232	0.008	28.9
XP_031776421.1	XP_001122546.4	30.233	86	58	1	1069	1152	147	232	0.009	28.9
XP_031776422.1	XP_016767396.2	31.169	77	51	1	1056	1130	156	232	0.024	27.3
XP_031776422.1	XP_001122546.4	31.169	77	51	1	1056	1130	156	232	0.030	26.9
XP_031776489.1	XP_001122571.3	33.333	48	27	1	328	375	17	59	0.008	26.6
XP_031776490.1	XP_001122571.3	33.333	48	27	1	328	375	17	59	0.008	26.6
XP_031776500.1	XP_016767396.2	38.095	42	25	1	1347	1387	411	452	0.012	28.9
XP_031776500.1	XP_001122546.4	38.095	42	25	1	1347	1387	411	452	0.012	28.9
XP_031776522.1	XP_001122546.4	30.851	94	52	4	1608	1693	238	326	0.023	27.7
XP_031776522.1	XP_016767396.2	30.851	94	52	4	1608	1693	238	326	0.024	27.7
