NP_001011572.1	XP_001122571.3	40.625	32	19	0	541	572	20	51	0.037	25.4
NP_001011607.1	NP_001011607.1	100.000	70	0	0	1	70	1	70	1.78e-49	140
NP_001161308.1	XP_016767396.2	33.333	54	28	1	166	211	501	554	0.015	25.4
NP_001165876.1	XP_001122546.4	56.250	16	7	0	10	25	504	519	0.024	21.6
NP_001165876.1	XP_016767396.2	56.250	16	7	0	10	25	524	539	0.026	21.6
NP_001229507.1	XP_001122546.4	36.667	30	19	0	65	94	289	318	0.041	24.3
NP_001229507.1	XP_016767396.2	36.667	30	19	0	65	94	289	318	0.041	24.3
NP_001242968.1	XP_016767396.2	27.749	191	111	9	408	587	515	689	0.011	28.9
NP_001242968.1	XP_001122546.4	27.749	191	111	9	408	587	495	669	0.012	28.5
XP_001119871.2	NP_001011607.1	46.154	13	7	0	67	79	57	69	0.019	23.1
XP_001120242.1	XP_016767396.2	34.211	38	21	1	44	77	143	180	0.024	22.7
XP_001120242.1	XP_016767396.2	31.250	32	22	0	49	80	78	109	0.033	22.3
XP_001120242.1	XP_001122546.4	34.211	38	21	1	44	77	143	180	0.025	22.7
XP_001120242.1	XP_001122546.4	31.250	32	22	0	49	80	78	109	0.035	22.3
XP_001120821.2	XP_016767396.2	52.000	25	10	1	79	103	4	26	0.017	24.3
XP_001120821.2	XP_001122546.4	52.000	25	10	1	79	103	4	26	0.017	24.3
XP_001121032.2	XP_001122546.4	37.500	32	20	0	98	129	157	188	0.026	25.0
XP_001121032.2	XP_016767396.2	37.500	32	20	0	98	129	157	188	0.027	25.0
XP_001121094.1	XP_001122546.4	27.848	79	52	2	135	208	431	509	0.012	26.2
XP_001121220.1	XP_001122546.4	35.000	20	13	0	103	122	703	722	0.040	23.9
XP_001121220.1	XP_016767396.2	35.000	20	13	0	103	122	723	742	0.043	23.9
XP_001121657.1	XP_001122546.4	19.481	77	47	1	13	74	300	376	0.043	23.9
XP_001121657.1	XP_016767396.2	19.481	77	47	1	13	74	300	376	0.043	23.9
XP_001121718.2	XP_026296028.1	29.630	27	19	0	138	164	128	154	0.021	24.6
XP_001121718.2	XP_026296027.1	29.630	27	19	0	138	164	128	154	0.021	24.6
XP_001121718.2	XP_026296026.1	29.630	27	19	0	138	164	128	154	0.021	24.6
XP_001121718.2	XP_026296025.1	29.630	27	19	0	138	164	140	166	0.022	24.6
XP_001121896.2	XP_001122546.4	34.043	47	23	2	9	50	150	193	0.028	26.6
XP_001121896.2	XP_016767396.2	34.043	47	23	2	9	50	150	193	0.030	26.2
XP_001122309.4	XP_016767396.2	25.444	169	107	7	632	788	516	677	0.032	26.2
XP_001122309.4	XP_001122546.4	25.444	169	107	7	632	788	496	657	0.040	25.8
XP_001122546.4	XP_001122546.4	100.000	756	0	0	1	756	1	756	0.0	1503
XP_001122546.4	XP_016767396.2	97.423	776	0	1	1	756	1	776	0.0	1491
XP_001122571.3	XP_001122571.3	100.000	351	0	0	1	351	1	351	0.0	654
XP_001122840.1	XP_001122571.3	34.375	32	18	1	122	153	322	350	0.004	25.4
XP_001122933.3	XP_001122546.4	35.135	37	24	0	301	337	303	339	0.043	26.6
XP_001122933.3	XP_016767396.2	35.135	37	24	0	301	337	303	339	0.049	26.6
XP_001123212.2	XP_016767396.2	37.255	51	29	2	138	187	328	376	0.015	26.2
XP_001123212.2	XP_001122546.4	37.255	51	29	2	138	187	328	376	0.016	25.8
XP_003249169.1	XP_001122546.4	24.074	108	67	3	85	184	413	513	0.014	25.0
XP_003249464.1	XP_001122546.4	31.707	41	26	1	272	310	477	517	0.029	25.4
XP_003249526.1	XP_016767396.2	27.273	121	74	3	427	536	198	315	0.009	27.3
XP_003249526.1	XP_001122546.4	27.273	121	74	3	427	536	198	315	0.010	27.3
XP_003250185.1	XP_001122546.4	39.130	23	14	0	13	35	731	753	0.036	22.3
XP_003250185.1	XP_016767396.2	39.130	23	14	0	13	35	751	773	0.037	21.9
XP_003250310.2	XP_001122546.4	25.490	51	33	1	41	91	654	699	0.017	25.0
XP_003250310.2	XP_016767396.2	25.490	51	33	1	41	91	674	719	0.018	25.0
XP_003250331.2	XP_001122546.4	28.205	39	26	1	125	163	507	543	0.039	25.4
XP_003250331.2	XP_016767396.2	28.205	39	26	1	125	163	527	563	0.040	25.4
XP_003250481.1	XP_016767396.2	25.424	59	30	1	74	118	100	158	6.99e-04	27.3
XP_003250481.1	XP_001122546.4	25.424	59	30	1	74	118	100	158	7.74e-04	27.3
XP_003250716.1	XP_001122571.3	34.375	32	21	0	3	34	315	346	0.046	21.2
XP_003250814.1	XP_001122571.3	30.508	59	41	0	84	142	291	349	3.13e-04	28.9
XP_003250814.1	XP_001122571.3	56.000	25	10	1	8	32	7	30	3.46e-04	28.9
XP_003251129.1	XP_001122571.3	50.000	24	12	0	354	377	306	329	0.019	25.8
XP_003251221.1	XP_016767396.2	47.826	23	12	0	76	98	497	519	0.036	21.9
XP_003251494.2	XP_016767396.2	29.213	89	46	2	145	233	545	616	0.002	28.9
XP_003251494.2	XP_001122546.4	29.213	89	46	2	145	233	525	596	0.002	28.5
XP_003251624.1	XP_016767396.2	47.826	23	12	0	76	98	497	519	0.036	21.9
XP_003251921.1	XP_016767396.2	23.958	96	64	3	148	240	605	694	0.003	27.3
XP_003251921.1	XP_001122546.4	23.958	96	64	3	148	240	585	674	0.004	27.3
XP_006557542.1	XP_001122546.4	56.250	16	7	0	10	25	504	519	0.024	21.6
XP_006557542.1	XP_016767396.2	56.250	16	7	0	10	25	524	539	0.026	21.6
XP_006557543.1	XP_001122546.4	56.250	16	7	0	10	25	504	519	0.024	21.6
XP_006557543.1	XP_016767396.2	56.250	16	7	0	10	25	524	539	0.026	21.6
XP_006557544.1	XP_001122546.4	56.250	16	7	0	10	25	504	519	0.024	21.6
XP_006557544.1	XP_016767396.2	56.250	16	7	0	10	25	524	539	0.026	21.6
XP_006557545.1	XP_001122546.4	56.250	16	7	0	10	25	504	519	0.024	21.6
XP_006557545.1	XP_016767396.2	56.250	16	7	0	10	25	524	539	0.026	21.6
XP_006558244.2	XP_001122546.4	37.500	40	22	1	471	510	676	712	0.026	25.4
XP_006558244.2	XP_016767396.2	37.500	40	22	1	471	510	696	732	0.027	25.4
XP_006558490.2	XP_016767396.2	42.308	26	15	0	562	587	501	526	0.026	25.8
XP_006558713.1	XP_001122546.4	38.710	31	19	0	388	418	643	673	0.018	26.2
XP_006558713.1	XP_016767396.2	38.710	31	19	0	388	418	663	693	0.018	26.2
XP_006558714.1	XP_001122546.4	38.710	31	19	0	376	406	643	673	0.017	26.2
XP_006558714.1	XP_016767396.2	38.710	31	19	0	376	406	663	693	0.017	26.2
XP_006559326.1	XP_001122546.4	31.707	41	26	1	272	310	477	517	0.029	25.4
XP_006559327.1	XP_001122546.4	31.707	41	26	1	272	310	477	517	0.029	25.4
XP_006559328.1	XP_001122546.4	31.707	41	26	1	272	310	477	517	0.029	25.4
XP_006559329.1	XP_001122546.4	31.707	41	26	1	272	310	477	517	0.028	25.4
XP_006559446.1	XP_001122571.3	33.333	48	27	1	328	375	17	59	0.008	26.6
XP_006559570.1	XP_016767396.2	27.273	121	74	3	427	536	198	315	0.009	27.3
XP_006559570.1	XP_001122546.4	27.273	121	74	3	427	536	198	315	0.010	27.3
XP_006559571.1	XP_016767396.2	27.273	121	74	3	393	502	198	315	0.007	27.7
XP_006559571.1	XP_001122546.4	27.273	121	74	3	393	502	198	315	0.007	27.7
XP_006559572.1	XP_001122546.4	27.273	121	74	3	337	446	198	315	0.009	26.9
XP_006559572.1	XP_016767396.2	27.273	121	74	3	337	446	198	315	0.011	26.9
XP_006559816.2	XP_001122546.4	25.000	60	45	0	863	922	486	545	0.015	27.3
XP_006559816.2	XP_016767396.2	26.531	49	36	0	874	922	517	565	0.015	27.3
XP_006560146.1	XP_016767396.2	27.737	137	75	6	34	152	449	579	0.020	25.0
XP_006560146.1	XP_001122546.4	27.481	131	63	5	34	152	449	559	0.020	24.6
XP_006560319.2	XP_016767396.2	28.571	63	40	2	51	108	665	727	0.034	25.0
XP_006560319.2	XP_001122546.4	28.571	63	40	2	51	108	645	707	0.037	24.6
XP_006560496.2	XP_001122571.3	76.923	13	3	0	27	39	3	15	0.033	21.9
XP_006560512.2	XP_016767396.2	30.769	78	51	2	565	642	604	678	0.005	29.6
XP_006560512.2	XP_001122546.4	30.769	78	51	2	565	642	584	658	0.005	29.6
XP_006560516.2	XP_016767396.2	30.769	78	51	2	520	597	604	678	0.005	29.6
XP_006560516.2	XP_001122546.4	30.769	78	51	2	520	597	584	658	0.005	29.6
XP_006560676.1	XP_001122546.4	18.919	37	30	0	64	100	352	388	0.016	24.3
XP_006560676.1	XP_016767396.2	18.919	37	30	0	64	100	352	388	0.017	24.3
XP_006561120.1	XP_016767396.2	22.941	170	104	5	143	307	27	174	0.042	25.4
XP_006561120.1	XP_001122546.4	22.941	170	104	5	143	307	27	174	0.049	25.0
XP_006561121.1	XP_016767396.2	22.941	170	104	5	141	305	27	174	0.041	25.4
XP_006561121.1	XP_001122546.4	22.941	170	104	5	141	305	27	174	0.049	25.0
XP_006561199.2	XP_016767396.2	25.000	140	80	5	403	536	113	233	0.002	32.0
XP_006561199.2	XP_001122546.4	25.000	140	80	5	403	536	113	233	0.002	32.0
XP_006561226.1	XP_026296028.1	38.462	26	16	0	432	457	179	204	0.027	25.4
XP_006561226.1	XP_026296027.1	38.462	26	16	0	432	457	179	204	0.027	25.4
XP_006561226.1	XP_026296026.1	38.462	26	16	0	432	457	179	204	0.027	25.4
XP_006561226.1	XP_026296025.1	38.462	26	16	0	432	457	191	216	0.033	25.0
XP_006561227.1	XP_026296028.1	38.462	26	16	0	432	457	179	204	0.027	25.4
XP_006561227.1	XP_026296027.1	38.462	26	16	0	432	457	179	204	0.027	25.4
XP_006561227.1	XP_026296026.1	38.462	26	16	0	432	457	179	204	0.027	25.4
XP_006561227.1	XP_026296025.1	38.462	26	16	0	432	457	191	216	0.033	25.0
XP_006561229.1	XP_026296028.1	38.462	26	16	0	353	378	179	204	0.025	25.4
XP_006561229.1	XP_026296027.1	38.462	26	16	0	353	378	179	204	0.025	25.4
XP_006561229.1	XP_026296026.1	38.462	26	16	0	353	378	179	204	0.025	25.4
XP_006561229.1	XP_026296025.1	38.462	26	16	0	353	378	191	216	0.029	25.0
XP_006561470.2	XP_016767396.2	22.400	125	86	3	593	706	52	176	0.016	27.7
XP_006561470.2	XP_001122546.4	22.400	125	86	3	593	706	52	176	0.017	27.7
XP_006561571.2	XP_016767396.2	28.155	103	66	4	791	886	515	616	0.023	28.1
XP_006561571.2	XP_001122546.4	28.155	103	66	4	791	886	495	596	0.025	27.7
XP_006561572.2	XP_016767396.2	27.749	191	111	9	384	563	515	689	0.013	28.5
XP_006561572.2	XP_001122546.4	27.749	191	111	9	384	563	495	669	0.014	28.5
XP_006562004.1	XP_016767396.2	21.260	127	81	3	181	300	10	124	0.017	26.9
XP_006562004.1	XP_001122546.4	21.260	127	81	3	181	300	10	124	0.019	26.9
XP_006562005.1	XP_016767396.2	21.260	127	81	3	113	232	10	124	0.017	26.9
XP_006562005.1	XP_001122546.4	21.260	127	81	3	113	232	10	124	0.017	26.9
XP_006562381.1	XP_001122571.3	29.412	34	24	0	787	820	307	340	0.040	26.2
XP_006562382.1	XP_001122571.3	29.412	34	24	0	787	820	307	340	0.041	26.2
XP_006562383.1	XP_001122571.3	29.412	34	24	0	750	783	307	340	0.039	26.2
XP_006562411.1	XP_001122546.4	29.268	41	29	0	163	203	81	121	0.007	26.2
XP_006562411.1	XP_016767396.2	30.189	53	31	1	163	215	81	127	0.016	25.0
XP_006562603.1	XP_001122546.4	32.353	34	17	1	300	327	670	703	0.044	24.3
XP_006562603.1	XP_016767396.2	32.353	34	17	1	300	327	690	723	0.047	24.3
XP_006563065.1	XP_016767396.2	25.150	167	106	5	375	526	28	190	0.002	29.6
XP_006563065.1	XP_001122546.4	25.150	167	106	5	375	526	28	190	0.002	29.3
XP_006563154.1	XP_026296025.1	25.000	72	48	2	192	258	149	219	0.034	25.0
XP_006563154.1	XP_026296028.1	25.000	72	48	2	192	258	137	207	0.040	24.6
XP_006563154.1	XP_026296027.1	25.000	72	48	2	192	258	137	207	0.040	24.6
XP_006563154.1	XP_026296026.1	25.000	72	48	2	192	258	137	207	0.040	24.6
XP_006563155.1	XP_026296025.1	25.000	72	48	2	192	258	149	219	0.034	25.0
XP_006563155.1	XP_026296028.1	25.000	72	48	2	192	258	137	207	0.040	24.6
XP_006563155.1	XP_026296027.1	25.000	72	48	2	192	258	137	207	0.040	24.6
XP_006563155.1	XP_026296026.1	25.000	72	48	2	192	258	137	207	0.040	24.6
XP_006563156.1	XP_026296025.1	25.000	72	48	2	192	258	149	219	0.034	25.0
XP_006563156.1	XP_026296028.1	25.000	72	48	2	192	258	137	207	0.040	24.6
XP_006563156.1	XP_026296027.1	25.000	72	48	2	192	258	137	207	0.040	24.6
XP_006563156.1	XP_026296026.1	25.000	72	48	2	192	258	137	207	0.040	24.6
XP_006563157.1	XP_026296025.1	25.000	72	48	2	123	189	149	219	0.034	24.6
XP_006563157.1	XP_026296028.1	25.000	72	48	2	123	189	137	207	0.038	24.6
XP_006563157.1	XP_026296027.1	25.000	72	48	2	123	189	137	207	0.038	24.6
XP_006563157.1	XP_026296026.1	25.000	72	48	2	123	189	137	207	0.038	24.6
XP_006563158.1	XP_026296025.1	25.000	72	48	2	123	189	149	219	0.034	24.6
XP_006563158.1	XP_026296028.1	25.000	72	48	2	123	189	137	207	0.038	24.6
XP_006563158.1	XP_026296027.1	25.000	72	48	2	123	189	137	207	0.038	24.6
XP_006563158.1	XP_026296026.1	25.000	72	48	2	123	189	137	207	0.038	24.6
XP_006563481.1	XP_016767396.2	25.000	52	39	0	303	354	248	299	0.001	29.6
XP_006563481.1	XP_001122546.4	25.000	52	39	0	303	354	248	299	0.001	29.6
XP_006563526.1	XP_001122571.3	21.429	98	68	2	1	98	258	346	0.017	24.3
XP_006564257.2	XP_016767396.2	32.558	43	27	1	962	1004	499	539	0.015	27.3
XP_006564257.2	XP_001122546.4	33.333	39	26	0	966	1004	481	519	0.015	27.3
XP_006564577.2	XP_026296025.1	52.381	21	10	0	201	221	101	121	0.044	24.3
XP_006564577.2	XP_026296028.1	52.381	21	10	0	201	221	89	109	0.044	23.9
XP_006564577.2	XP_026296027.1	52.381	21	10	0	201	221	89	109	0.044	23.9
XP_006564577.2	XP_026296026.1	52.381	21	10	0	201	221	89	109	0.044	23.9
XP_006564978.1	XP_016767396.2	34.211	38	21	1	44	77	143	180	0.024	22.7
XP_006564978.1	XP_016767396.2	31.250	32	22	0	49	80	78	109	0.033	22.3
XP_006564978.1	XP_001122546.4	34.211	38	21	1	44	77	143	180	0.025	22.7
XP_006564978.1	XP_001122546.4	31.250	32	22	0	49	80	78	109	0.035	22.3
XP_006565046.2	XP_001122546.4	34.091	44	26	2	579	619	280	323	0.035	25.4
XP_006565046.2	XP_016767396.2	34.091	44	26	2	579	619	280	323	0.038	25.4
XP_006565394.1	XP_001122546.4	27.848	79	52	2	135	208	431	509	0.012	26.2
XP_006565573.1	XP_001122546.4	30.645	62	36	2	1	56	614	674	0.003	29.3
XP_006565573.1	XP_016767396.2	30.645	62	36	2	1	56	634	694	0.004	29.3
XP_006565704.1	XP_016767396.2	25.974	77	47	3	545	618	482	551	0.034	25.8
XP_006565862.1	XP_016767396.2	28.000	75	54	0	213	287	226	300	0.023	25.0
XP_006565862.1	XP_001122546.4	28.000	75	54	0	213	287	226	300	0.024	25.0
XP_006566017.1	XP_016767396.2	30.769	117	57	7	98	214	501	593	0.008	27.7
XP_006566017.1	XP_001122546.4	30.631	111	55	6	104	214	485	573	0.009	27.3
XP_006566018.1	XP_016767396.2	30.769	117	57	7	98	214	501	593	0.008	27.3
XP_006566018.1	XP_001122546.4	30.631	111	55	6	104	214	485	573	0.011	26.9
XP_006566169.1	XP_016767396.2	25.191	131	73	6	280	399	377	493	0.040	25.4
XP_006566250.1	XP_001122571.3	26.214	103	50	5	47	146	272	351	0.014	23.9
XP_006566835.1	XP_016767396.2	31.169	77	51	1	1087	1161	156	232	0.021	27.7
XP_006566835.1	XP_001122546.4	31.169	77	51	1	1087	1161	156	232	0.029	27.3
XP_006566836.1	XP_016767396.2	31.169	77	51	1	1061	1135	156	232	0.024	27.3
XP_006566836.1	XP_001122546.4	31.169	77	51	1	1061	1135	156	232	0.029	27.3
XP_006567330.1	XP_016767396.2	25.899	139	91	3	543	679	384	512	0.042	26.2
XP_006567636.1	NP_001011607.1	46.154	13	7	0	67	79	57	69	0.019	23.1
XP_006567638.1	NP_001011607.1	46.154	13	7	0	67	79	57	69	0.019	23.1
XP_006567639.1	NP_001011607.1	46.154	13	7	0	67	79	57	69	0.019	23.1
XP_006567681.2	XP_026296028.1	33.333	39	25	1	339	376	85	123	0.005	28.1
XP_006567681.2	XP_026296027.1	33.333	39	25	1	339	376	85	123	0.005	28.1
XP_006567681.2	XP_026296026.1	33.333	39	25	1	339	376	85	123	0.005	28.1
XP_006567681.2	XP_026296025.1	33.333	39	25	1	339	376	97	135	0.006	28.1
XP_006567682.2	XP_026296028.1	33.333	39	25	1	339	376	85	123	0.005	28.1
XP_006567682.2	XP_026296027.1	33.333	39	25	1	339	376	85	123	0.005	28.1
XP_006567682.2	XP_026296026.1	33.333	39	25	1	339	376	85	123	0.005	28.1
XP_006567682.2	XP_026296025.1	33.333	39	25	1	339	376	97	135	0.006	28.1
XP_006567683.2	XP_026296028.1	33.333	39	25	1	339	376	85	123	0.005	28.1
XP_006567683.2	XP_026296027.1	33.333	39	25	1	339	376	85	123	0.005	28.1
XP_006567683.2	XP_026296026.1	33.333	39	25	1	339	376	85	123	0.005	28.1
XP_006567683.2	XP_026296025.1	33.333	39	25	1	339	376	97	135	0.006	28.1
XP_006567684.2	XP_026296028.1	33.333	39	25	1	339	376	85	123	0.005	28.1
XP_006567684.2	XP_026296027.1	33.333	39	25	1	339	376	85	123	0.005	28.1
XP_006567684.2	XP_026296026.1	33.333	39	25	1	339	376	85	123	0.005	28.1
XP_006567684.2	XP_026296025.1	33.333	39	25	1	339	376	97	135	0.006	27.7
XP_006567687.2	XP_026296028.1	33.333	39	25	1	339	376	85	123	0.005	28.1
XP_006567687.2	XP_026296027.1	33.333	39	25	1	339	376	85	123	0.005	28.1
XP_006567687.2	XP_026296026.1	33.333	39	25	1	339	376	85	123	0.005	28.1
XP_006567687.2	XP_026296025.1	33.333	39	25	1	339	376	97	135	0.005	28.1
XP_006567931.2	XP_001122546.4	45.000	20	11	0	220	239	324	343	0.024	24.6
XP_006567931.2	XP_016767396.2	45.000	20	11	0	220	239	324	343	0.025	24.6
XP_006568172.2	XP_026296028.1	34.783	23	15	0	270	292	185	207	0.029	25.0
XP_006568172.2	XP_026296027.1	34.783	23	15	0	270	292	185	207	0.029	25.0
XP_006568172.2	XP_026296026.1	34.783	23	15	0	270	292	185	207	0.029	25.0
XP_006568172.2	XP_026296025.1	34.783	23	15	0	270	292	197	219	0.036	24.6
XP_006568173.2	XP_026296028.1	34.783	23	15	0	270	292	185	207	0.029	25.0
XP_006568173.2	XP_026296027.1	34.783	23	15	0	270	292	185	207	0.029	25.0
XP_006568173.2	XP_026296026.1	34.783	23	15	0	270	292	185	207	0.029	25.0
XP_006568173.2	XP_026296025.1	34.783	23	15	0	270	292	197	219	0.036	24.6
XP_006568174.2	XP_026296028.1	34.783	23	15	0	201	223	185	207	0.023	25.0
XP_006568174.2	XP_026296027.1	34.783	23	15	0	201	223	185	207	0.023	25.0
XP_006568174.2	XP_026296026.1	34.783	23	15	0	201	223	185	207	0.023	25.0
XP_006568174.2	XP_026296025.1	34.783	23	15	0	201	223	197	219	0.030	24.6
XP_006568175.2	XP_026296028.1	34.783	23	15	0	201	223	185	207	0.023	25.0
XP_006568175.2	XP_026296027.1	34.783	23	15	0	201	223	185	207	0.023	25.0
XP_006568175.2	XP_026296026.1	34.783	23	15	0	201	223	185	207	0.023	25.0
XP_006568175.2	XP_026296025.1	34.783	23	15	0	201	223	197	219	0.030	24.6
XP_006568386.1	XP_016767396.2	27.536	69	39	2	314	382	201	258	0.039	24.6
XP_006568386.1	XP_001122546.4	27.536	69	39	2	314	382	201	258	0.042	24.6
XP_006568823.2	XP_016767396.2	32.500	120	68	5	168	278	215	330	0.036	25.0
XP_006568823.2	XP_001122546.4	32.500	120	68	5	168	278	215	330	0.039	24.6
XP_006568900.1	XP_001122546.4	24.731	93	57	2	183	262	618	710	0.029	25.4
XP_006568900.1	XP_016767396.2	24.731	93	57	2	183	262	638	730	0.034	25.4
XP_006568901.1	XP_001122546.4	24.731	93	57	2	183	262	618	710	0.029	25.4
XP_006568901.1	XP_016767396.2	24.731	93	57	2	183	262	638	730	0.034	25.4
XP_006568902.1	XP_001122546.4	24.731	93	57	2	183	262	618	710	0.029	25.4
XP_006568902.1	XP_016767396.2	24.731	93	57	2	183	262	638	730	0.034	25.4
XP_006568903.1	XP_001122546.4	24.731	93	57	2	183	262	618	710	0.029	25.4
XP_006568903.1	XP_016767396.2	24.731	93	57	2	183	262	638	730	0.034	25.4
XP_006569307.1	XP_001122546.4	22.727	66	41	2	39	94	198	263	0.022	22.7
XP_006569307.1	XP_016767396.2	22.727	66	41	2	39	94	198	263	0.023	22.7
XP_006569827.1	XP_016767396.2	27.459	244	150	7	1508	1730	50	287	6.58e-04	32.7
XP_006569827.1	XP_001122546.4	33.871	124	75	2	1508	1628	50	169	8.45e-04	32.3
XP_006569829.1	XP_016767396.2	27.490	251	154	8	1495	1724	50	293	6.53e-04	32.7
XP_006569829.1	XP_001122546.4	33.871	124	75	2	1495	1615	50	169	7.84e-04	32.3
XP_006569831.1	XP_016767396.2	27.490	251	154	8	1487	1716	50	293	6.96e-04	32.7
XP_006569831.1	XP_001122546.4	33.871	124	75	2	1487	1607	50	169	8.21e-04	32.3
XP_006570001.1	XP_001122571.3	42.857	28	14	1	116	143	322	347	0.018	23.9
XP_006570863.1	XP_016767396.2	47.826	23	12	0	76	98	497	519	0.036	21.9
XP_006571061.2	XP_016767396.2	32.000	100	57	5	1134	1227	589	683	0.032	26.9
XP_006571061.2	XP_001122546.4	32.000	100	57	5	1134	1227	569	663	0.040	26.9
XP_006571062.2	XP_016767396.2	32.000	100	57	5	1134	1227	589	683	0.032	26.9
XP_006571062.2	XP_001122546.4	32.000	100	57	5	1134	1227	569	663	0.040	26.9
XP_006571063.2	XP_016767396.2	32.000	100	57	5	1134	1227	589	683	0.032	26.9
XP_006571063.2	XP_001122546.4	32.000	100	57	5	1134	1227	569	663	0.040	26.9
XP_006571064.2	XP_016767396.2	32.000	100	57	5	1134	1227	589	683	0.032	26.9
XP_006571064.2	XP_001122546.4	32.000	100	57	5	1134	1227	569	663	0.039	26.9
XP_006571298.1	XP_016767396.2	36.667	30	19	0	65	94	289	318	0.034	24.3
XP_006571298.1	XP_001122546.4	36.667	30	19	0	65	94	289	318	0.035	24.3
XP_006571637.2	XP_001122546.4	37.500	32	20	0	97	128	157	188	0.030	24.6
XP_006571637.2	XP_016767396.2	37.500	32	20	0	97	128	157	188	0.031	24.6
XP_006571638.2	XP_001122546.4	37.500	32	20	0	49	80	157	188	0.024	25.0
XP_006571638.2	XP_016767396.2	37.500	32	20	0	49	80	157	188	0.025	24.6
XP_006571898.1	XP_016767396.2	28.205	78	51	1	207	284	136	208	0.002	28.9
XP_006571898.1	XP_001122546.4	28.205	78	51	1	207	284	136	208	0.002	28.9
XP_006571899.1	XP_016767396.2	28.205	78	51	1	207	284	136	208	0.001	29.3
XP_006571899.1	XP_001122546.4	28.205	78	51	1	207	284	136	208	0.002	28.9
XP_016766286.1	XP_026296028.1	32.258	62	40	1	757	818	65	124	0.041	25.8
XP_016766286.1	XP_026296027.1	32.258	62	40	1	757	818	65	124	0.041	25.8
XP_016766286.1	XP_026296026.1	32.258	62	40	1	757	818	65	124	0.041	25.8
XP_016766286.1	XP_026296025.1	32.258	62	40	1	757	818	77	136	0.044	25.4
XP_016766353.1	XP_016767396.2	38.462	26	16	0	54	79	151	176	0.006	27.7
XP_016766353.1	XP_001122546.4	38.462	26	16	0	54	79	151	176	0.007	27.7
XP_016766513.2	XP_001122571.3	33.929	56	35	1	559	612	1	56	0.005	28.9
XP_016766797.2	XP_001122546.4	25.000	60	45	0	863	922	486	545	0.015	27.3
XP_016766797.2	XP_016767396.2	26.531	49	36	0	874	922	517	565	0.015	27.3
XP_016766874.1	XP_001122546.4	26.000	100	60	5	118	209	320	413	0.006	25.8
XP_016766874.1	XP_016767396.2	26.000	100	60	5	118	209	320	413	0.006	25.8
XP_016766875.1	XP_001122546.4	26.582	79	45	4	118	188	320	393	0.023	24.3
XP_016766875.1	XP_016767396.2	26.582	79	45	4	118	188	320	393	0.024	24.3
XP_016766878.1	XP_001122546.4	26.582	79	45	4	118	188	320	393	0.023	24.3
XP_016766878.1	XP_016767396.2	26.582	79	45	4	118	188	320	393	0.024	24.3
XP_016766881.1	XP_001122546.4	26.582	79	45	4	97	167	320	393	0.045	23.1
XP_016766881.1	XP_016767396.2	26.582	79	45	4	97	167	320	393	0.045	23.1
XP_016766882.1	XP_001122546.4	26.582	79	45	4	97	167	320	393	0.045	23.1
XP_016766882.1	XP_016767396.2	26.582	79	45	4	97	167	320	393	0.045	23.1
XP_016766883.1	XP_001122546.4	26.582	79	45	4	97	167	320	393	0.045	23.1
XP_016766883.1	XP_016767396.2	26.582	79	45	4	97	167	320	393	0.045	23.1
XP_016767130.1	XP_016767396.2	27.551	98	64	2	509	604	420	512	0.046	26.2
XP_016767396.2	XP_016767396.2	100.000	776	0	0	1	776	1	776	0.0	1546
XP_016767396.2	XP_001122546.4	97.423	776	0	1	1	776	1	756	0.0	1491
XP_016767879.1	XP_016767396.2	22.941	170	104	5	187	351	27	174	0.045	25.4
XP_016767879.1	XP_001122546.4	22.941	170	104	5	187	351	27	174	0.049	25.0
XP_016767880.1	XP_016767396.2	22.941	170	104	5	166	330	27	174	0.045	25.4
XP_016767880.1	XP_001122546.4	22.941	170	104	5	166	330	27	174	0.047	25.0
XP_016767947.2	XP_016767396.2	32.558	43	27	1	1209	1251	499	539	0.021	27.3
XP_016767947.2	XP_001122546.4	33.333	36	24	0	1216	1251	484	519	0.022	27.3
XP_016767967.1	XP_001122546.4	56.250	16	7	0	13	28	504	519	0.029	21.2
XP_016767967.1	XP_016767396.2	56.250	16	7	0	13	28	524	539	0.029	21.2
XP_016768006.1	XP_016767396.2	40.000	40	23	1	87	125	73	112	0.041	23.9
XP_016768006.1	XP_001122546.4	40.000	40	23	1	87	125	73	112	0.042	23.9
XP_016768599.1	XP_016767396.2	28.261	46	33	0	712	757	490	535	0.006	28.9
XP_016768711.1	XP_001122546.4	27.536	69	39	2	372	440	201	258	0.042	24.6
XP_016768711.1	XP_016767396.2	27.536	69	39	2	372	440	201	258	0.043	24.6
XP_016769129.1	XP_016767396.2	33.871	124	75	2	1505	1625	50	169	7.33e-04	32.7
XP_016769129.1	XP_001122546.4	33.871	124	75	2	1505	1625	50	169	8.08e-04	32.3
XP_016769130.1	XP_016767396.2	33.871	124	75	2	1508	1628	50	169	6.85e-04	32.7
XP_016769130.1	XP_001122546.4	33.871	124	75	2	1508	1628	50	169	8.58e-04	32.3
XP_016769131.1	XP_016767396.2	33.871	124	75	2	1508	1628	50	169	7.05e-04	32.7
XP_016769131.1	XP_001122546.4	33.871	124	75	2	1508	1628	50	169	8.38e-04	32.3
XP_016769197.2	XP_001122546.4	24.832	149	86	6	839	970	410	549	0.045	25.8
XP_016769240.2	XP_016767396.2	32.000	100	57	5	1134	1227	589	683	0.034	26.9
XP_016769240.2	XP_001122546.4	32.000	100	57	5	1134	1227	569	663	0.034	26.9
XP_016769769.1	XP_001122571.3	29.825	57	27	3	81	134	305	351	0.029	22.7
XP_016771045.1	XP_001122546.4	31.707	41	26	1	272	310	477	517	0.029	25.4
XP_016771251.1	XP_026296025.1	45.833	24	13	0	76	99	162	185	0.002	25.8
XP_016771251.1	XP_026296028.1	45.833	24	13	0	76	99	150	173	0.002	25.8
XP_016771251.1	XP_026296027.1	45.833	24	13	0	76	99	150	173	0.002	25.8
XP_016771251.1	XP_026296026.1	45.833	24	13	0	76	99	150	173	0.002	25.8
XP_016771408.2	XP_001122546.4	40.000	30	9	1	49	78	9	29	0.035	24.3
XP_016771408.2	XP_016767396.2	40.000	30	9	1	49	78	9	29	0.036	24.3
XP_016771813.1	XP_001122571.3	29.412	34	24	0	750	783	307	340	0.040	26.2
XP_016772811.2	XP_026296028.1	34.783	23	15	0	201	223	185	207	0.023	25.0
XP_016772811.2	XP_026296027.1	34.783	23	15	0	201	223	185	207	0.023	25.0
XP_016772811.2	XP_026296026.1	34.783	23	15	0	201	223	185	207	0.023	25.0
XP_016772811.2	XP_026296025.1	34.783	23	15	0	201	223	197	219	0.030	24.6
XP_016772901.2	XP_016767396.2	32.609	46	25	1	145	190	439	478	0.004	27.3
XP_016772901.2	XP_001122546.4	32.609	46	25	1	145	190	439	478	0.004	27.3
XP_016773376.1	XP_016767396.2	47.826	23	12	0	76	98	497	519	0.036	21.9
XP_026294648.1	XP_001122546.4	20.000	230	148	5	822	1037	123	330	0.016	30.4
XP_026294648.1	XP_016767396.2	20.000	230	148	5	822	1037	123	330	0.019	30.4
XP_026294650.1	XP_001122546.4	19.565	230	148	5	822	1036	123	330	0.013	30.8
XP_026294650.1	XP_016767396.2	19.565	230	148	5	822	1036	123	330	0.015	30.8
XP_026294681.1	XP_001122546.4	19.048	210	148	6	841	1035	520	722	0.013	30.8
XP_026294681.1	XP_016767396.2	19.048	210	148	6	841	1035	540	742	0.013	30.8
XP_026294932.1	XP_001122571.3	33.929	56	35	1	559	612	1	56	0.005	28.9
XP_026294960.1	XP_016767396.2	32.500	40	27	0	385	424	426	465	0.037	25.4
XP_026294960.1	XP_001122546.4	32.500	40	27	0	385	424	426	465	0.039	25.4
XP_026294976.1	XP_016767396.2	18.713	171	122	2	1067	1223	263	430	0.019	27.7
XP_026294976.1	XP_001122546.4	18.713	171	122	2	1067	1223	263	430	0.024	27.3
XP_026295572.1	XP_016767396.2	28.155	103	70	3	595	697	604	702	0.005	29.6
XP_026295572.1	XP_001122546.4	28.155	103	70	3	595	697	584	682	0.005	29.6
XP_026295573.1	XP_016767396.2	28.155	103	70	3	595	697	604	702	0.005	29.6
XP_026295573.1	XP_001122546.4	28.155	103	70	3	595	697	584	682	0.005	29.6
XP_026295574.1	XP_016767396.2	28.155	103	70	3	595	697	604	702	0.005	29.6
XP_026295574.1	XP_001122546.4	28.155	103	70	3	595	697	584	682	0.005	29.6
XP_026295575.1	XP_016767396.2	28.155	103	70	3	573	675	604	702	0.005	29.6
XP_026295575.1	XP_001122546.4	28.155	103	70	3	573	675	584	682	0.005	29.6
XP_026295576.1	XP_016767396.2	28.155	103	70	3	572	674	604	702	0.006	29.6
XP_026295576.1	XP_001122546.4	30.769	78	51	2	572	649	584	658	0.006	29.3
XP_026295578.1	XP_016767396.2	30.769	78	51	2	542	619	604	678	0.005	29.6
XP_026295578.1	XP_001122546.4	30.769	78	51	2	542	619	584	658	0.005	29.6
XP_026295579.1	XP_016767396.2	28.155	103	70	3	526	628	604	702	0.005	29.6
XP_026295579.1	XP_001122546.4	28.155	103	70	3	526	628	584	682	0.005	29.6
XP_026295580.1	XP_016767396.2	28.155	103	70	3	526	628	604	702	0.005	29.6
XP_026295580.1	XP_001122546.4	28.155	103	70	3	526	628	584	682	0.005	29.6
XP_026295581.1	XP_016767396.2	28.155	103	70	3	426	528	604	702	0.005	29.3
XP_026295581.1	XP_001122546.4	28.155	103	70	3	426	528	584	682	0.006	29.3
XP_026295582.1	XP_016767396.2	28.155	103	70	3	394	496	604	702	0.005	29.6
XP_026295582.1	XP_001122546.4	28.155	103	70	3	394	496	584	682	0.005	29.3
XP_026295584.1	XP_016767396.2	26.415	53	36	1	283	335	163	212	0.030	26.6
XP_026295584.1	XP_001122546.4	26.415	53	36	1	283	335	163	212	0.031	26.2
XP_026295586.1	XP_016767396.2	26.415	53	36	1	283	335	163	212	0.030	26.6
XP_026295586.1	XP_001122546.4	26.415	53	36	1	283	335	163	212	0.031	26.2
XP_026295641.1	XP_001122571.3	28.261	46	33	0	3	48	269	314	0.042	24.6
XP_026295642.1	XP_001122571.3	28.261	46	33	0	3	48	269	314	0.041	24.6
XP_026295643.1	XP_001122571.3	28.261	46	33	0	3	48	269	314	0.040	24.6
XP_026295644.1	XP_001122571.3	28.261	46	33	0	3	48	269	314	0.039	24.6
XP_026296025.1	XP_026296025.1	100.000	282	0	0	1	282	1	282	0.0	583
XP_026296025.1	XP_026296028.1	100.000	270	0	0	13	282	1	270	0.0	558
XP_026296025.1	XP_026296027.1	100.000	270	0	0	13	282	1	270	0.0	558
XP_026296025.1	XP_026296026.1	100.000	270	0	0	13	282	1	270	0.0	558
XP_026296026.1	XP_026296025.1	100.000	270	0	0	1	270	13	282	0.0	558
XP_026296026.1	XP_026296028.1	100.000	270	0	0	1	270	1	270	0.0	557
XP_026296026.1	XP_026296027.1	100.000	270	0	0	1	270	1	270	0.0	557
XP_026296026.1	XP_026296026.1	100.000	270	0	0	1	270	1	270	0.0	557
XP_026296027.1	XP_026296025.1	100.000	270	0	0	1	270	13	282	0.0	558
XP_026296027.1	XP_026296028.1	100.000	270	0	0	1	270	1	270	0.0	557
XP_026296027.1	XP_026296027.1	100.000	270	0	0	1	270	1	270	0.0	557
XP_026296027.1	XP_026296026.1	100.000	270	0	0	1	270	1	270	0.0	557
XP_026296028.1	XP_026296025.1	100.000	270	0	0	1	270	13	282	0.0	558
XP_026296028.1	XP_026296028.1	100.000	270	0	0	1	270	1	270	0.0	557
XP_026296028.1	XP_026296027.1	100.000	270	0	0	1	270	1	270	0.0	557
XP_026296028.1	XP_026296026.1	100.000	270	0	0	1	270	1	270	0.0	557
XP_026296319.1	XP_001122546.4	36.667	30	19	0	65	94	289	318	0.041	24.3
XP_026296319.1	XP_016767396.2	36.667	30	19	0	65	94	289	318	0.041	24.3
XP_026296499.1	XP_026296028.1	33.333	39	25	1	238	275	85	123	0.004	28.1
XP_026296499.1	XP_026296027.1	33.333	39	25	1	238	275	85	123	0.004	28.1
XP_026296499.1	XP_026296026.1	33.333	39	25	1	238	275	85	123	0.004	28.1
XP_026296499.1	XP_026296025.1	33.333	39	25	1	238	275	97	135	0.005	28.1
XP_026296500.1	XP_001122546.4	26.582	79	45	4	118	188	320	393	0.023	24.3
XP_026296500.1	XP_016767396.2	26.582	79	45	4	118	188	320	393	0.024	24.3
XP_026296634.1	XP_001122571.3	50.000	24	12	0	331	354	306	329	0.019	25.8
XP_026296698.1	XP_016767396.2	19.455	257	184	5	651	895	205	450	0.009	29.3
XP_026296698.1	XP_001122546.4	19.455	257	184	5	651	895	205	450	0.010	28.9
XP_026296719.1	XP_001122546.4	45.000	20	11	0	271	290	324	343	0.028	25.0
XP_026296719.1	XP_016767396.2	45.000	20	11	0	271	290	324	343	0.030	24.6
XP_026297171.1	XP_016767396.2	30.667	75	44	3	7	77	266	336	6.53e-04	28.9
XP_026297171.1	XP_016767396.2	30.631	111	53	4	135	224	208	315	0.010	25.4
XP_026297171.1	XP_001122546.4	30.667	75	44	3	7	77	266	336	6.87e-04	28.9
XP_026297171.1	XP_001122546.4	30.631	111	53	4	135	224	208	315	0.009	25.4
XP_026297202.1	XP_016767396.2	22.581	186	97	7	208	359	249	421	0.014	26.2
XP_026297202.1	XP_001122546.4	22.581	186	97	7	208	359	249	421	0.014	26.2
XP_026297205.1	XP_001122546.4	28.169	71	36	3	151	206	447	517	0.008	25.8
XP_026297206.1	XP_001122546.4	28.169	71	36	3	151	206	447	517	0.022	24.3
XP_026297263.1	XP_016767396.2	40.000	40	23	1	82	120	73	112	0.039	23.9
XP_026297263.1	XP_001122546.4	40.000	40	23	1	82	120	73	112	0.041	23.9
XP_026297264.1	XP_016767396.2	40.000	40	23	1	82	120	73	112	0.039	23.9
XP_026297264.1	XP_001122546.4	40.000	40	23	1	82	120	73	112	0.041	23.9
XP_026297302.1	XP_001122546.4	27.848	79	52	2	135	208	431	509	0.012	26.2
XP_026297424.1	XP_016767396.2	48.276	29	15	0	2282	2310	57	85	0.010	29.3
XP_026297424.1	XP_001122546.4	48.276	29	15	0	2282	2310	57	85	0.010	29.3
XP_026297425.1	XP_016767396.2	48.276	29	15	0	2044	2072	57	85	0.009	29.3
XP_026297425.1	XP_001122546.4	48.276	29	15	0	2044	2072	57	85	0.009	29.3
XP_026297426.1	XP_016767396.2	48.276	29	15	0	2044	2072	57	85	0.009	29.3
XP_026297426.1	XP_001122546.4	48.276	29	15	0	2044	2072	57	85	0.009	29.3
XP_026297437.1	XP_016767396.2	31.250	64	39	1	415	473	51	114	0.007	28.5
XP_026297437.1	XP_001122546.4	31.250	64	39	1	415	473	51	114	0.009	28.1
XP_026297467.1	XP_001122546.4	35.135	74	35	2	956	1020	55	124	0.034	26.9
XP_026297467.1	XP_016767396.2	35.135	74	35	2	956	1020	55	124	0.034	26.9
XP_026297468.1	XP_001122546.4	35.135	74	35	2	956	1020	55	124	0.034	26.9
XP_026297468.1	XP_016767396.2	35.135	74	35	2	956	1020	55	124	0.034	26.9
XP_026297469.1	XP_001122546.4	35.135	74	35	2	952	1016	55	124	0.033	26.9
XP_026297469.1	XP_016767396.2	35.135	74	35	2	952	1016	55	124	0.033	26.9
XP_026297470.1	XP_016767396.2	35.135	74	35	2	956	1020	55	124	0.022	27.3
XP_026297470.1	XP_001122546.4	35.135	74	35	2	956	1020	55	124	0.023	27.3
XP_026297554.1	XP_001122546.4	30.645	62	36	2	1	56	614	674	0.003	29.3
XP_026297554.1	XP_016767396.2	30.645	62	36	2	1	56	634	694	0.004	29.3
XP_026297582.1	XP_016767396.2	28.261	46	33	0	589	634	490	535	0.006	28.9
XP_026297867.1	XP_016767396.2	23.000	100	53	2	74	149	343	442	0.044	25.0
XP_026297867.1	XP_001122546.4	23.000	100	53	2	74	149	343	442	0.045	25.0
XP_026297881.1	XP_001122546.4	24.832	149	86	6	839	970	410	549	0.045	25.8
XP_026297882.1	XP_001122546.4	24.832	149	86	6	839	970	410	549	0.045	25.8
XP_026297883.1	XP_001122546.4	24.832	149	86	6	839	970	410	549	0.045	25.8
XP_026297884.1	XP_001122546.4	24.832	149	86	6	839	970	410	549	0.045	25.8
XP_026297885.1	XP_001122546.4	24.832	149	86	6	839	970	410	549	0.045	25.8
XP_026297886.1	XP_001122546.4	24.832	149	86	6	839	970	410	549	0.045	25.8
XP_026297887.1	XP_001122546.4	24.832	149	86	6	839	970	410	549	0.045	25.8
XP_026297888.1	XP_001122546.4	24.832	149	86	6	839	970	410	549	0.045	25.8
XP_026297889.1	XP_001122546.4	24.832	149	86	6	839	970	410	549	0.045	25.8
XP_026297890.1	XP_001122546.4	24.832	149	86	6	839	970	410	549	0.045	25.8
XP_026298062.1	XP_016767396.2	24.762	210	130	14	1911	2113	495	683	4.07e-04	34.3
XP_026298062.1	XP_001122546.4	26.738	187	110	13	1934	2113	497	663	6.39e-04	33.5
XP_026298157.1	XP_016767396.2	20.661	121	87	1	13	124	406	526	0.006	25.4
XP_026298259.1	XP_001122546.4	38.710	31	19	0	406	436	643	673	0.018	26.2
XP_026298259.1	XP_016767396.2	38.710	31	19	0	406	436	663	693	0.018	26.2
XP_026298260.1	XP_001122546.4	38.710	31	19	0	406	436	643	673	0.018	26.2
XP_026298260.1	XP_016767396.2	38.710	31	19	0	406	436	663	693	0.018	26.2
XP_026298261.1	XP_016767396.2	38.710	31	19	0	406	436	663	693	0.017	26.2
XP_026298261.1	XP_001122546.4	38.710	31	19	0	406	436	643	673	0.017	26.2
XP_026298262.1	XP_001122546.4	38.710	31	19	0	368	398	643	673	0.015	26.6
XP_026298262.1	XP_016767396.2	38.710	31	19	0	368	398	663	693	0.015	26.6
XP_026298356.1	XP_016767396.2	38.095	21	13	0	4	24	297	317	0.033	21.9
XP_026298356.1	XP_001122546.4	38.095	21	13	0	4	24	297	317	0.033	21.9
XP_026298383.1	XP_016767396.2	27.749	191	111	9	704	883	515	689	0.008	29.3
XP_026298383.1	XP_001122546.4	27.749	191	111	9	704	883	495	669	0.008	29.3
XP_026298838.1	XP_001122571.3	35.000	40	23	1	45	84	287	323	0.036	24.3
XP_026299003.1	XP_001122571.3	31.579	57	30	3	107	156	294	348	0.003	26.2
XP_026299092.1	XP_016767396.2	25.191	131	73	6	280	399	377	493	0.040	25.4
XP_026299152.1	XP_016767396.2	41.935	31	18	0	315	345	462	492	0.041	25.0
XP_026299200.1	XP_016767396.2	36.842	57	34	2	287	342	518	573	0.016	27.3
XP_026299200.1	XP_001122546.4	25.490	204	128	9	153	342	360	553	0.017	27.3
XP_026299494.1	XP_001122571.3	25.333	75	47	2	150	224	257	322	0.020	25.4
XP_026299495.1	XP_001122571.3	25.333	75	47	2	150	224	257	322	0.020	25.4
XP_026299496.1	XP_001122571.3	25.333	75	47	2	135	209	257	322	0.014	25.8
XP_026299497.1	XP_001122571.3	25.676	74	46	2	116	189	257	321	0.016	25.4
XP_026299498.1	XP_001122571.3	25.333	75	47	2	72	146	257	322	0.014	25.4
XP_026299499.1	XP_016767396.2	29.787	47	33	0	848	894	631	677	0.028	26.6
XP_026299499.1	XP_001122546.4	29.787	47	33	0	848	894	611	657	0.032	26.2
XP_026299503.1	XP_001122546.4	33.333	27	18	0	24	50	321	347	0.042	23.1
XP_026299503.1	XP_016767396.2	33.333	27	18	0	24	50	321	347	0.043	23.1
XP_026299577.1	XP_016767396.2	30.357	56	28	1	2	57	89	133	0.027	24.6
XP_026299577.1	XP_001122546.4	30.357	56	28	1	2	57	89	133	0.029	24.6
XP_026299779.1	XP_001122546.4	41.667	24	14	0	201	224	362	385	0.033	23.9
XP_026299779.1	XP_016767396.2	41.667	24	14	0	201	224	362	385	0.033	23.9
XP_026300114.1	XP_001122546.4	25.217	115	65	4	75	174	408	516	0.041	24.6
XP_026300117.1	XP_001122546.4	25.217	115	65	4	75	174	408	516	0.041	24.6
XP_026300119.1	XP_001122546.4	25.217	115	65	4	75	174	408	516	0.041	24.6
XP_026300122.1	XP_001122546.4	25.217	115	65	4	75	174	408	516	0.036	24.6
XP_026300124.1	XP_001122546.4	25.217	115	65	4	75	174	408	516	0.039	24.6
XP_026300125.1	XP_001122546.4	25.217	115	65	4	75	174	408	516	0.036	24.6
XP_026300134.1	XP_001122546.4	26.000	100	58	3	90	174	418	516	0.044	24.3
XP_026300135.1	XP_001122546.4	26.000	100	58	3	90	174	418	516	0.047	24.3
XP_026300143.1	XP_001122546.4	26.000	100	58	3	90	174	418	516	0.044	24.3
XP_026300145.1	XP_001122546.4	25.217	115	65	4	75	174	408	516	0.045	24.3
XP_026300213.1	XP_001122571.3	35.714	28	18	0	22	49	261	288	0.008	23.5
XP_026300505.1	XP_001122546.4	20.725	193	139	6	1303	1486	482	669	0.004	30.4
XP_026300505.1	XP_016767396.2	20.603	199	140	7	1301	1486	496	689	0.017	28.5
XP_026300519.1	XP_001122546.4	40.000	30	9	1	49	78	9	29	0.035	24.3
XP_026300519.1	XP_016767396.2	40.000	30	9	1	49	78	9	29	0.036	24.3
XP_026300520.1	XP_001122546.4	40.000	30	9	1	49	78	9	29	0.035	24.3
XP_026300520.1	XP_016767396.2	40.000	30	9	1	49	78	9	29	0.036	24.3
XP_026300521.1	XP_001122546.4	40.000	30	9	1	49	78	9	29	0.031	24.3
XP_026300521.1	XP_016767396.2	40.000	30	9	1	49	78	9	29	0.031	24.3
XP_026300679.1	XP_001122546.4	27.160	81	50	1	2163	2234	360	440	0.029	27.7
XP_026300679.1	XP_016767396.2	27.160	81	50	1	2163	2234	360	440	0.029	27.7
XP_026300681.1	XP_016767396.2	25.444	169	107	7	642	798	516	677	0.034	26.2
XP_026300681.1	XP_001122546.4	25.444	169	107	7	642	798	496	657	0.039	26.2
XP_026300683.1	XP_016767396.2	25.444	169	107	7	639	795	516	677	0.032	26.2
XP_026300683.1	XP_001122546.4	25.444	169	107	7	639	795	496	657	0.039	26.2
XP_026300684.1	XP_016767396.2	25.444	169	107	7	642	798	516	677	0.034	26.2
XP_026300684.1	XP_001122546.4	25.444	169	107	7	642	798	496	657	0.042	25.8
XP_026300685.1	XP_016767396.2	25.444	169	107	7	635	791	516	677	0.033	26.2
XP_026300685.1	XP_001122546.4	25.444	169	107	7	635	791	496	657	0.040	25.8
XP_026300686.1	XP_016767396.2	25.444	169	107	7	631	787	516	677	0.034	26.2
XP_026300686.1	XP_001122546.4	25.444	169	107	7	631	787	496	657	0.040	25.8
XP_026300687.1	XP_016767396.2	25.444	169	107	7	642	798	516	677	0.034	26.2
XP_026300687.1	XP_001122546.4	25.444	169	107	7	642	798	496	657	0.039	26.2
XP_026300688.1	XP_016767396.2	25.444	169	107	7	624	780	516	677	0.034	26.2
XP_026300688.1	XP_001122546.4	25.444	169	107	7	624	780	496	657	0.038	26.2
XP_026300689.1	XP_016767396.2	25.444	169	107	7	642	798	516	677	0.034	26.2
XP_026300689.1	XP_001122546.4	25.444	169	107	7	642	798	496	657	0.036	26.2
XP_026300690.1	XP_016767396.2	25.444	169	107	7	642	798	516	677	0.033	26.2
XP_026300690.1	XP_001122546.4	25.444	169	107	7	642	798	496	657	0.039	25.8
XP_026300691.1	XP_016767396.2	25.444	169	107	7	642	798	516	677	0.034	26.2
XP_026300691.1	XP_001122546.4	25.444	169	107	7	642	798	496	657	0.039	25.8
XP_026300693.1	XP_016767396.2	25.444	169	107	7	632	788	516	677	0.032	26.2
XP_026300693.1	XP_001122546.4	25.444	169	107	7	632	788	496	657	0.038	25.8
XP_026300697.1	XP_016767396.2	28.261	46	33	0	57	102	128	173	0.036	24.6
XP_026300697.1	XP_001122546.4	28.261	46	33	0	57	102	128	173	0.038	24.6
XP_026300709.1	XP_001122546.4	39.474	38	18	2	5	40	467	501	0.030	23.5
XP_026300834.1	XP_001122546.4	22.973	74	47	2	758	831	77	140	0.022	27.7
XP_026300834.1	XP_016767396.2	23.288	73	46	2	759	831	78	140	0.025	27.7
XP_026300837.1	XP_001122546.4	22.973	74	47	2	755	828	77	140	0.023	27.7
XP_026300837.1	XP_016767396.2	23.288	73	46	2	756	828	78	140	0.025	27.7
XP_026300839.1	XP_001122546.4	22.973	74	47	2	747	820	77	140	0.022	27.7
XP_026300839.1	XP_016767396.2	23.288	73	46	2	748	820	78	140	0.023	27.7
XP_026300846.1	XP_001122546.4	22.973	74	47	2	648	721	77	140	0.020	28.1
XP_026300846.1	XP_016767396.2	23.288	73	46	2	649	721	78	140	0.023	27.7
XP_026301255.1	XP_001122546.4	30.667	75	36	2	309	379	57	119	0.046	26.6
XP_026301255.1	XP_016767396.2	30.667	75	36	2	309	379	57	119	0.047	26.2
XP_026301311.1	XP_001122571.3	44.444	18	10	0	10	27	6	23	0.031	22.7
XP_026301312.1	XP_001122571.3	44.444	18	10	0	10	27	6	23	0.024	22.7
XP_026301404.1	XP_001122546.4	26.667	60	44	0	55	114	262	321	0.028	22.3
XP_026301404.1	XP_016767396.2	26.667	60	44	0	55	114	262	321	0.028	22.3
XP_026301407.1	XP_026296025.1	50.000	22	10	1	26	47	173	193	0.027	22.7
XP_026301407.1	XP_026296028.1	50.000	22	10	1	26	47	161	181	0.029	22.7
XP_026301407.1	XP_026296027.1	50.000	22	10	1	26	47	161	181	0.029	22.7
XP_026301407.1	XP_026296026.1	50.000	22	10	1	26	47	161	181	0.029	22.7
XP_026301500.1	XP_001122571.3	33.333	48	27	1	328	375	17	59	0.008	26.6
XP_026301549.1	XP_026296025.1	25.000	72	48	2	192	258	149	219	0.034	25.0
XP_026301549.1	XP_026296028.1	25.000	72	48	2	192	258	137	207	0.040	24.6
XP_026301549.1	XP_026296027.1	25.000	72	48	2	192	258	137	207	0.040	24.6
XP_026301549.1	XP_026296026.1	25.000	72	48	2	192	258	137	207	0.040	24.6
XP_026301563.1	XP_016767396.2	29.787	94	53	3	1606	1691	238	326	0.027	27.7
XP_026301563.1	XP_001122546.4	29.787	94	53	3	1606	1691	238	326	0.027	27.7
XP_026301564.1	XP_016767396.2	29.787	94	53	3	1606	1691	238	326	0.027	27.7
XP_026301564.1	XP_001122546.4	29.787	94	53	3	1606	1691	238	326	0.027	27.7
XP_026301841.1	XP_016767396.2	31.818	22	15	0	233	254	298	319	0.049	23.5
XP_026301919.1	XP_016767396.2	32.000	100	57	5	1134	1227	589	683	0.034	26.9
XP_026301919.1	XP_001122546.4	32.000	100	57	5	1134	1227	569	663	0.034	26.9
XP_026302106.1	XP_026296028.1	38.095	42	25	1	394	435	105	145	0.037	24.6
XP_026302106.1	XP_026296027.1	38.095	42	25	1	394	435	105	145	0.037	24.6
XP_026302106.1	XP_026296026.1	38.095	42	25	1	394	435	105	145	0.037	24.6
XP_026302106.1	XP_026296025.1	38.095	42	25	1	394	435	117	157	0.044	24.6
XP_026302108.1	XP_026296028.1	38.095	42	25	1	355	396	105	145	0.036	24.6
XP_026302108.1	XP_026296027.1	38.095	42	25	1	355	396	105	145	0.036	24.6
XP_026302108.1	XP_026296026.1	38.095	42	25	1	355	396	105	145	0.036	24.6
XP_026302108.1	XP_026296025.1	38.095	42	25	1	355	396	117	157	0.042	24.6
XP_026302116.1	XP_026296028.1	38.095	42	25	1	324	365	105	145	0.034	24.6
XP_026302116.1	XP_026296027.1	38.095	42	25	1	324	365	105	145	0.034	24.6
XP_026302116.1	XP_026296026.1	38.095	42	25	1	324	365	105	145	0.034	24.6
XP_026302116.1	XP_026296025.1	38.095	42	25	1	324	365	117	157	0.040	24.6
XP_026302119.1	XP_001122546.4	32.353	68	34	2	271	330	469	532	0.017	25.4
XP_026302120.1	XP_001122546.4	32.353	68	34	2	271	330	469	532	0.028	25.0
XP_026302121.1	XP_001122546.4	32.353	68	34	2	271	330	469	532	0.023	25.0
XP_026302172.1	XP_026296028.1	38.462	26	16	0	432	457	179	204	0.027	25.4
XP_026302172.1	XP_026296027.1	38.462	26	16	0	432	457	179	204	0.027	25.4
XP_026302172.1	XP_026296026.1	38.462	26	16	0	432	457	179	204	0.027	25.4
XP_026302172.1	XP_026296025.1	38.462	26	16	0	432	457	191	216	0.033	25.0
XP_026302226.1	XP_016767396.2	25.000	140	80	5	403	536	113	233	0.002	32.0
XP_026302226.1	XP_001122546.4	25.000	140	80	5	403	536	113	233	0.002	32.0
XP_026302227.1	XP_016767396.2	25.000	140	80	5	403	536	113	233	0.002	32.0
XP_026302227.1	XP_001122546.4	25.000	140	80	5	403	536	113	233	0.002	31.6
XP_026302228.1	XP_016767396.2	25.000	140	80	5	403	536	113	233	0.002	32.0
XP_026302228.1	XP_001122546.4	25.000	140	80	5	403	536	113	233	0.002	31.6
XP_026302229.1	XP_016767396.2	25.000	140	80	5	403	536	113	233	0.002	32.0
XP_026302229.1	XP_001122546.4	25.000	140	80	5	403	536	113	233	0.002	31.6
XP_026302230.1	XP_016767396.2	25.000	140	80	5	403	536	113	233	0.002	32.0
XP_026302230.1	XP_001122546.4	25.000	140	80	5	403	536	113	233	0.002	31.6
XP_026302231.1	XP_016767396.2	25.000	140	80	5	403	536	113	233	0.002	32.0
XP_026302231.1	XP_001122546.4	25.000	140	80	5	403	536	113	233	0.002	32.0
XP_026302232.1	XP_016767396.2	25.000	140	80	5	403	536	113	233	0.002	32.0
XP_026302232.1	XP_001122546.4	25.000	140	80	5	403	536	113	233	0.002	31.6
XP_026302233.1	XP_016767396.2	25.000	140	80	5	403	536	113	233	0.002	31.6
XP_026302233.1	XP_001122546.4	25.000	140	80	5	403	536	113	233	0.002	31.2
XP_026302270.1	XP_001122546.4	25.095	263	152	11	265	494	333	583	0.006	28.1
XP_026302270.1	XP_016767396.2	30.851	94	52	3	412	494	512	603	0.011	26.9
XP_392230.1	XP_016767396.2	38.462	26	16	0	46	71	151	176	0.006	27.7
XP_392230.1	XP_001122546.4	38.462	26	16	0	46	71	151	176	0.006	27.7
XP_392388.5	XP_026296028.1	33.333	39	25	1	339	376	85	123	0.005	28.1
XP_392388.5	XP_026296027.1	33.333	39	25	1	339	376	85	123	0.005	28.1
XP_392388.5	XP_026296026.1	33.333	39	25	1	339	376	85	123	0.005	28.1
XP_392388.5	XP_026296025.1	33.333	39	25	1	339	376	97	135	0.006	28.1
XP_392795.3	XP_001122546.4	27.536	69	39	2	385	453	201	258	0.042	24.6
XP_392795.3	XP_016767396.2	27.536	69	39	2	385	453	201	258	0.044	24.6
XP_393289.4	XP_016767396.2	30.233	86	58	1	1074	1157	147	232	0.008	28.9
XP_393289.4	XP_001122546.4	30.233	86	58	1	1074	1157	147	232	0.010	28.5
XP_393699.3	XP_016767396.2	35.294	34	22	0	208	241	155	188	0.038	24.3
XP_393699.3	XP_001122546.4	35.294	34	22	0	208	241	155	188	0.040	24.3
XP_393726.2	XP_001122571.3	37.500	32	18	1	7	38	5	34	0.018	23.5
XP_394034.5	XP_016767396.2	39.130	46	25	2	695	739	397	440	0.016	27.3
XP_394034.5	XP_001122546.4	39.130	46	25	2	695	739	397	440	0.017	27.3
XP_394044.2	XP_016767396.2	25.974	77	47	3	545	618	482	551	0.034	25.8
XP_394687.3	XP_001122546.4	30.645	62	36	2	1	56	614	674	0.003	29.3
XP_394687.3	XP_016767396.2	30.645	62	36	2	1	56	634	694	0.004	29.3
XP_395034.3	XP_016767396.2	42.308	26	15	0	598	623	501	526	0.026	25.8
XP_395055.3	XP_016767396.2	23.711	97	65	3	153	246	604	694	0.004	27.3
XP_395055.3	XP_001122546.4	23.958	96	64	3	154	246	585	674	0.004	27.3
XP_395132.2	XP_001122571.3	42.857	28	14	1	116	143	322	347	0.018	23.9
XP_395256.3	XP_001122546.4	25.556	90	63	2	37	122	426	515	0.024	25.4
XP_396035.2	XP_016767396.2	40.741	27	16	0	155	181	511	537	0.026	25.4
XP_396035.2	XP_001122546.4	40.741	27	16	0	155	181	491	517	0.028	25.4
XP_396078.4	XP_001122571.3	29.412	34	24	0	787	820	307	340	0.040	26.2
XP_396658.3	XP_016767396.2	32.500	120	68	5	290	400	215	330	0.046	25.0
XP_396658.3	XP_001122546.4	32.500	120	68	5	290	400	215	330	0.050	25.0
XP_397003.5	XP_016767396.2	32.000	100	57	5	1134	1227	589	683	0.032	26.9
XP_397003.5	XP_001122546.4	32.000	100	57	5	1134	1227	569	663	0.040	26.9
XP_397092.3	XP_016767396.2	28.261	46	32	1	304	349	66	110	0.023	26.2
XP_397092.3	XP_001122546.4	28.261	46	32	1	304	349	66	110	0.023	25.8
XP_397101.4	XP_001122546.4	26.190	42	27	1	403	444	294	331	0.048	25.4
XP_397517.2	XP_001122546.4	24.731	93	57	2	183	262	618	710	0.029	25.4
XP_397517.2	XP_016767396.2	24.731	93	57	2	183	262	638	730	0.034	25.4
XP_623300.2	XP_016767396.2	28.571	63	40	2	72	129	665	727	0.040	24.6
XP_623300.2	XP_001122546.4	28.571	63	40	2	72	129	645	707	0.044	24.6
XP_623595.1	XP_001122546.4	22.794	136	76	6	306	428	28	147	0.017	26.2
XP_623595.1	XP_016767396.2	22.794	136	76	6	306	428	28	147	0.018	25.8
XP_623974.3	XP_016767396.2	30.769	117	57	7	98	214	501	593	0.008	27.7
XP_623974.3	XP_001122546.4	30.631	111	55	6	104	214	485	573	0.009	27.3
XP_623999.1	XP_001122546.4	18.919	37	30	0	64	100	352	388	0.016	24.3
XP_623999.1	XP_016767396.2	18.919	37	30	0	64	100	352	388	0.016	24.3
XP_624147.2	XP_016767396.2	45.455	33	14	2	21	50	121	152	0.014	23.1
XP_624147.2	XP_001122546.4	45.455	33	14	2	21	50	121	152	0.014	23.1
XP_624282.1	XP_001122546.4	23.810	42	32	0	139	180	612	653	0.026	23.5
XP_624282.1	XP_016767396.2	23.256	43	33	0	138	180	631	673	0.027	23.5
XP_624667.3	XP_016767396.2	30.097	103	65	3	246	348	567	662	0.002	28.9
XP_624667.3	XP_001122546.4	30.097	103	65	3	246	348	547	642	0.002	28.5
XP_624886.3	XP_016767396.2	25.150	167	106	5	500	651	28	190	0.003	29.6
XP_624886.3	XP_001122546.4	25.150	167	106	5	500	651	28	190	0.003	29.3
XP_624943.3	XP_001122571.3	43.478	23	13	0	60	82	300	322	0.049	22.7
XP_625063.2	XP_001122546.4	24.074	108	67	3	78	177	413	513	0.013	25.0
