XP_006607365.1	XP_016767396.2	27.273	121	74	3	427	536	198	315	0.009	27.3
XP_006607365.1	XP_001122546.4	27.273	121	74	3	427	536	198	315	0.010	27.3
XP_006607366.1	XP_016767396.2	27.273	121	74	3	427	536	198	315	0.009	27.3
XP_006607366.1	XP_001122546.4	27.273	121	74	3	427	536	198	315	0.010	27.3
XP_006607367.1	XP_016767396.2	27.273	121	74	3	393	502	198	315	0.007	27.7
XP_006607367.1	XP_001122546.4	27.273	121	74	3	393	502	198	315	0.007	27.7
XP_006607523.1	XP_016767396.2	25.000	104	58	4	180	271	236	331	0.042	25.0
XP_006607523.1	XP_001122546.4	25.000	104	58	4	180	271	236	331	0.043	25.0
XP_006607594.1	XP_016767396.2	30.851	94	52	2	58	145	531	617	0.010	26.2
XP_006607594.1	XP_001122546.4	33.898	59	33	1	58	110	511	569	0.011	26.2
XP_006607634.1	XP_026296025.1	52.381	21	10	0	201	221	101	121	0.044	24.3
XP_006607634.1	XP_026296028.1	52.381	21	10	0	201	221	89	109	0.045	23.9
XP_006607634.1	XP_026296027.1	52.381	21	10	0	201	221	89	109	0.045	23.9
XP_006607634.1	XP_026296026.1	52.381	21	10	0	201	221	89	109	0.045	23.9
XP_006607670.1	NP_001011607.1	46.154	13	7	0	67	79	57	69	0.019	23.1
XP_006607810.1	XP_016767396.2	28.571	42	30	0	875	916	517	558	0.021	26.9
XP_006607810.1	XP_001122546.4	26.415	53	39	0	864	916	486	538	0.022	26.6
XP_006608213.1	XP_016767396.2	19.481	77	47	1	13	74	300	376	0.028	24.3
XP_006608213.1	XP_001122546.4	19.481	77	47	1	13	74	300	376	0.028	24.3
XP_006608230.1	XP_016767396.2	30.667	75	36	2	309	379	57	119	0.047	26.6
XP_006608230.1	XP_001122546.4	30.667	75	36	2	309	379	57	119	0.049	26.2
XP_006608231.1	XP_016767396.2	30.667	75	36	2	309	379	57	119	0.046	26.6
XP_006608231.1	XP_001122546.4	30.667	75	36	2	309	379	57	119	0.048	26.2
XP_006608233.1	XP_016767396.2	30.667	75	36	2	309	379	57	119	0.048	26.2
XP_006608233.1	XP_001122546.4	30.667	75	36	2	309	379	57	119	0.049	26.2
XP_006609116.1	XP_001122546.4	35.135	37	24	0	301	337	303	339	0.041	26.6
XP_006609116.1	XP_016767396.2	35.135	37	24	0	301	337	303	339	0.045	26.6
XP_006609414.1	XP_026296025.1	50.000	22	10	1	26	47	173	193	0.007	24.3
XP_006609414.1	XP_026296028.1	50.000	22	10	1	26	47	161	181	0.008	24.3
XP_006609414.1	XP_026296027.1	50.000	22	10	1	26	47	161	181	0.008	24.3
XP_006609414.1	XP_026296026.1	50.000	22	10	1	26	47	161	181	0.008	24.3
XP_006609430.1	XP_016767396.2	27.737	137	75	6	34	152	449	579	0.020	25.0
XP_006609430.1	XP_001122546.4	27.481	131	63	5	34	152	449	559	0.020	24.6
XP_006609520.1	XP_016767396.2	21.260	127	81	3	181	300	10	124	0.015	27.3
XP_006609520.1	XP_001122546.4	21.260	127	81	3	181	300	10	124	0.017	26.9
XP_006609521.1	XP_016767396.2	21.260	127	81	3	113	232	10	124	0.013	27.3
XP_006609521.1	XP_001122546.4	21.260	127	81	3	113	232	10	124	0.015	26.9
XP_006609677.1	XP_026296025.1	41.667	24	14	0	76	99	162	185	0.004	25.0
XP_006609677.1	XP_026296028.1	41.667	24	14	0	76	99	150	173	0.004	24.6
XP_006609677.1	XP_026296027.1	41.667	24	14	0	76	99	150	173	0.004	24.6
XP_006609677.1	XP_026296026.1	41.667	24	14	0	76	99	150	173	0.004	24.6
XP_006609898.1	XP_026296028.1	33.962	53	33	1	756	808	65	115	0.039	25.8
XP_006609898.1	XP_026296027.1	33.962	53	33	1	756	808	65	115	0.039	25.8
XP_006609898.1	XP_026296026.1	33.962	53	33	1	756	808	65	115	0.039	25.8
XP_006609898.1	XP_026296025.1	33.962	53	33	1	756	808	77	127	0.043	25.4
XP_006610013.1	XP_016767396.2	28.947	38	26	1	462	499	280	316	0.050	24.6
XP_006610178.1	XP_001122546.4	25.556	90	63	2	37	122	426	515	0.024	25.4
XP_006610867.1	XP_016767396.2	29.412	51	36	0	317	367	365	415	0.045	24.6
XP_006610867.1	XP_001122546.4	29.412	51	36	0	317	367	365	415	0.050	24.3
XP_006610868.1	XP_016767396.2	29.412	51	36	0	317	367	365	415	0.045	24.6
XP_006610868.1	XP_001122546.4	29.412	51	36	0	317	367	365	415	0.050	24.3
XP_006611005.1	XP_016767396.2	25.444	169	107	7	639	795	516	677	0.033	26.2
XP_006611005.1	XP_001122546.4	25.444	169	107	7	639	795	496	657	0.039	26.2
XP_006611008.1	XP_016767396.2	25.444	169	107	7	632	788	516	677	0.031	26.2
XP_006611008.1	XP_001122546.4	25.444	169	107	7	632	788	496	657	0.038	26.2
XP_006611009.1	XP_016767396.2	25.444	169	107	7	631	787	516	677	0.031	26.2
XP_006611009.1	XP_001122546.4	25.444	169	107	7	631	787	496	657	0.038	26.2
XP_006611011.1	XP_016767396.2	25.444	169	107	7	624	780	516	677	0.036	26.2
XP_006611011.1	XP_001122546.4	25.444	169	107	7	624	780	496	657	0.038	26.2
XP_006611094.1	XP_016767396.2	34.211	38	21	1	44	77	143	180	0.029	22.3
XP_006611094.1	XP_016767396.2	31.250	32	22	0	49	80	78	109	0.040	21.9
XP_006611094.1	XP_001122546.4	34.211	38	21	1	44	77	143	180	0.034	22.3
XP_006611094.1	XP_001122546.4	31.250	32	22	0	49	80	78	109	0.043	21.9
XP_006611095.1	XP_016767396.2	34.211	38	21	1	44	77	143	180	0.029	22.3
XP_006611095.1	XP_016767396.2	31.250	32	22	0	49	80	78	109	0.040	21.9
XP_006611095.1	XP_001122546.4	34.211	38	21	1	44	77	143	180	0.034	22.3
XP_006611095.1	XP_001122546.4	31.250	32	22	0	49	80	78	109	0.043	21.9
XP_006611224.1	XP_016767396.2	31.250	64	39	1	415	473	51	114	0.007	28.5
XP_006611224.1	XP_001122546.4	31.250	64	39	1	415	473	51	114	0.009	28.1
XP_006611303.1	XP_001122571.3	33.333	48	27	1	328	375	17	59	0.008	26.6
XP_006611623.1	XP_016767396.2	42.308	26	15	0	598	623	501	526	0.026	25.8
XP_006611624.1	XP_016767396.2	42.308	26	15	0	562	587	501	526	0.026	25.8
XP_006611730.1	XP_001122546.4	35.000	20	13	0	103	122	703	722	0.045	23.5
XP_006611730.1	XP_016767396.2	35.000	20	13	0	103	122	723	742	0.048	23.5
XP_006611826.1	XP_001122546.4	95.244	757	35	1	1	757	1	756	0.0	1436
XP_006611826.1	XP_016767396.2	92.793	777	35	2	1	757	1	776	0.0	1423
XP_006611828.1	NP_001011607.1	91.429	70	6	0	1	70	1	70	1.80e-27	84.7
XP_006611958.1	XP_016767396.2	20.942	191	123	8	672	841	118	301	0.037	25.8
XP_006611958.1	XP_001122546.4	20.942	191	123	8	672	841	118	301	0.044	25.4
XP_006612012.1	XP_001122546.4	56.522	23	8	1	496	516	297	319	0.026	25.8
XP_006612012.1	XP_016767396.2	56.522	23	8	1	496	516	297	319	0.026	25.8
XP_006612423.1	XP_001122546.4	24.731	93	57	2	183	262	618	710	0.030	25.4
XP_006612423.1	XP_016767396.2	24.731	93	57	2	183	262	638	730	0.034	25.4
XP_006612424.1	XP_001122546.4	24.731	93	57	2	183	262	618	710	0.030	25.4
XP_006612424.1	XP_016767396.2	24.731	93	57	2	183	262	638	730	0.034	25.4
XP_006612425.1	XP_001122546.4	24.731	93	57	2	183	262	618	710	0.030	25.4
XP_006612425.1	XP_016767396.2	24.731	93	57	2	183	262	638	730	0.034	25.4
XP_006612426.1	XP_001122546.4	24.731	93	57	2	183	262	618	710	0.030	25.4
XP_006612426.1	XP_016767396.2	24.731	93	57	2	183	262	638	730	0.034	25.4
XP_006612427.1	XP_001122546.4	24.731	93	57	2	183	262	618	710	0.030	25.4
XP_006612427.1	XP_016767396.2	24.731	93	57	2	183	262	638	730	0.034	25.4
XP_006612463.1	XP_001122546.4	29.268	41	29	0	163	203	81	121	0.007	25.8
XP_006612463.1	XP_016767396.2	30.189	53	31	1	163	215	81	127	0.016	25.0
XP_006612496.1	XP_016767396.2	45.455	33	14	2	21	50	121	152	0.014	23.1
XP_006612496.1	XP_001122546.4	45.455	33	14	2	21	50	121	152	0.014	23.1
XP_006612596.2	XP_016767396.2	24.800	125	57	3	129	233	509	616	0.002	28.9
XP_006612596.2	XP_001122546.4	24.800	125	57	3	129	233	489	596	0.002	28.9
XP_006613207.1	XP_026296028.1	34.783	23	15	0	270	292	185	207	0.027	25.0
XP_006613207.1	XP_026296027.1	34.783	23	15	0	270	292	185	207	0.027	25.0
XP_006613207.1	XP_026296026.1	34.783	23	15	0	270	292	185	207	0.027	25.0
XP_006613207.1	XP_026296025.1	34.783	23	15	0	270	292	197	219	0.034	24.6
XP_006613381.1	XP_001122546.4	25.217	115	65	4	75	174	408	516	0.036	24.6
XP_006613382.1	XP_001122546.4	25.217	115	65	4	75	174	408	516	0.036	24.6
XP_006613652.1	XP_016767396.2	22.941	170	104	5	205	369	27	174	0.044	25.4
XP_006613652.1	XP_001122546.4	22.941	170	104	5	205	369	27	174	0.049	25.4
XP_006613653.1	XP_016767396.2	22.941	170	104	5	186	350	27	174	0.040	25.4
XP_006613653.1	XP_001122546.4	22.941	170	104	5	186	350	27	174	0.046	25.4
XP_006613654.1	XP_016767396.2	22.941	170	104	5	166	330	27	174	0.042	25.4
XP_006613654.1	XP_001122546.4	22.941	170	104	5	166	330	27	174	0.048	25.0
XP_006613655.1	XP_016767396.2	22.941	170	104	5	143	307	27	174	0.039	25.4
XP_006613655.1	XP_001122546.4	22.941	170	104	5	143	307	27	174	0.044	25.4
XP_006613656.1	XP_016767396.2	22.941	170	104	5	141	305	27	174	0.040	25.4
XP_006613656.1	XP_001122546.4	22.941	170	104	5	141	305	27	174	0.047	25.0
XP_006613784.1	XP_001122546.4	27.848	79	52	2	135	208	431	509	0.012	26.2
XP_006613804.1	XP_016767396.2	23.699	173	97	5	649	803	175	330	0.009	28.5
XP_006613804.1	XP_001122546.4	23.699	173	97	5	649	803	175	330	0.011	28.1
XP_006614056.1	XP_016767396.2	26.087	69	46	2	66	129	659	727	0.039	24.6
XP_006614056.1	XP_001122546.4	28.571	63	40	2	72	129	645	707	0.046	24.6
XP_006614057.1	XP_016767396.2	28.571	63	40	2	51	108	665	727	0.035	24.6
XP_006614057.1	XP_001122546.4	28.571	63	40	2	51	108	645	707	0.041	24.6
XP_006614103.1	XP_001122546.4	29.032	124	71	5	751	868	52	164	0.035	26.6
XP_006614103.1	XP_016767396.2	29.032	124	71	5	751	868	52	164	0.037	26.6
XP_006614214.1	XP_001122546.4	22.727	66	41	2	39	94	198	263	0.022	22.7
XP_006614214.1	XP_016767396.2	22.727	66	41	2	39	94	198	263	0.023	22.7
XP_006614390.1	XP_016767396.2	33.333	54	28	1	164	209	501	554	0.014	25.8
XP_006614611.1	XP_001122571.3	37.500	32	18	1	7	38	5	34	0.017	23.5
XP_006614986.1	XP_001122546.4	24.832	149	86	6	809	940	410	549	0.027	26.6
XP_006614987.1	XP_001122546.4	24.832	149	86	6	809	940	410	549	0.027	26.6
XP_006614988.1	XP_001122546.4	24.832	149	86	6	809	940	410	549	0.027	26.6
XP_006614989.1	XP_001122546.4	24.832	149	86	6	808	939	410	549	0.026	26.6
XP_006615318.1	XP_001122546.4	31.579	38	26	0	31	68	634	671	0.046	25.0
XP_006615426.2	XP_016767396.2	48.276	29	15	0	2032	2060	57	85	0.006	29.6
XP_006615426.2	XP_001122546.4	48.276	29	15	0	2032	2060	57	85	0.007	29.6
XP_006615562.1	XP_001122571.3	34.375	32	18	1	122	153	322	350	0.004	25.4
XP_006615586.1	XP_001122571.3	25.333	75	47	2	150	224	257	322	0.020	25.4
XP_006615587.1	XP_001122571.3	25.333	75	47	2	150	224	257	322	0.020	25.4
XP_006615588.1	XP_001122571.3	25.333	75	47	2	135	209	257	322	0.015	25.8
XP_006615589.1	XP_001122571.3	25.676	74	46	2	115	188	257	321	0.019	25.4
XP_006615837.1	XP_001122546.4	20.438	137	92	2	967	1102	65	185	0.043	26.2
XP_006615837.1	XP_016767396.2	20.438	137	92	2	967	1102	65	185	0.049	26.2
XP_006615838.1	XP_001122546.4	20.438	137	92	2	958	1093	65	185	0.046	26.2
XP_006615859.1	XP_001122546.4	40.000	50	25	2	133	177	553	602	0.033	24.6
XP_006615859.1	XP_016767396.2	40.000	50	25	2	133	177	573	622	0.034	24.6
XP_006615861.1	XP_001122546.4	40.000	50	25	2	133	177	553	602	0.038	24.3
XP_006615861.1	XP_016767396.2	40.000	50	25	2	133	177	573	622	0.038	24.3
XP_006615864.1	XP_016767396.2	40.000	50	25	2	133	177	573	622	0.031	24.6
XP_006615864.1	XP_001122546.4	40.000	50	25	2	133	177	553	602	0.032	24.6
XP_006616137.1	XP_026296028.1	35.714	42	26	1	410	451	105	145	0.045	24.6
XP_006616137.1	XP_026296027.1	35.714	42	26	1	410	451	105	145	0.045	24.6
XP_006616137.1	XP_026296026.1	35.714	42	26	1	410	451	105	145	0.045	24.6
XP_006616138.1	XP_026296028.1	35.714	42	26	1	370	411	105	145	0.047	24.3
XP_006616138.1	XP_026296027.1	35.714	42	26	1	370	411	105	145	0.047	24.3
XP_006616138.1	XP_026296026.1	35.714	42	26	1	370	411	105	145	0.047	24.3
XP_006616138.1	XP_026296025.1	35.714	42	26	1	370	411	117	157	0.050	24.3
XP_006616139.1	XP_026296028.1	35.714	42	26	1	340	381	105	145	0.039	24.6
XP_006616139.1	XP_026296027.1	35.714	42	26	1	340	381	105	145	0.039	24.6
XP_006616139.1	XP_026296026.1	35.714	42	26	1	340	381	105	145	0.039	24.6
XP_006616139.1	XP_026296025.1	35.714	42	26	1	340	381	117	157	0.043	24.3
XP_006616666.1	XP_001122571.3	32.353	34	23	0	787	820	307	340	0.027	26.9
XP_006616668.1	XP_001122571.3	32.353	34	23	0	787	820	307	340	0.026	26.9
XP_006616769.1	XP_016767396.2	25.150	167	106	5	500	651	28	190	0.002	29.6
XP_006616769.1	XP_001122546.4	25.150	167	106	5	500	651	28	190	0.003	29.3
XP_006616818.1	XP_001122571.3	30.508	59	41	0	84	142	291	349	4.85e-05	31.2
XP_006616818.1	XP_001122571.3	37.037	27	16	1	7	32	4	30	0.003	25.8
XP_006616868.1	XP_016767396.2	26.667	60	40	2	166	225	13	68	0.033	24.6
XP_006616868.1	XP_001122546.4	26.667	60	40	2	166	225	13	68	0.037	24.6
XP_006617045.1	XP_001122571.3	21.429	98	68	2	1	98	258	346	0.017	24.3
XP_006617376.1	XP_001122546.4	24.074	108	67	3	85	184	413	513	0.014	25.0
XP_006617377.1	XP_001122546.4	24.074	108	67	3	78	177	413	513	0.013	25.0
XP_006617557.2	XP_001122546.4	50.000	18	9	0	79	96	4	21	0.037	23.5
XP_006617557.2	XP_016767396.2	50.000	18	9	0	79	96	4	21	0.037	23.5
XP_006617890.2	XP_001122546.4	32.353	68	34	2	271	330	469	532	0.036	25.0
XP_006617892.1	XP_001122546.4	32.353	68	34	2	271	330	469	532	0.034	25.0
XP_006617896.1	XP_001122546.4	32.353	68	34	2	271	330	469	532	0.029	25.0
XP_006617897.1	XP_001122546.4	32.353	68	34	2	271	330	469	532	0.048	24.6
XP_006617899.1	XP_001122546.4	32.353	68	34	2	271	330	469	532	0.034	25.0
XP_006617901.1	XP_001122546.4	32.353	68	34	2	271	330	469	532	0.047	24.6
XP_006617902.1	XP_001122546.4	32.353	68	34	2	271	330	469	532	0.029	25.4
XP_006617904.1	XP_001122546.4	32.353	68	34	2	271	330	469	532	0.034	25.0
XP_006617905.1	XP_001122546.4	32.353	68	34	2	271	330	469	532	0.046	24.6
XP_006618014.1	XP_001122546.4	27.941	68	41	2	291	356	452	513	0.011	26.9
XP_006618014.1	XP_016767396.2	26.230	61	40	2	291	346	452	512	0.036	25.4
XP_006618047.1	XP_001122546.4	32.609	46	25	1	145	190	439	478	6.96e-04	28.5
XP_006618047.1	XP_016767396.2	32.609	46	25	1	145	190	439	478	6.98e-04	28.5
XP_006618109.1	XP_016767396.2	28.261	46	32	1	302	347	66	110	0.022	26.2
XP_006618109.1	XP_001122546.4	28.261	46	32	1	302	347	66	110	0.024	25.8
XP_006618149.1	XP_026296028.1	33.333	39	25	1	339	376	85	123	0.005	28.1
XP_006618149.1	XP_026296027.1	33.333	39	25	1	339	376	85	123	0.005	28.1
XP_006618149.1	XP_026296026.1	33.333	39	25	1	339	376	85	123	0.005	28.1
XP_006618149.1	XP_026296025.1	33.333	39	25	1	339	376	97	135	0.005	28.1
XP_006618266.1	XP_016767396.2	32.500	120	68	5	290	400	215	330	0.043	25.0
XP_006618266.1	XP_001122546.4	32.500	120	68	5	290	400	215	330	0.050	25.0
XP_006618267.1	XP_016767396.2	32.500	120	68	5	168	278	215	330	0.034	25.0
XP_006618267.1	XP_001122546.4	32.500	120	68	5	168	278	215	330	0.044	24.6
XP_006618375.1	XP_016767396.2	28.000	75	54	0	213	287	226	300	0.024	25.0
XP_006618375.1	XP_001122546.4	28.000	75	54	0	213	287	226	300	0.024	24.6
XP_006618735.1	XP_001122546.4	30.000	60	35	2	1	54	614	672	0.007	28.5
XP_006618735.1	XP_016767396.2	30.000	60	35	2	1	54	634	692	0.008	28.1
XP_006618736.1	XP_001122546.4	30.000	60	35	2	1	54	614	672	0.007	28.5
XP_006618736.1	XP_016767396.2	30.000	60	35	2	1	54	634	692	0.008	28.1
XP_006619416.1	XP_016767396.2	25.424	59	30	1	74	118	100	158	0.002	26.2
XP_006619416.1	XP_001122546.4	25.424	59	30	1	74	118	100	158	0.002	25.8
XP_006619725.1	XP_016767396.2	23.973	146	85	4	542	678	384	512	0.031	26.6
XP_006619825.1	XP_016767396.2	30.769	117	57	7	98	214	501	593	0.007	27.7
XP_006619825.1	XP_001122546.4	30.631	111	55	6	104	214	485	573	0.009	27.3
XP_006619826.1	XP_016767396.2	30.769	117	57	7	98	214	501	593	0.007	27.7
XP_006619826.1	XP_001122546.4	30.631	111	55	6	104	214	485	573	0.009	27.3
XP_006620420.2	XP_016767396.2	32.000	100	57	5	1132	1225	589	683	0.034	26.9
XP_006620420.2	XP_001122546.4	32.000	100	57	5	1132	1225	569	663	0.036	26.9
XP_006620634.1	XP_016767396.2	29.126	103	66	3	245	347	567	662	7.67e-04	30.0
XP_006620634.1	XP_001122546.4	29.126	103	66	3	245	347	547	642	8.11e-04	30.0
XP_006620679.1	XP_016767396.2	24.096	83	56	2	9	91	494	569	0.028	25.4
XP_006620680.1	XP_016767396.2	30.000	40	26	1	9	46	494	533	0.040	24.3
XP_006620689.1	XP_016767396.2	32.500	40	27	0	403	442	426	465	0.037	25.4
XP_006620689.1	XP_001122546.4	32.500	40	27	0	403	442	426	465	0.040	25.4
XP_006620761.1	XP_001122546.4	25.490	51	33	1	41	91	654	699	0.016	25.0
XP_006620761.1	XP_016767396.2	25.490	51	33	1	41	91	674	719	0.018	25.0
XP_006620797.1	XP_016767396.2	27.551	98	57	3	276	359	411	508	0.018	25.8
XP_006620853.1	XP_001122571.3	76.923	13	3	0	27	39	3	15	0.033	21.9
XP_006620899.1	XP_001122546.4	52.381	21	10	0	64	84	548	568	0.041	23.1
XP_006620899.1	XP_016767396.2	52.381	21	10	0	64	84	568	588	0.045	23.1
XP_006621008.1	XP_001122546.4	27.660	47	34	0	72	118	619	665	0.004	26.9
XP_006621008.1	XP_016767396.2	27.660	47	34	0	72	118	639	685	0.004	26.9
XP_006621111.1	XP_016767396.2	47.826	23	12	0	76	98	497	519	0.036	21.9
XP_006621143.1	XP_016767396.2	35.294	34	22	0	208	241	155	188	0.037	24.3
XP_006621143.1	XP_001122546.4	35.294	34	22	0	208	241	155	188	0.038	24.3
XP_006621284.1	XP_016767396.2	41.379	29	17	0	8	36	649	677	0.029	23.9
XP_006621284.1	XP_001122546.4	41.379	29	17	0	8	36	629	657	0.029	23.9
XP_006621454.1	XP_016767396.2	24.324	37	28	0	1023	1059	638	674	0.044	26.2
XP_006621454.1	XP_001122546.4	24.324	37	28	0	1023	1059	618	654	0.046	25.8
XP_006621765.1	XP_001122546.4	29.787	47	30	1	219	265	697	740	0.042	23.9
XP_006621765.1	XP_016767396.2	29.787	47	30	1	219	265	717	760	0.042	23.9
XP_006621831.1	XP_001122546.4	45.000	20	11	0	266	285	324	343	0.026	25.0
XP_006621831.1	XP_016767396.2	45.000	20	11	0	266	285	324	343	0.028	24.6
XP_006621832.1	XP_001122546.4	45.000	20	11	0	220	239	324	343	0.023	25.0
XP_006621832.1	XP_016767396.2	45.000	20	11	0	220	239	324	343	0.024	24.6
XP_006621874.1	XP_001122571.3	40.909	44	23	2	354	397	306	346	0.003	28.5
XP_006621967.1	XP_001122546.4	24.000	100	52	2	74	149	343	442	0.031	25.8
XP_006621967.1	XP_016767396.2	24.000	100	52	2	74	149	343	442	0.031	25.8
XP_006622114.1	XP_001122571.3	40.000	40	20	2	32	69	290	327	0.011	23.5
XP_006622266.1	XP_016767396.2	22.222	81	63	0	403	483	474	554	0.008	27.7
XP_006622268.1	XP_016767396.2	22.222	81	63	0	400	480	474	554	0.008	27.7
XP_006622269.1	XP_016767396.2	22.222	81	63	0	394	474	474	554	0.008	27.7
XP_006622270.1	XP_016767396.2	22.222	81	63	0	403	483	474	554	0.007	28.1
XP_006622965.1	XP_016767396.2	26.000	100	60	5	97	188	320	413	0.014	24.6
XP_006622965.1	XP_001122546.4	26.000	100	60	5	97	188	320	413	0.014	24.6
XP_006622966.1	XP_016767396.2	26.000	100	60	5	97	188	320	413	0.014	24.6
XP_006622966.1	XP_001122546.4	26.000	100	60	5	97	188	320	413	0.014	24.6
XP_006623116.1	XP_016767396.2	38.776	49	27	2	140	187	330	376	0.004	27.7
XP_006623116.1	XP_001122546.4	38.776	49	27	2	140	187	330	376	0.005	27.7
XP_006623176.1	XP_016767396.2	26.415	53	36	1	283	335	163	212	0.030	26.6
XP_006623176.1	XP_001122546.4	26.415	53	36	1	283	335	163	212	0.031	26.2
XP_006623283.1	XP_016767396.2	23.478	115	71	5	306	407	28	138	0.033	25.0
XP_006623283.1	XP_001122546.4	23.478	115	71	5	306	407	28	138	0.035	25.0
XP_006623311.1	XP_016767396.2	40.741	27	16	0	155	181	511	537	0.026	25.4
XP_006623311.1	XP_001122546.4	40.741	27	16	0	155	181	491	517	0.028	25.4
XP_006623456.2	XP_001122546.4	32.500	40	26	1	58	97	135	173	0.041	24.3
XP_006623456.2	XP_016767396.2	32.500	40	26	1	58	97	135	173	0.042	24.3
XP_006623498.1	XP_001122546.4	36.667	30	19	0	65	94	289	318	0.044	23.9
XP_006623498.1	XP_016767396.2	36.667	30	19	0	65	94	289	318	0.044	23.9
XP_006623499.1	XP_016767396.2	36.667	30	19	0	65	94	289	318	0.037	24.3
XP_006623499.1	XP_001122546.4	36.667	30	19	0	65	94	289	318	0.037	24.3
XP_006623580.1	XP_016767396.2	35.135	74	35	2	951	1015	55	124	0.034	26.9
XP_006623580.1	XP_001122546.4	35.135	74	35	2	951	1015	55	124	0.036	26.9
XP_006623660.1	XP_026296025.1	25.000	72	48	2	192	258	149	219	0.036	25.0
XP_006623660.1	XP_026296028.1	25.000	72	48	2	192	258	137	207	0.043	24.6
XP_006623660.1	XP_026296027.1	25.000	72	48	2	192	258	137	207	0.043	24.6
XP_006623660.1	XP_026296026.1	25.000	72	48	2	192	258	137	207	0.043	24.6
XP_006623662.1	XP_026296025.1	25.000	72	48	2	123	189	149	219	0.034	24.6
XP_006623662.1	XP_026296028.1	25.000	72	48	2	123	189	137	207	0.041	24.6
XP_006623662.1	XP_026296027.1	25.000	72	48	2	123	189	137	207	0.041	24.6
XP_006623662.1	XP_026296026.1	25.000	72	48	2	123	189	137	207	0.041	24.6
XP_006623876.1	XP_016767396.2	27.459	244	150	7	1508	1730	50	287	6.58e-04	32.7
XP_006623876.1	XP_001122546.4	33.871	124	75	2	1508	1628	50	169	8.45e-04	32.3
XP_006623878.1	XP_016767396.2	27.490	251	154	8	1495	1724	50	293	6.53e-04	32.7
XP_006623878.1	XP_001122546.4	33.871	124	75	2	1495	1615	50	169	7.84e-04	32.3
XP_006623880.1	XP_016767396.2	27.490	251	154	8	1487	1716	50	293	6.96e-04	32.7
XP_006623880.1	XP_001122546.4	33.871	124	75	2	1487	1607	50	169	8.21e-04	32.3
XP_006624140.1	XP_001122546.4	37.500	40	22	1	171	210	676	712	0.011	25.0
XP_006624140.1	XP_016767396.2	37.500	40	22	1	171	210	696	732	0.011	25.0
XP_006624150.1	XP_016767396.2	25.974	77	47	3	545	618	482	551	0.034	25.8
XP_006624151.1	XP_016767396.2	25.974	77	47	3	545	618	482	551	0.034	25.8
XP_006624168.1	XP_001122571.3	34.375	32	21	0	3	34	315	346	0.043	21.6
XP_006624267.1	XP_016767396.2	28.205	78	51	1	207	284	136	208	0.002	28.9
XP_006624267.1	XP_001122546.4	28.205	78	51	1	207	284	136	208	0.002	28.9
XP_006624268.1	XP_016767396.2	28.205	78	51	1	207	284	136	208	0.001	29.3
XP_006624268.1	XP_001122546.4	28.205	78	51	1	207	284	136	208	0.002	28.9
XP_006624560.1	XP_001122546.4	31.707	41	26	1	272	310	477	517	0.032	25.0
XP_006624561.1	XP_001122546.4	31.707	41	26	1	272	310	477	517	0.032	25.0
XP_006624562.1	XP_001122546.4	31.707	41	26	1	272	310	477	517	0.032	25.0
XP_006624563.1	XP_016767396.2	25.263	95	53	4	285	372	609	692	0.031	25.0
XP_006624563.1	XP_001122546.4	31.707	41	26	1	272	310	477	517	0.031	25.0
XP_006624563.1	XP_001122546.4	25.263	95	53	4	285	372	589	672	0.033	25.0
XP_006624874.1	XP_016767396.2	23.711	97	65	3	153	246	604	694	0.004	27.3
XP_006624874.1	XP_001122546.4	23.958	96	64	3	154	246	585	674	0.004	27.3
XP_006624875.1	XP_016767396.2	23.958	96	64	3	148	240	605	694	0.003	27.3
XP_006624875.1	XP_001122546.4	23.958	96	64	3	148	240	585	674	0.004	27.3
XP_031363967.1	XP_001122546.4	26.582	158	81	3	2648	2799	80	208	0.014	29.3
XP_031363967.1	XP_016767396.2	26.582	158	81	3	2648	2799	80	208	0.014	29.3
XP_031364154.1	XP_016767396.2	25.444	169	107	7	639	795	516	677	0.032	26.2
XP_031364154.1	XP_001122546.4	25.444	169	107	7	639	795	496	657	0.040	26.2
XP_031364155.1	XP_016767396.2	25.444	169	107	7	639	795	516	677	0.030	26.6
XP_031364155.1	XP_001122546.4	25.444	169	107	7	639	795	496	657	0.042	25.8
XP_031364156.1	XP_016767396.2	25.444	169	107	7	639	795	516	677	0.035	26.2
XP_031364156.1	XP_001122546.4	25.444	169	107	7	639	795	496	657	0.037	26.2
XP_031364157.1	XP_016767396.2	25.444	169	107	7	639	795	516	677	0.034	26.2
XP_031364157.1	XP_001122546.4	25.444	169	107	7	639	795	496	657	0.041	25.8
XP_031364158.1	XP_016767396.2	25.444	169	107	7	639	795	516	677	0.034	26.2
XP_031364158.1	XP_001122546.4	25.444	169	107	7	639	795	496	657	0.037	26.2
XP_031364159.1	XP_016767396.2	25.444	169	107	7	632	788	516	677	0.034	26.2
XP_031364159.1	XP_001122546.4	25.444	169	107	7	632	788	496	657	0.039	25.8
XP_031364231.1	XP_016767396.2	47.826	23	12	0	76	98	497	519	0.036	21.9
XP_031364305.1	XP_001122546.4	38.889	36	22	0	1222	1257	484	519	0.003	30.0
XP_031364305.1	XP_016767396.2	40.625	32	19	0	1226	1257	508	539	0.007	28.9
XP_031364416.1	XP_016767396.2	42.308	26	15	0	598	623	501	526	0.026	25.8
XP_031364460.1	XP_001122571.3	67.708	96	30	1	130	225	257	351	4.78e-45	144
XP_031364460.1	XP_001122571.3	62.069	58	22	0	1	58	1	58	2.27e-21	80.5
XP_031364502.1	XP_026296025.1	100.000	270	0	0	1	270	13	282	0.0	558
XP_031364502.1	XP_026296028.1	100.000	270	0	0	1	270	1	270	0.0	557
XP_031364502.1	XP_026296027.1	100.000	270	0	0	1	270	1	270	0.0	557
XP_031364502.1	XP_026296026.1	100.000	270	0	0	1	270	1	270	0.0	557
XP_031364503.1	XP_026296025.1	100.000	270	0	0	1	270	13	282	0.0	558
XP_031364503.1	XP_026296028.1	100.000	270	0	0	1	270	1	270	0.0	557
XP_031364503.1	XP_026296027.1	100.000	270	0	0	1	270	1	270	0.0	557
XP_031364503.1	XP_026296026.1	100.000	270	0	0	1	270	1	270	0.0	557
XP_031364504.1	XP_026296025.1	100.000	270	0	0	1	270	13	282	0.0	558
XP_031364504.1	XP_026296028.1	100.000	270	0	0	1	270	1	270	0.0	557
XP_031364504.1	XP_026296027.1	100.000	270	0	0	1	270	1	270	0.0	557
XP_031364504.1	XP_026296026.1	100.000	270	0	0	1	270	1	270	0.0	557
XP_031364505.1	XP_026296025.1	100.000	270	0	0	1	270	13	282	0.0	558
XP_031364505.1	XP_026296028.1	100.000	270	0	0	1	270	1	270	0.0	557
XP_031364505.1	XP_026296027.1	100.000	270	0	0	1	270	1	270	0.0	557
XP_031364505.1	XP_026296026.1	100.000	270	0	0	1	270	1	270	0.0	557
XP_031364680.1	XP_001122546.4	27.273	66	38	3	125	183	507	569	0.009	27.3
XP_031364680.1	XP_016767396.2	27.273	66	38	3	125	183	527	589	0.009	27.3
XP_031364747.1	XP_001122546.4	24.731	93	57	2	183	262	618	710	0.030	25.4
XP_031364747.1	XP_016767396.2	24.731	93	57	2	183	262	638	730	0.034	25.4
XP_031364846.1	XP_001122546.4	24.675	154	94	5	485	630	401	540	0.011	27.3
XP_031364933.1	XP_016767396.2	19.545	220	176	1	731	949	205	424	0.012	28.5
XP_031364933.1	XP_001122546.4	19.545	220	176	1	731	949	205	424	0.013	28.5
XP_031364934.1	XP_016767396.2	19.545	220	176	1	665	883	205	424	0.018	28.1
XP_031364934.1	XP_001122546.4	19.545	220	176	1	665	883	205	424	0.018	28.1
XP_031365168.1	XP_016767396.2	30.000	30	21	0	113	142	699	728	0.040	22.7
XP_031365168.1	XP_001122546.4	30.000	30	21	0	113	142	679	708	0.042	22.7
XP_031365214.1	XP_001122546.4	25.217	115	65	4	75	174	408	516	0.036	24.6
XP_031365215.1	XP_001122546.4	25.217	115	65	4	75	174	408	516	0.037	24.6
XP_031365216.1	XP_001122546.4	25.217	115	65	4	75	174	408	516	0.041	24.6
XP_031365217.1	XP_001122546.4	25.217	115	65	4	75	174	408	516	0.035	24.6
XP_031365218.1	XP_001122546.4	25.217	115	65	4	75	174	408	516	0.032	24.6
XP_031365219.1	XP_001122546.4	26.000	100	58	3	90	174	418	516	0.044	24.3
XP_031365221.1	XP_001122546.4	26.000	100	58	3	90	174	418	516	0.047	24.3
XP_031365222.1	XP_001122546.4	26.000	100	58	3	90	174	418	516	0.049	24.3
XP_031365223.1	XP_001122546.4	26.000	100	58	3	90	174	418	516	0.044	24.3
XP_031365224.1	XP_001122546.4	26.000	100	58	3	90	174	418	516	0.048	24.3
XP_031365225.1	XP_001122546.4	26.000	100	58	3	90	174	418	516	0.045	24.3
XP_031365342.1	XP_016767396.2	22.941	170	104	5	194	358	27	174	0.042	25.4
XP_031365342.1	XP_001122546.4	22.941	170	104	5	194	358	27	174	0.044	25.4
XP_031365343.1	XP_016767396.2	22.941	170	104	5	187	351	27	174	0.048	25.0
XP_031365343.1	XP_001122546.4	22.941	170	104	5	187	351	27	174	0.048	25.0
XP_031365372.1	XP_016767396.2	28.571	42	30	0	875	916	517	558	0.021	26.9
XP_031365372.1	XP_001122546.4	26.415	53	39	0	864	916	486	538	0.022	26.6
XP_031365420.1	XP_001122546.4	27.848	79	52	2	135	208	431	509	0.012	26.2
XP_031365502.1	XP_001122546.4	30.000	40	28	0	114	153	586	625	0.021	26.2
XP_031365502.1	XP_016767396.2	30.000	40	28	0	114	153	606	645	0.024	26.2
XP_031365684.1	XP_001122546.4	25.095	263	152	11	267	496	333	583	0.007	27.7
XP_031365684.1	XP_016767396.2	30.851	94	52	3	414	496	512	603	0.013	26.9
XP_031365721.1	XP_016767396.2	34.000	50	33	0	155	204	428	477	0.008	26.2
XP_031365721.1	XP_001122546.4	34.000	50	33	0	155	204	428	477	0.010	26.2
XP_031365942.1	XP_001122546.4	24.832	149	86	6	809	940	410	549	0.027	26.6
XP_031365943.1	XP_001122546.4	24.832	149	86	6	809	940	410	549	0.027	26.6
XP_031365944.1	XP_001122546.4	24.832	149	86	6	809	940	410	549	0.027	26.6
XP_031365945.1	XP_001122546.4	24.832	149	86	6	809	940	410	549	0.027	26.6
XP_031365946.1	XP_001122546.4	24.832	149	86	6	809	940	410	549	0.027	26.6
XP_031365947.1	XP_001122546.4	24.832	149	86	6	809	940	410	549	0.027	26.6
XP_031365948.1	XP_001122546.4	24.832	149	86	6	809	940	410	549	0.027	26.6
XP_031365949.1	XP_001122546.4	24.832	149	86	6	809	940	410	549	0.027	26.6
XP_031365950.1	XP_001122546.4	24.832	149	86	6	663	794	410	549	0.023	26.6
XP_031366063.1	XP_016767396.2	39.286	28	14	1	108	132	141	168	0.013	25.4
XP_031366063.1	XP_001122546.4	39.286	28	14	1	108	132	141	168	0.014	25.4
XP_031366065.1	XP_016767396.2	38.462	26	16	0	54	79	151	176	0.006	27.7
XP_031366065.1	XP_001122546.4	38.462	26	16	0	54	79	151	176	0.006	27.7
XP_031366173.1	XP_016767396.2	40.625	32	19	0	44	75	2	33	0.016	25.4
XP_031366173.1	XP_001122546.4	40.625	32	19	0	44	75	2	33	0.016	25.4
XP_031366186.1	XP_016767396.2	48.276	29	15	0	2265	2293	57	85	0.007	29.6
XP_031366186.1	XP_001122546.4	48.276	29	15	0	2265	2293	57	85	0.007	29.6
XP_031366187.1	XP_016767396.2	48.276	29	15	0	2032	2060	57	85	0.006	29.6
XP_031366187.1	XP_001122546.4	48.276	29	15	0	2032	2060	57	85	0.007	29.6
XP_031366267.1	XP_001122571.3	25.333	75	47	2	72	146	257	322	0.013	25.8
XP_031366337.1	XP_026296028.1	38.462	26	16	0	433	458	179	204	0.030	25.4
XP_031366337.1	XP_026296027.1	38.462	26	16	0	433	458	179	204	0.030	25.4
XP_031366337.1	XP_026296026.1	38.462	26	16	0	433	458	179	204	0.030	25.4
XP_031366337.1	XP_026296025.1	38.462	26	16	0	433	458	191	216	0.037	25.0
XP_031366439.1	XP_001122546.4	30.769	52	34	2	3	53	671	721	0.036	21.9
XP_031366439.1	XP_016767396.2	30.769	52	34	2	3	53	691	741	0.038	21.9
XP_031366773.1	XP_016767396.2	25.150	167	106	5	375	526	28	190	0.002	29.6
XP_031366773.1	XP_001122546.4	25.150	167	106	5	375	526	28	190	0.002	29.6
XP_031366816.1	XP_001122571.3	32.353	34	23	0	750	783	307	340	0.026	26.9
XP_031366817.1	XP_001122571.3	32.353	34	23	0	787	820	307	340	0.028	26.6
XP_031366964.1	XP_016767396.2	25.000	52	39	0	303	354	248	299	0.003	28.1
XP_031366964.1	XP_001122546.4	25.000	52	39	0	303	354	248	299	0.003	28.1
XP_031366965.1	XP_001122546.4	27.273	121	74	3	337	446	198	315	0.009	26.9
XP_031366965.1	XP_016767396.2	27.273	121	74	3	337	446	198	315	0.011	26.9
XP_031367391.1	XP_001122546.4	32.353	68	34	2	271	330	469	532	0.040	25.0
XP_031367394.1	XP_001122546.4	32.353	68	34	2	271	330	469	532	0.038	25.0
XP_031367395.1	XP_001122546.4	32.353	68	34	2	271	330	469	532	0.034	25.0
XP_031367396.1	XP_001122546.4	32.353	68	34	2	271	330	469	532	0.034	25.0
XP_031367398.1	XP_001122546.4	32.353	68	34	2	271	330	469	532	0.042	24.6
XP_031367399.1	XP_001122546.4	32.353	68	34	2	271	330	469	532	0.040	24.6
XP_031367531.1	XP_026296028.1	33.333	39	25	1	339	376	85	123	0.005	28.1
XP_031367531.1	XP_026296027.1	33.333	39	25	1	339	376	85	123	0.005	28.1
XP_031367531.1	XP_026296026.1	33.333	39	25	1	339	376	85	123	0.005	28.1
XP_031367531.1	XP_026296025.1	33.333	39	25	1	339	376	97	135	0.006	28.1
XP_031367532.1	XP_026296028.1	33.333	39	25	1	339	376	85	123	0.005	28.1
XP_031367532.1	XP_026296027.1	33.333	39	25	1	339	376	85	123	0.005	28.1
XP_031367532.1	XP_026296026.1	33.333	39	25	1	339	376	85	123	0.005	28.1
XP_031367532.1	XP_026296025.1	33.333	39	25	1	339	376	97	135	0.006	27.7
XP_031367533.1	XP_026296028.1	33.333	39	25	1	295	332	85	123	0.005	28.1
XP_031367533.1	XP_026296027.1	33.333	39	25	1	295	332	85	123	0.005	28.1
XP_031367533.1	XP_026296026.1	33.333	39	25	1	295	332	85	123	0.005	28.1
XP_031367533.1	XP_026296025.1	33.333	39	25	1	295	332	97	135	0.006	28.1
XP_031367535.1	XP_026296028.1	33.333	39	25	1	239	276	85	123	0.004	28.1
XP_031367535.1	XP_026296027.1	33.333	39	25	1	239	276	85	123	0.004	28.1
XP_031367535.1	XP_026296026.1	33.333	39	25	1	239	276	85	123	0.004	28.1
XP_031367535.1	XP_026296025.1	33.333	39	25	1	239	276	97	135	0.005	28.1
XP_031367806.1	XP_001122546.4	30.000	60	35	2	1	54	614	672	0.007	28.5
XP_031367806.1	XP_016767396.2	30.000	60	35	2	1	54	634	692	0.008	28.1
XP_031367807.1	XP_001122546.4	30.000	60	35	2	1	54	614	672	0.007	28.1
XP_031367807.1	XP_016767396.2	30.000	60	35	2	1	54	634	692	0.007	28.1
XP_031367847.1	XP_001122546.4	56.250	16	7	0	10	25	504	519	0.025	21.6
XP_031367847.1	XP_016767396.2	56.250	16	7	0	10	25	524	539	0.026	21.6
XP_031367848.1	XP_001122546.4	56.250	16	7	0	10	25	504	519	0.025	21.6
XP_031367848.1	XP_016767396.2	56.250	16	7	0	10	25	524	539	0.026	21.6
XP_031367849.1	XP_001122546.4	56.250	16	7	0	10	25	504	519	0.025	21.6
XP_031367849.1	XP_016767396.2	56.250	16	7	0	10	25	524	539	0.026	21.6
XP_031367850.1	XP_001122546.4	56.250	16	7	0	10	25	504	519	0.025	21.6
XP_031367850.1	XP_016767396.2	56.250	16	7	0	10	25	524	539	0.026	21.6
XP_031367892.1	XP_016767396.2	24.645	211	129	14	1958	2160	495	683	0.001	33.1
XP_031367892.1	XP_001122546.4	26.596	188	109	13	1981	2160	497	663	0.002	32.3
XP_031368300.1	XP_016767396.2	30.769	117	57	7	98	214	501	593	0.008	27.3
XP_031368300.1	XP_001122546.4	30.631	111	55	6	104	214	485	573	0.012	26.9
XP_031368451.1	XP_016767396.2	31.169	77	51	1	1089	1163	156	232	0.022	27.7
XP_031368451.1	XP_001122546.4	31.169	77	51	1	1089	1163	156	232	0.028	27.3
XP_031368456.1	XP_016767396.2	30.233	86	58	1	1076	1159	147	232	0.008	28.9
XP_031368456.1	XP_001122546.4	30.233	86	58	1	1076	1159	147	232	0.010	28.9
XP_031368461.1	XP_016767396.2	31.169	77	51	1	1063	1137	156	232	0.025	27.3
XP_031368461.1	XP_001122546.4	31.169	77	51	1	1063	1137	156	232	0.030	26.9
XP_031368730.1	XP_016767396.2	32.500	40	27	0	402	441	426	465	0.038	25.4
XP_031368730.1	XP_001122546.4	32.500	40	27	0	402	441	426	465	0.040	25.4
XP_031368761.1	XP_001122546.4	25.490	51	33	1	41	91	654	699	0.016	25.0
XP_031368761.1	XP_016767396.2	25.490	51	33	1	41	91	674	719	0.018	25.0
XP_031369152.1	XP_016767396.2	24.324	37	28	0	1030	1066	638	674	0.042	26.2
XP_031369152.1	XP_001122546.4	24.324	37	28	0	1030	1066	618	654	0.044	25.8
XP_031369153.1	XP_016767396.2	24.324	37	28	0	1028	1064	638	674	0.043	26.2
XP_031369153.1	XP_001122546.4	24.324	37	28	0	1028	1064	618	654	0.043	26.2
XP_031369154.1	XP_016767396.2	24.324	37	28	0	1021	1057	638	674	0.042	26.2
XP_031369154.1	XP_001122546.4	24.324	37	28	0	1021	1057	618	654	0.045	25.8
XP_031369390.1	XP_001122571.3	40.000	40	20	2	32	69	290	327	0.011	23.5
XP_031369434.1	XP_016767396.2	22.222	81	63	0	403	483	474	554	0.008	27.7
XP_031369435.1	XP_016767396.2	22.222	81	63	0	401	481	474	554	0.008	27.7
XP_031369696.1	XP_001122546.4	23.810	42	32	0	139	180	612	653	0.026	23.9
XP_031369696.1	XP_016767396.2	23.256	43	33	0	138	180	631	673	0.026	23.5
XP_031369732.1	XP_001122546.4	26.000	100	60	5	118	209	320	413	0.006	25.8
XP_031369732.1	XP_016767396.2	26.000	100	60	5	118	209	320	413	0.006	25.8
XP_031369733.1	XP_001122546.4	26.582	79	45	4	118	188	320	393	0.019	24.3
XP_031369733.1	XP_016767396.2	26.582	79	45	4	118	188	320	393	0.019	24.3
XP_031369734.1	XP_001122546.4	26.582	79	45	4	118	188	320	393	0.019	24.3
XP_031369734.1	XP_016767396.2	26.582	79	45	4	118	188	320	393	0.019	24.3
XP_031369735.1	XP_001122546.4	26.582	79	45	4	118	188	320	393	0.019	24.3
XP_031369735.1	XP_016767396.2	26.582	79	45	4	118	188	320	393	0.019	24.3
XP_031369736.1	XP_001122546.4	26.582	79	45	4	97	167	320	393	0.038	23.5
XP_031369736.1	XP_016767396.2	26.582	79	45	4	97	167	320	393	0.039	23.1
XP_031369737.1	XP_001122546.4	26.582	79	45	4	97	167	320	393	0.038	23.5
XP_031369737.1	XP_016767396.2	26.582	79	45	4	97	167	320	393	0.039	23.1
XP_031369738.1	XP_001122546.4	26.582	79	45	4	97	167	320	393	0.038	23.5
XP_031369738.1	XP_016767396.2	26.582	79	45	4	97	167	320	393	0.039	23.1
XP_031369739.1	XP_001122546.4	26.582	79	45	4	97	167	320	393	0.038	23.5
XP_031369739.1	XP_016767396.2	26.582	79	45	4	97	167	320	393	0.039	23.1
XP_031369740.1	XP_001122546.4	26.582	79	45	4	97	167	320	393	0.038	23.5
XP_031369740.1	XP_016767396.2	26.582	79	45	4	97	167	320	393	0.039	23.1
XP_031369837.1	XP_016767396.2	26.415	53	36	1	283	335	163	212	0.030	26.6
XP_031369837.1	XP_001122546.4	26.415	53	36	1	283	335	163	212	0.031	26.2
XP_031369875.1	XP_001122546.4	36.508	63	34	2	110	169	499	558	0.033	24.6
XP_031369875.1	XP_016767396.2	36.508	63	34	2	110	169	519	578	0.033	24.6
XP_031370003.1	XP_016767396.2	35.135	74	35	2	955	1019	55	124	0.035	26.9
XP_031370003.1	XP_001122546.4	35.135	74	35	2	955	1019	55	124	0.037	26.9
XP_031370004.1	XP_016767396.2	35.135	74	35	2	955	1019	55	124	0.035	26.9
XP_031370004.1	XP_001122546.4	35.135	74	35	2	955	1019	55	124	0.038	26.6
XP_031370005.1	XP_016767396.2	35.135	74	35	2	955	1019	55	124	0.030	26.9
XP_031370005.1	XP_001122546.4	35.135	74	35	2	955	1019	55	124	0.035	26.9
XP_031370059.1	XP_001122546.4	38.710	31	19	0	386	416	643	673	0.029	25.4
XP_031370059.1	XP_016767396.2	38.710	31	19	0	386	416	663	693	0.030	25.4
XP_031370060.1	XP_016767396.2	38.710	31	19	0	386	416	663	693	0.028	25.4
XP_031370060.1	XP_001122546.4	38.710	31	19	0	386	416	643	673	0.029	25.4
XP_031370061.1	XP_001122546.4	38.710	31	19	0	348	378	643	673	0.025	25.8
XP_031370061.1	XP_016767396.2	38.710	31	19	0	348	378	663	693	0.026	25.4
XP_031370102.1	XP_001122571.3	27.778	36	26	0	13	48	25	60	0.020	22.7
XP_031370140.1	XP_016767396.2	33.871	124	75	2	1505	1625	50	169	7.33e-04	32.7
XP_031370140.1	XP_001122546.4	33.871	124	75	2	1505	1625	50	169	8.08e-04	32.3
XP_031370141.1	XP_016767396.2	33.871	124	75	2	1508	1628	50	169	6.85e-04	32.7
XP_031370141.1	XP_001122546.4	33.871	124	75	2	1508	1628	50	169	8.58e-04	32.3
XP_031370142.1	XP_016767396.2	33.871	124	75	2	1508	1628	50	169	7.05e-04	32.7
XP_031370142.1	XP_001122546.4	33.871	124	75	2	1508	1628	50	169	8.38e-04	32.3
XP_031370312.1	XP_016767396.2	28.205	78	51	1	207	284	136	208	0.001	29.3
XP_031370312.1	XP_001122546.4	28.205	78	51	1	207	284	136	208	0.001	29.3
XP_031370314.1	XP_016767396.2	28.333	60	39	2	1088	1143	109	168	0.040	26.9
XP_031370314.1	XP_016767396.2	25.410	122	75	5	1154	1268	58	170	0.045	26.9
XP_031370314.1	XP_001122546.4	28.333	60	39	2	1088	1143	109	168	0.049	26.6
XP_031370384.1	XP_016767396.2	33.333	33	22	0	75	107	347	379	0.049	23.5
XP_031370385.1	XP_001122546.4	33.333	33	22	0	45	77	347	379	0.044	23.1
XP_031370385.1	XP_016767396.2	33.333	33	22	0	45	77	347	379	0.044	23.1
XP_031370452.1	XP_001122546.4	31.707	41	26	1	272	310	477	517	0.032	25.0
XP_031370453.1	XP_001122546.4	31.707	41	26	1	272	310	477	517	0.032	25.0
XP_031370454.1	XP_001122546.4	31.707	41	26	1	272	310	477	517	0.032	25.0
XP_031370528.1	XP_016767396.2	30.952	84	54	2	440	523	509	588	2.32e-04	32.7
XP_031370528.1	XP_001122546.4	30.952	84	54	2	440	523	489	568	2.35e-04	32.7
XP_031370729.1	XP_001122546.4	28.169	71	36	3	92	147	447	517	0.037	25.4
XP_031370981.1	XP_016767396.2	21.260	127	81	3	186	305	10	124	0.016	26.9
XP_031370981.1	XP_001122546.4	21.260	127	81	3	186	305	10	124	0.017	26.9
XP_031371070.1	XP_026296025.1	41.667	24	14	0	55	78	162	185	0.002	25.4
XP_031371070.1	XP_026296028.1	41.667	24	14	0	55	78	150	173	0.002	25.0
XP_031371070.1	XP_026296027.1	41.667	24	14	0	55	78	150	173	0.002	25.0
XP_031371070.1	XP_026296026.1	41.667	24	14	0	55	78	150	173	0.002	25.0
XP_031371094.1	XP_016767396.2	30.263	76	50	2	596	671	606	678	0.011	28.5
XP_031371094.1	XP_001122546.4	30.263	76	50	2	596	671	586	658	0.012	28.5
XP_031371161.1	XP_001122571.3	35.088	57	34	2	529	583	1	56	0.003	29.6
XP_031371171.1	XP_026296028.1	33.962	53	33	1	756	808	65	115	0.039	25.8
XP_031371171.1	XP_026296027.1	33.962	53	33	1	756	808	65	115	0.039	25.8
XP_031371171.1	XP_026296026.1	33.962	53	33	1	756	808	65	115	0.039	25.8
XP_031371171.1	XP_026296025.1	33.962	53	33	1	756	808	77	127	0.043	25.4
XP_031371263.1	XP_016767396.2	35.000	80	44	2	65	138	531	608	0.010	26.2
XP_031371263.1	XP_001122546.4	35.000	80	44	2	65	138	511	588	0.012	25.8
