XP_033343173.1	XP_001122546.4	27.778	36	26	0	222	257	5	40	0.035	24.3
XP_033343173.1	XP_016767396.2	27.778	36	26	0	222	257	5	40	0.035	24.3
XP_033343207.1	XP_026296025.1	27.778	36	16	2	43	70	101	134	0.046	21.9
XP_033343568.1	XP_001122546.4	27.749	191	111	9	707	886	495	669	0.015	28.9
XP_033343568.1	XP_016767396.2	27.749	191	111	9	707	886	515	689	0.015	28.9
XP_033343570.1	XP_001122546.4	27.749	191	111	9	683	862	495	669	0.015	28.9
XP_033343570.1	XP_016767396.2	27.749	191	111	9	683	862	515	689	0.015	28.9
XP_033343571.1	XP_016767396.2	27.749	191	111	9	412	591	515	689	0.023	28.1
XP_033343571.1	XP_001122546.4	27.749	191	111	9	412	591	495	669	0.027	27.7
XP_033343572.1	XP_016767396.2	27.749	191	111	9	408	587	515	689	0.025	28.1
XP_033343572.1	XP_001122546.4	27.749	191	111	9	408	587	495	669	0.029	27.7
XP_033343573.1	XP_001122546.4	27.749	191	111	9	388	567	495	669	0.027	27.7
XP_033343573.1	XP_016767396.2	27.749	191	111	9	388	567	515	689	0.029	27.7
XP_033343574.1	XP_001122546.4	27.749	191	111	9	384	563	495	669	0.026	28.1
XP_033343574.1	XP_016767396.2	27.749	191	111	9	384	563	515	689	0.028	27.7
XP_033343575.1	XP_016767396.2	27.749	191	111	9	333	512	515	689	0.026	28.1
XP_033343575.1	XP_001122546.4	27.749	191	111	9	333	512	495	669	0.026	28.1
XP_033343637.1	XP_016767396.2	23.506	251	134	11	203	414	133	364	0.002	29.6
XP_033343637.1	XP_001122546.4	24.121	199	114	8	242	414	177	364	0.003	29.3
XP_033343638.1	XP_016767396.2	24.342	152	90	5	277	413	223	364	0.002	29.3
XP_033343638.1	XP_001122546.4	24.342	152	90	5	277	413	223	364	0.003	28.9
XP_033343768.1	XP_001122546.4	31.707	41	26	1	272	310	477	517	0.028	25.4
XP_033343768.1	XP_016767396.2	23.958	96	55	4	285	373	609	693	0.044	24.6
XP_033343770.1	XP_001122546.4	31.707	41	26	1	272	310	477	517	0.028	25.4
XP_033343770.1	XP_016767396.2	23.958	96	55	4	285	373	609	693	0.044	24.6
XP_033343771.1	XP_001122546.4	31.707	41	26	1	272	310	477	517	0.028	25.4
XP_033343771.1	XP_016767396.2	23.958	96	55	4	285	373	609	693	0.044	24.6
XP_033343772.1	XP_001122546.4	31.707	41	26	1	272	310	477	517	0.028	25.4
XP_033343772.1	XP_016767396.2	23.958	96	55	4	285	373	609	693	0.044	24.6
XP_033343773.1	XP_001122546.4	31.707	41	26	1	272	310	477	517	0.028	25.4
XP_033343773.1	XP_016767396.2	23.958	96	55	4	285	373	609	693	0.044	24.6
XP_033344122.1	XP_001122571.3	20.408	98	69	2	1	98	258	346	0.011	25.0
XP_033344343.1	XP_001122546.4	27.848	79	52	2	135	208	431	509	0.015	25.8
XP_033344418.1	XP_001122546.4	35.714	42	27	0	14	55	229	270	0.033	23.9
XP_033344418.1	XP_016767396.2	35.714	42	27	0	14	55	229	270	0.033	23.9
XP_033344421.1	XP_001122546.4	27.848	79	52	2	135	208	431	509	0.015	25.8
XP_033344430.1	XP_016767396.2	31.707	41	21	1	43	83	262	295	0.026	22.3
XP_033344430.1	XP_001122546.4	31.707	41	21	1	43	83	262	295	0.028	21.9
XP_033344441.1	XP_016767396.2	43.333	30	17	0	173	202	589	618	0.049	23.5
XP_033344452.1	XP_016767396.2	30.952	42	29	0	314	355	258	299	0.006	27.3
XP_033344452.1	XP_001122546.4	30.952	42	29	0	314	355	258	299	0.007	27.3
XP_033344901.1	XP_026296028.1	35.897	39	24	1	336	373	85	123	0.005	28.1
XP_033344901.1	XP_026296027.1	35.897	39	24	1	336	373	85	123	0.005	28.1
XP_033344901.1	XP_026296026.1	35.897	39	24	1	336	373	85	123	0.005	28.1
XP_033344901.1	XP_026296025.1	34.146	41	26	1	336	375	97	137	0.005	28.1
XP_033344902.1	XP_026296028.1	35.897	39	24	1	243	280	85	123	0.004	28.1
XP_033344902.1	XP_026296027.1	35.897	39	24	1	243	280	85	123	0.004	28.1
XP_033344902.1	XP_026296026.1	35.897	39	24	1	243	280	85	123	0.004	28.1
XP_033344902.1	XP_026296025.1	34.146	41	26	1	243	282	97	137	0.004	28.1
XP_033345074.1	XP_016767396.2	25.974	77	47	3	545	618	482	551	0.037	25.8
XP_033345083.1	XP_016767396.2	25.974	77	47	3	545	618	482	551	0.037	25.8
XP_033345091.1	XP_016767396.2	25.974	77	47	3	545	618	482	551	0.037	25.8
XP_033345098.1	XP_016767396.2	25.974	77	47	3	545	618	482	551	0.037	25.8
XP_033345107.1	XP_016767396.2	25.974	77	47	3	545	618	482	551	0.037	25.8
XP_033345215.1	XP_001122546.4	47.619	21	11	0	204	224	365	385	0.034	23.5
XP_033345215.1	XP_016767396.2	47.619	21	11	0	204	224	365	385	0.034	23.5
XP_033345360.1	XP_001122546.4	30.769	78	45	2	268	345	189	257	0.011	26.6
XP_033345360.1	XP_016767396.2	35.417	48	31	0	298	345	210	257	0.015	26.2
XP_033345361.1	XP_001122546.4	30.769	78	45	2	268	345	189	257	0.011	26.6
XP_033345361.1	XP_016767396.2	35.417	48	31	0	298	345	210	257	0.015	26.2
XP_033345474.1	XP_001122546.4	47.368	19	10	0	91	109	331	349	0.028	25.0
XP_033345474.1	XP_016767396.2	47.368	19	10	0	91	109	331	349	0.029	25.0
XP_033345475.1	XP_001122546.4	47.368	19	10	0	34	52	331	349	0.022	25.4
XP_033345475.1	XP_016767396.2	47.368	19	10	0	34	52	331	349	0.023	25.0
XP_033345521.1	XP_016767396.2	39.216	51	28	2	138	187	328	376	0.005	27.3
XP_033345521.1	XP_001122546.4	39.216	51	28	2	138	187	328	376	0.006	27.3
XP_033345522.1	XP_016767396.2	39.216	51	28	2	113	162	328	376	0.004	27.7
XP_033345522.1	XP_001122546.4	39.216	51	28	2	113	162	328	376	0.005	27.3
XP_033345529.1	XP_001122546.4	26.582	79	54	1	152	230	380	454	0.008	26.9
XP_033345529.1	XP_016767396.2	26.582	79	54	1	152	230	380	454	0.009	26.9
XP_033345902.1	XP_016767396.2	26.190	126	77	5	1142	1260	54	170	0.004	30.0
XP_033345902.1	XP_016767396.2	33.333	60	36	2	1080	1135	109	168	0.007	29.3
XP_033345902.1	XP_001122546.4	26.190	126	77	5	1142	1260	54	170	0.005	29.6
XP_033345902.1	XP_001122546.4	33.333	60	36	2	1080	1135	109	168	0.008	29.3
XP_033345903.1	XP_016767396.2	26.190	126	77	5	1141	1259	54	170	0.004	30.0
XP_033345903.1	XP_016767396.2	33.333	60	36	2	1079	1134	109	168	0.007	29.3
XP_033345903.1	XP_001122546.4	26.190	126	77	5	1141	1259	54	170	0.005	29.6
XP_033345903.1	XP_001122546.4	33.333	60	36	2	1079	1134	109	168	0.008	29.3
XP_033345904.1	XP_016767396.2	28.205	78	51	1	207	284	136	208	0.002	28.9
XP_033345904.1	XP_001122546.4	28.205	78	51	1	207	284	136	208	0.002	28.9
XP_033345905.1	XP_016767396.2	28.205	78	51	1	207	284	136	208	0.002	28.9
XP_033345905.1	XP_001122546.4	28.205	78	51	1	207	284	136	208	0.002	28.9
XP_033345940.1	XP_016767396.2	33.333	27	18	0	24	50	321	347	0.043	23.1
XP_033345940.1	XP_001122546.4	33.333	27	18	0	24	50	321	347	0.043	23.1
XP_033346125.1	XP_026296025.1	28.571	42	19	2	12	47	145	181	0.013	23.5
XP_033346125.1	XP_026296028.1	28.571	42	19	2	12	47	133	169	0.014	23.5
XP_033346125.1	XP_026296027.1	28.571	42	19	2	12	47	133	169	0.014	23.5
XP_033346125.1	XP_026296026.1	28.571	42	19	2	12	47	133	169	0.014	23.5
XP_033346472.1	XP_001122546.4	37.931	29	15	1	152	177	126	154	0.045	24.3
XP_033346472.1	XP_016767396.2	37.931	29	15	1	152	177	126	154	0.047	24.3
XP_033346777.1	XP_001122571.3	22.034	59	39	1	392	450	300	351	0.047	24.3
XP_033346960.1	XP_016767396.2	78.599	785	151	6	1	784	1	769	0.0	1210
XP_033346960.1	XP_001122546.4	77.168	784	144	5	1	784	1	749	0.0	1182
XP_033346961.1	XP_016767396.2	78.788	792	151	6	1	791	1	776	0.0	1224
XP_033346961.1	XP_001122546.4	77.370	791	144	5	1	791	1	756	0.0	1197
XP_033346962.1	XP_016767396.2	78.471	785	151	7	1	783	1	769	0.0	1205
XP_033346962.1	XP_001122546.4	77.041	784	144	6	1	783	1	749	0.0	1176
XP_033346963.1	XP_001122546.4	79.815	758	144	4	1	758	1	749	0.0	1199
XP_033346963.1	XP_016767396.2	77.763	778	144	5	1	758	1	769	0.0	1185
XP_033346964.1	NP_001011607.1	50.000	26	13	0	4	29	1	26	0.010	21.2
XP_033347091.1	XP_001122571.3	35.484	62	35	3	3	62	1	59	4.91e-05	33.1
XP_033347092.1	XP_026296028.1	97.407	270	7	0	29	298	1	270	0.0	546
XP_033347092.1	XP_026296027.1	97.407	270	7	0	29	298	1	270	0.0	546
XP_033347092.1	XP_026296026.1	97.407	270	7	0	29	298	1	270	0.0	546
XP_033347092.1	XP_026296025.1	94.982	279	14	0	20	298	4	282	3.97e-175	476
XP_033347093.1	XP_026296025.1	97.407	270	7	0	1	270	13	282	0.0	547
XP_033347093.1	XP_026296028.1	97.407	270	7	0	1	270	1	270	0.0	546
XP_033347093.1	XP_026296027.1	97.407	270	7	0	1	270	1	270	0.0	546
XP_033347093.1	XP_026296026.1	97.407	270	7	0	1	270	1	270	0.0	546
XP_033347094.1	XP_026296025.1	97.407	270	7	0	1	270	13	282	0.0	547
XP_033347094.1	XP_026296028.1	97.407	270	7	0	1	270	1	270	0.0	546
XP_033347094.1	XP_026296027.1	97.407	270	7	0	1	270	1	270	0.0	546
XP_033347094.1	XP_026296026.1	97.407	270	7	0	1	270	1	270	0.0	546
XP_033347095.1	XP_026296025.1	97.407	270	7	0	1	270	13	282	0.0	547
XP_033347095.1	XP_026296028.1	97.407	270	7	0	1	270	1	270	0.0	546
XP_033347095.1	XP_026296027.1	97.407	270	7	0	1	270	1	270	0.0	546
XP_033347095.1	XP_026296026.1	97.407	270	7	0	1	270	1	270	0.0	546
XP_033347232.1	XP_001122571.3	34.375	32	20	1	7	38	4	34	0.008	24.6
XP_033347248.1	XP_016767396.2	35.294	34	22	0	207	240	155	188	0.027	24.6
XP_033347248.1	XP_001122546.4	35.294	34	22	0	207	240	155	188	0.028	24.6
XP_033347249.1	XP_016767396.2	35.294	34	22	0	207	240	155	188	0.027	24.6
XP_033347249.1	XP_001122546.4	35.294	34	22	0	207	240	155	188	0.028	24.6
XP_033347425.1	XP_016767396.2	42.857	21	12	0	21	41	540	560	0.004	25.0
XP_033347425.1	XP_001122546.4	42.857	21	12	0	21	41	520	540	0.005	25.0
XP_033347795.1	XP_001122546.4	25.926	108	72	2	135	237	209	313	0.005	26.2
XP_033347795.1	XP_016767396.2	25.926	108	72	2	135	237	209	313	0.007	26.2
XP_033348104.1	XP_016767396.2	38.710	31	19	0	390	420	663	693	0.045	25.0
XP_033348104.1	XP_001122546.4	38.710	31	19	0	390	420	643	673	0.047	25.0
XP_033348105.1	XP_016767396.2	38.710	31	19	0	390	420	663	693	0.045	25.0
XP_033348105.1	XP_001122546.4	38.710	31	19	0	390	420	643	673	0.047	25.0
XP_033348289.1	XP_016767396.2	28.788	66	46	1	347	411	49	114	0.012	26.9
XP_033348289.1	XP_001122546.4	28.788	66	46	1	347	411	49	114	0.012	26.9
XP_033348320.1	XP_016767396.2	28.261	46	33	0	713	758	490	535	0.005	28.9
XP_033348321.1	XP_016767396.2	28.261	46	33	0	589	634	490	535	0.005	28.9
XP_033348376.1	XP_001122546.4	28.788	66	46	1	233	297	49	114	0.010	26.9
XP_033348376.1	XP_016767396.2	28.788	66	46	1	233	297	49	114	0.011	26.9
XP_033348826.1	XP_001122546.4	35.000	40	26	0	492	531	561	600	0.029	26.6
XP_033348826.1	XP_016767396.2	35.000	40	26	0	492	531	581	620	0.030	26.6
XP_033348827.1	XP_001122546.4	35.000	40	26	0	492	531	561	600	0.029	26.6
XP_033348827.1	XP_016767396.2	35.000	40	26	0	492	531	581	620	0.030	26.6
XP_033348828.1	XP_001122546.4	35.000	40	26	0	492	531	561	600	0.029	26.6
XP_033348828.1	XP_016767396.2	35.000	40	26	0	492	531	581	620	0.030	26.6
XP_033348830.1	XP_001122546.4	35.000	40	26	0	492	531	561	600	0.029	26.6
XP_033348830.1	XP_016767396.2	35.000	40	26	0	492	531	581	620	0.030	26.6
XP_033348880.1	XP_001122546.4	25.217	115	65	4	75	174	408	516	0.048	24.3
XP_033348881.1	XP_001122546.4	25.217	115	65	4	75	174	408	516	0.048	24.3
XP_033348882.1	XP_001122546.4	25.217	115	65	4	75	174	408	516	0.049	24.3
XP_033348885.1	XP_001122546.4	25.217	115	65	4	75	174	408	516	0.050	24.3
XP_033349132.1	XP_001122571.3	25.333	75	47	2	150	224	257	322	0.020	25.4
XP_033349133.1	XP_001122571.3	25.333	75	47	2	150	224	257	322	0.020	25.4
XP_033349134.1	XP_001122571.3	25.333	75	47	2	135	209	257	322	0.015	25.8
XP_033349135.1	XP_001122571.3	25.333	75	47	2	135	209	257	322	0.014	25.8
XP_033349136.1	XP_001122571.3	25.676	74	46	2	116	189	257	321	0.016	25.4
XP_033349137.1	XP_001122571.3	25.676	74	46	2	94	167	257	321	0.013	25.8
XP_033349138.1	XP_001122571.3	25.333	75	47	2	72	146	257	322	0.013	25.4
XP_033349139.1	XP_001122571.3	25.333	75	47	2	72	146	257	322	0.013	25.4
XP_033349140.1	XP_001122571.3	25.333	75	47	2	72	146	257	322	0.013	25.4
XP_033349178.1	XP_001122546.4	34.426	61	32	3	1	55	614	672	0.019	26.9
XP_033349178.1	XP_016767396.2	34.426	61	32	3	1	55	634	692	0.020	26.9
XP_033349179.1	XP_001122546.4	34.426	61	32	3	1	55	614	672	0.019	26.9
XP_033349179.1	XP_016767396.2	34.426	61	32	3	1	55	634	692	0.020	26.9
XP_033349180.1	XP_001122546.4	34.426	61	32	3	1	55	614	672	0.019	26.9
XP_033349180.1	XP_016767396.2	34.426	61	32	3	1	55	634	692	0.020	26.9
XP_033349182.1	XP_001122546.4	34.426	61	32	3	1	55	614	672	0.019	26.9
XP_033349182.1	XP_016767396.2	34.426	61	32	3	1	55	634	692	0.020	26.9
XP_033349183.1	XP_001122546.4	34.426	61	32	3	1	55	614	672	0.019	26.9
XP_033349183.1	XP_016767396.2	34.426	61	32	3	1	55	634	692	0.020	26.9
XP_033349184.1	XP_001122546.4	34.426	61	32	3	1	55	614	672	0.019	26.9
XP_033349184.1	XP_016767396.2	34.426	61	32	3	1	55	634	692	0.020	26.9
XP_033349185.1	XP_001122546.4	34.426	61	32	3	1	55	614	672	0.019	26.9
XP_033349185.1	XP_016767396.2	34.426	61	32	3	1	55	634	692	0.020	26.9
XP_033349466.1	XP_001122546.4	26.923	130	75	4	357	470	386	511	0.045	26.2
XP_033349468.1	XP_001122546.4	26.923	130	75	4	357	470	386	511	0.045	26.2
XP_033349469.1	XP_001122546.4	26.923	130	75	4	357	470	386	511	0.045	26.2
XP_033349470.1	XP_001122546.4	26.923	130	75	4	357	470	386	511	0.045	26.2
XP_033349472.1	XP_001122546.4	26.923	130	75	4	357	470	386	511	0.050	25.8
XP_033349514.1	XP_016767396.2	21.782	101	70	3	506	606	207	298	0.019	27.3
XP_033349514.1	XP_001122546.4	20.714	140	94	5	471	606	172	298	0.021	27.3
XP_033349515.1	XP_016767396.2	21.782	101	70	3	490	590	207	298	0.018	27.3
XP_033349515.1	XP_001122546.4	21.782	101	70	3	490	590	207	298	0.021	26.9
XP_033349516.1	XP_016767396.2	21.782	101	70	3	477	577	207	298	0.018	27.3
XP_033349516.1	XP_001122546.4	20.714	140	94	5	442	577	172	298	0.018	27.3
XP_033349609.1	XP_001122546.4	28.169	71	36	3	151	206	447	517	0.036	25.8
XP_033349610.1	XP_001122546.4	28.169	71	36	3	151	206	447	517	0.034	25.8
XP_033349611.1	XP_001122546.4	28.169	71	36	3	131	186	447	517	0.036	25.4
XP_033349612.1	XP_001122546.4	28.169	71	36	3	151	206	447	517	0.038	25.4
XP_033349613.1	XP_001122546.4	28.169	71	36	3	98	153	447	517	0.043	25.4
XP_033349614.1	XP_001122546.4	28.169	71	36	3	98	153	447	517	0.043	25.4
XP_033349616.1	XP_001122546.4	28.169	71	36	3	98	153	447	517	0.043	25.4
XP_033349617.1	XP_001122546.4	28.169	71	36	3	151	206	447	517	0.035	25.4
XP_033349700.1	XP_001122546.4	31.250	80	43	3	389	467	201	269	5.80e-04	30.8
XP_033349700.1	XP_016767396.2	31.250	80	43	3	389	467	201	269	6.03e-04	30.8
XP_033349701.1	XP_001122546.4	31.250	80	43	3	389	467	201	269	5.80e-04	30.8
XP_033349701.1	XP_016767396.2	31.250	80	43	3	389	467	201	269	6.03e-04	30.8
XP_033349702.1	XP_001122546.4	31.250	80	43	3	389	467	201	269	5.80e-04	30.8
XP_033349702.1	XP_016767396.2	31.250	80	43	3	389	467	201	269	6.03e-04	30.8
XP_033349704.1	XP_001122546.4	31.250	80	43	3	364	442	201	269	6.75e-04	30.4
XP_033349704.1	XP_016767396.2	31.250	80	43	3	364	442	201	269	7.20e-04	30.4
XP_033349705.1	XP_001122546.4	31.250	80	43	3	318	396	201	269	6.72e-04	30.4
XP_033349705.1	XP_016767396.2	31.250	80	43	3	318	396	201	269	7.04e-04	30.4
XP_033349706.1	XP_001122546.4	31.250	80	43	3	318	396	201	269	6.72e-04	30.4
XP_033349706.1	XP_016767396.2	31.250	80	43	3	318	396	201	269	7.04e-04	30.4
XP_033349707.1	XP_001122546.4	31.250	80	43	3	318	396	201	269	6.72e-04	30.4
XP_033349707.1	XP_016767396.2	31.250	80	43	3	318	396	201	269	7.04e-04	30.4
XP_033349776.1	XP_001122546.4	24.074	108	67	3	78	177	413	513	0.011	25.4
XP_033349777.1	XP_001122546.4	24.074	108	67	3	78	177	413	513	0.011	25.4
XP_033349935.1	XP_001122546.4	35.000	40	26	0	32	71	284	323	0.034	25.8
XP_033349935.1	XP_016767396.2	35.000	40	26	0	32	71	284	323	0.035	25.8
XP_033350020.1	XP_001122546.4	30.000	50	33	1	75	122	630	679	0.048	24.3
XP_033350049.1	XP_001122546.4	26.190	42	31	0	163	204	81	122	0.020	24.6
XP_033350200.1	XP_016767396.2	32.258	31	21	0	68	98	492	522	0.045	23.9
XP_033350237.1	XP_016767396.2	24.848	165	86	8	105	250	491	636	0.004	27.7
XP_033350237.1	XP_001122546.4	28.440	109	58	3	145	250	525	616	0.006	27.3
XP_033350412.1	XP_026296025.1	25.926	81	50	3	31	105	103	179	0.048	24.6
XP_033350773.1	NP_001011607.1	46.154	13	7	0	71	83	57	69	0.019	23.1
XP_033350774.1	NP_001011607.1	46.154	13	7	0	71	83	57	69	0.019	23.1
XP_033350775.1	NP_001011607.1	46.154	13	7	0	71	83	57	69	0.019	23.1
XP_033350777.1	NP_001011607.1	46.154	13	7	0	71	83	57	69	0.019	23.1
XP_033351320.1	XP_016767396.2	22.222	81	63	0	403	483	474	554	0.004	28.5
XP_033351328.1	XP_016767396.2	22.222	81	63	0	403	483	474	554	0.004	28.5
XP_033351341.1	XP_016767396.2	22.222	81	63	0	401	481	474	554	0.005	28.5
XP_033351347.1	XP_016767396.2	22.222	81	63	0	400	480	474	554	0.005	28.5
XP_033351356.1	XP_016767396.2	22.222	81	63	0	394	474	474	554	0.004	28.5
XP_033351367.1	XP_016767396.2	22.222	81	63	0	394	474	474	554	0.004	28.5
XP_033351374.1	XP_016767396.2	22.222	81	63	0	403	483	474	554	0.004	28.9
XP_033351376.1	XP_001122546.4	27.632	152	92	5	560	705	401	540	0.007	28.1
XP_033351867.1	XP_001122546.4	32.500	40	25	1	30	69	682	719	0.014	22.7
XP_033351867.1	XP_016767396.2	32.500	40	25	1	30	69	702	739	0.015	22.3
XP_033352006.1	XP_001122546.4	38.462	26	16	0	54	79	151	176	0.007	27.7
XP_033352006.1	XP_016767396.2	38.462	26	16	0	54	79	151	176	0.007	27.7
XP_033352007.1	XP_001122546.4	38.462	26	16	0	46	71	151	176	0.006	27.7
XP_033352007.1	XP_016767396.2	38.462	26	16	0	46	71	151	176	0.006	27.7
XP_033352135.1	XP_016767396.2	34.783	46	26	2	100	142	141	185	0.040	24.6
XP_033352135.1	XP_001122546.4	34.783	46	26	2	100	142	141	185	0.040	24.6
XP_033352223.1	XP_026296028.1	38.462	26	16	0	417	442	179	204	0.035	25.0
XP_033352223.1	XP_026296027.1	38.462	26	16	0	417	442	179	204	0.035	25.0
XP_033352223.1	XP_026296026.1	38.462	26	16	0	417	442	179	204	0.035	25.0
XP_033352223.1	XP_026296025.1	38.462	26	16	0	417	442	191	216	0.042	24.6
XP_033352245.1	XP_001122546.4	20.779	77	60	1	98	173	138	214	0.017	24.3
XP_033352245.1	XP_016767396.2	20.779	77	60	1	98	173	138	214	0.017	23.9
XP_033352247.1	XP_001122546.4	20.779	77	60	1	98	173	138	214	0.017	24.3
XP_033352247.1	XP_016767396.2	20.779	77	60	1	98	173	138	214	0.017	23.9
XP_033352248.1	XP_001122546.4	20.779	77	60	1	98	173	138	214	0.017	24.3
XP_033352248.1	XP_016767396.2	20.779	77	60	1	98	173	138	214	0.017	23.9
XP_033352769.1	XP_016767396.2	48.276	29	15	0	2173	2201	57	85	0.009	29.3
XP_033352769.1	XP_001122546.4	48.276	29	15	0	2173	2201	57	85	0.010	29.3
XP_033352770.1	XP_016767396.2	48.276	29	15	0	1949	1977	57	85	0.008	29.3
XP_033352770.1	XP_001122546.4	48.276	29	15	0	1949	1977	57	85	0.009	29.3
XP_033352772.1	XP_016767396.2	48.276	29	15	0	1949	1977	57	85	0.008	29.3
XP_033352772.1	XP_001122546.4	48.276	29	15	0	1949	1977	57	85	0.009	29.3
XP_033352961.1	XP_001122546.4	30.000	30	21	0	132	161	679	708	0.039	23.1
XP_033352961.1	XP_016767396.2	30.000	30	21	0	132	161	699	728	0.039	23.1
XP_033353024.1	XP_001122546.4	29.577	71	43	3	430	499	309	373	0.017	26.2
XP_033353024.1	XP_016767396.2	29.577	71	43	3	430	499	309	373	0.019	25.8
XP_033353026.1	XP_001122546.4	29.577	71	43	3	346	415	309	373	0.012	26.2
XP_033353026.1	XP_016767396.2	29.577	71	43	3	346	415	309	373	0.014	26.2
XP_033353362.1	XP_001122546.4	25.806	93	48	3	161	245	33	112	0.010	26.6
XP_033353362.1	XP_016767396.2	25.806	93	48	3	161	245	33	112	0.011	26.6
XP_033353380.1	XP_001122571.3	43.478	23	13	0	39	61	300	322	0.037	23.1
XP_033353381.1	XP_001122571.3	43.478	23	13	0	39	61	300	322	0.037	23.1
XP_033353383.1	XP_016767396.2	31.944	72	45	1	243	314	567	634	0.011	26.6
XP_033353383.1	XP_001122546.4	31.944	72	45	1	243	314	547	614	0.011	26.2
XP_033354094.1	XP_001122546.4	32.353	68	34	2	268	327	469	532	0.035	25.0
XP_033354095.1	XP_001122546.4	32.353	68	34	2	268	327	469	532	0.050	24.6
XP_033354096.1	XP_001122546.4	32.353	68	34	2	268	327	469	532	0.035	25.0
XP_033354099.1	XP_001122546.4	32.353	68	34	2	268	327	469	532	0.034	25.0
XP_033354100.1	XP_001122546.4	32.353	68	34	2	268	327	469	532	0.031	25.0
XP_033354102.1	XP_001122546.4	32.353	68	34	2	268	327	469	532	0.037	25.0
XP_033354103.1	XP_001122546.4	32.353	68	34	2	268	327	469	532	0.031	25.0
XP_033354262.1	XP_016767396.2	44.828	29	16	0	6	34	649	677	0.011	25.0
XP_033354262.1	XP_001122546.4	44.828	29	16	0	6	34	629	657	0.011	25.0
XP_033354830.1	XP_016767396.2	28.205	78	44	3	431	497	596	672	0.042	26.9
XP_033354830.1	XP_001122546.4	28.205	78	44	3	431	497	576	652	0.043	26.9
XP_033355325.1	XP_016767396.2	23.729	59	31	1	74	118	100	158	8.60e-04	26.9
XP_033355325.1	XP_001122546.4	23.729	59	31	1	74	118	100	158	8.91e-04	26.9
XP_033355758.1	XP_001122546.4	20.253	158	112	2	791	948	203	346	0.011	28.9
XP_033355758.1	XP_016767396.2	20.253	158	112	2	791	948	203	346	0.013	28.5
XP_033355824.1	XP_016767396.2	47.826	23	12	0	76	98	497	519	0.036	21.9
XP_033355837.1	XP_016767396.2	47.826	23	12	0	76	98	497	519	0.036	21.9
XP_033355935.1	XP_026296025.1	28.571	35	25	0	89	123	144	178	0.008	27.3
XP_033355935.1	XP_026296028.1	29.412	34	24	0	89	122	132	165	0.009	26.9
XP_033355935.1	XP_026296027.1	29.412	34	24	0	89	122	132	165	0.009	26.9
XP_033355935.1	XP_026296026.1	29.412	34	24	0	89	122	132	165	0.009	26.9
XP_033355936.1	XP_026296025.1	28.571	35	25	0	88	122	144	178	0.008	27.3
XP_033355936.1	XP_026296028.1	29.412	34	24	0	88	121	132	165	0.009	26.9
XP_033355936.1	XP_026296027.1	29.412	34	24	0	88	121	132	165	0.009	26.9
XP_033355936.1	XP_026296026.1	29.412	34	24	0	88	121	132	165	0.009	26.9
XP_033356074.1	XP_001122571.3	31.111	45	23	2	1	38	1	44	0.016	24.3
XP_033356355.1	XP_001122546.4	86.667	15	1	1	374	388	312	325	0.006	27.3
XP_033356355.1	XP_016767396.2	86.667	15	1	1	374	388	312	325	0.006	27.3
XP_033356539.1	XP_001122546.4	20.438	137	71	7	1288	1393	588	717	0.026	26.9
XP_033356539.1	XP_016767396.2	20.438	137	71	7	1288	1393	608	737	0.027	26.9
XP_033356540.1	XP_001122546.4	20.438	137	71	7	1288	1393	588	717	0.026	26.9
XP_033356540.1	XP_016767396.2	20.438	137	71	7	1288	1393	608	737	0.027	26.9
XP_033356541.1	XP_001122546.4	20.438	137	71	7	1236	1341	588	717	0.027	26.9
XP_033356541.1	XP_016767396.2	20.438	137	71	7	1236	1341	608	737	0.027	26.9
XP_033356906.1	XP_026296025.1	37.037	27	17	0	206	232	84	110	0.020	25.4
XP_033356906.1	XP_026296028.1	37.037	27	17	0	206	232	72	98	0.021	25.4
XP_033356906.1	XP_026296027.1	37.037	27	17	0	206	232	72	98	0.021	25.4
XP_033356906.1	XP_026296026.1	37.037	27	17	0	206	232	72	98	0.021	25.4
XP_033356954.1	XP_001122546.4	22.727	44	34	0	110	153	36	79	0.029	23.1
XP_033356954.1	XP_016767396.2	22.727	44	34	0	110	153	36	79	0.032	23.1
XP_033356974.1	XP_016767396.2	28.514	249	154	8	1513	1742	50	293	1.72e-04	34.7
XP_033356974.1	XP_001122546.4	28.512	242	150	7	1513	1735	50	287	2.86e-04	33.9
XP_033356975.1	XP_016767396.2	28.514	249	154	8	1510	1739	50	293	1.88e-04	34.7
XP_033356975.1	XP_001122546.4	28.512	242	150	7	1510	1732	50	287	2.96e-04	33.9
XP_033356976.1	XP_016767396.2	28.512	242	150	7	1513	1735	50	287	1.71e-04	34.7
XP_033356976.1	XP_001122546.4	28.512	242	150	7	1513	1735	50	287	2.79e-04	33.9
XP_033356977.1	XP_016767396.2	28.514	249	154	8	1508	1737	50	293	1.70e-04	34.7
XP_033356977.1	XP_001122546.4	28.512	242	150	7	1508	1730	50	287	2.72e-04	33.9
XP_033356978.1	XP_016767396.2	28.514	249	154	8	1505	1734	50	293	1.89e-04	34.7
XP_033356978.1	XP_001122546.4	28.512	242	150	7	1505	1727	50	287	2.64e-04	34.3
XP_033356979.1	XP_016767396.2	28.514	249	154	8	1500	1729	50	293	1.76e-04	34.7
XP_033356979.1	XP_001122546.4	28.512	242	150	7	1500	1722	50	287	2.57e-04	34.3
XP_033356980.1	XP_016767396.2	28.514	249	154	8	1495	1724	50	293	1.63e-04	34.7
XP_033356980.1	XP_001122546.4	28.512	242	150	7	1495	1717	50	287	2.42e-04	34.3
XP_033356981.1	XP_016767396.2	28.514	249	154	8	1492	1721	50	293	1.77e-04	34.7
XP_033356981.1	XP_001122546.4	28.512	242	150	7	1492	1714	50	287	2.41e-04	34.3
XP_033356982.1	XP_016767396.2	28.512	242	150	7	1513	1735	50	287	2.05e-04	34.3
XP_033356982.1	XP_001122546.4	28.512	242	150	7	1513	1735	50	287	2.63e-04	33.9
XP_033356983.1	XP_016767396.2	28.514	249	154	8	1371	1600	50	293	1.68e-04	34.7
XP_033356983.1	XP_001122546.4	28.512	242	150	7	1371	1593	50	287	2.79e-04	33.9
XP_033356984.1	XP_016767396.2	28.514	249	154	8	1160	1389	50	293	2.68e-04	33.9
XP_033356984.1	XP_001122546.4	28.514	249	154	8	1160	1389	50	293	3.26e-04	33.5
XP_033357887.1	XP_016767396.2	30.645	62	40	2	124	182	697	758	0.029	26.2
XP_033357887.1	XP_001122546.4	30.000	60	39	2	126	182	679	738	0.037	25.8
XP_033357888.1	XP_016767396.2	30.645	62	40	2	9	67	697	758	0.033	25.8
XP_033357888.1	XP_001122546.4	30.000	60	39	2	11	67	679	738	0.045	25.4
XP_033357999.1	XP_016767396.2	25.862	58	43	0	161	218	375	432	0.036	24.3
XP_033357999.1	XP_001122546.4	25.862	58	43	0	161	218	375	432	0.042	23.9
XP_033358001.1	XP_001122546.4	27.083	48	35	0	29	76	561	608	0.010	23.9
XP_033358001.1	XP_016767396.2	27.083	48	35	0	29	76	581	628	0.011	23.9
XP_033358849.1	XP_016767396.2	21.212	66	43	2	36	101	198	254	0.042	22.3
XP_033358849.1	XP_001122546.4	21.212	66	43	2	36	101	198	254	0.044	22.3
XP_033359038.1	XP_016767396.2	26.087	69	46	2	97	160	659	727	0.025	25.4
XP_033359038.1	XP_001122546.4	26.087	69	46	2	97	160	639	707	0.030	25.0
XP_033359039.1	XP_016767396.2	26.087	69	46	2	67	130	659	727	0.028	25.0
XP_033359039.1	XP_001122546.4	26.087	69	46	2	67	130	639	707	0.032	25.0
XP_033359087.1	XP_016767396.2	31.034	29	20	0	328	356	329	357	0.023	25.4
XP_033359087.1	XP_001122546.4	31.034	29	20	0	328	356	329	357	0.025	25.4
XP_033359220.1	XP_016767396.2	26.154	65	43	1	462	521	48	112	0.020	27.3
XP_033359220.1	XP_001122546.4	23.656	93	59	2	434	521	27	112	0.021	27.3
XP_033359255.1	XP_026296028.1	45.000	20	11	0	16	35	223	242	0.024	24.6
XP_033359255.1	XP_026296027.1	45.000	20	11	0	16	35	223	242	0.024	24.6
XP_033359255.1	XP_026296026.1	45.000	20	11	0	16	35	223	242	0.024	24.6
XP_033359255.1	XP_026296025.1	45.000	20	11	0	16	35	235	254	0.024	24.6
XP_033359434.1	XP_016767396.2	41.935	31	16	1	47	75	248	278	0.020	25.0
XP_033359434.1	XP_001122546.4	41.935	31	16	1	47	75	248	278	0.021	25.0
XP_033359530.1	XP_016767396.2	25.373	134	73	5	654	771	509	631	0.024	26.9
XP_033359532.1	XP_016767396.2	25.373	134	73	5	654	771	509	631	0.024	26.9
XP_033359533.1	XP_016767396.2	25.373	134	73	5	609	726	509	631	0.022	26.9
XP_033359978.1	XP_001122571.3	30.303	33	17	1	105	137	33	59	0.044	22.3
XP_033360407.1	XP_026296028.1	24.691	81	60	1	395	475	35	114	0.035	24.6
XP_033360407.1	XP_026296027.1	24.691	81	60	1	395	475	35	114	0.035	24.6
XP_033360407.1	XP_026296026.1	24.691	81	60	1	395	475	35	114	0.035	24.6
XP_033360407.1	XP_026296025.1	24.691	81	60	1	395	475	47	126	0.040	24.6
XP_033360408.1	XP_026296028.1	24.691	81	60	1	395	475	35	114	0.035	24.6
XP_033360408.1	XP_026296027.1	24.691	81	60	1	395	475	35	114	0.035	24.6
XP_033360408.1	XP_026296026.1	24.691	81	60	1	395	475	35	114	0.035	24.6
XP_033360408.1	XP_026296025.1	24.691	81	60	1	395	475	47	126	0.040	24.6
XP_033360409.1	XP_026296028.1	24.691	81	60	1	395	475	35	114	0.035	24.6
XP_033360409.1	XP_026296027.1	24.691	81	60	1	395	475	35	114	0.035	24.6
XP_033360409.1	XP_026296026.1	24.691	81	60	1	395	475	35	114	0.035	24.6
XP_033360409.1	XP_026296025.1	24.691	81	60	1	395	475	47	126	0.040	24.6
XP_033360533.1	XP_016767396.2	26.582	79	45	4	118	188	320	393	0.019	24.3
XP_033360533.1	XP_001122546.4	26.582	79	45	4	118	188	320	393	0.020	24.3
XP_033360540.1	XP_016767396.2	26.582	79	45	4	118	188	320	393	0.019	24.3
XP_033360540.1	XP_001122546.4	26.582	79	45	4	118	188	320	393	0.020	24.3
XP_033360549.1	XP_016767396.2	26.582	79	45	4	118	188	320	393	0.019	24.3
XP_033360549.1	XP_001122546.4	26.582	79	45	4	118	188	320	393	0.020	24.3
XP_033360554.1	XP_001122546.4	26.000	100	60	5	118	209	320	413	0.006	25.8
XP_033360554.1	XP_016767396.2	26.000	100	60	5	118	209	320	413	0.006	25.8
XP_033360563.1	XP_001122546.4	26.582	79	45	4	97	167	320	393	0.039	23.1
XP_033360563.1	XP_016767396.2	26.582	79	45	4	97	167	320	393	0.040	23.1
XP_033360570.1	XP_001122546.4	26.582	79	45	4	97	167	320	393	0.039	23.1
XP_033360570.1	XP_016767396.2	26.582	79	45	4	97	167	320	393	0.040	23.1
XP_033360579.1	XP_001122546.4	26.582	79	45	4	97	167	320	393	0.039	23.1
XP_033360579.1	XP_016767396.2	26.582	79	45	4	97	167	320	393	0.040	23.1
XP_033360585.1	XP_001122546.4	26.582	79	45	4	97	167	320	393	0.039	23.1
XP_033360585.1	XP_016767396.2	26.582	79	45	4	97	167	320	393	0.040	23.1
XP_033360618.1	XP_001122546.4	25.490	51	33	1	41	91	654	699	0.017	25.0
XP_033360618.1	XP_016767396.2	25.490	51	33	1	41	91	674	719	0.018	25.0
XP_033360619.1	XP_001122546.4	25.490	51	33	1	41	91	654	699	0.017	25.0
XP_033360619.1	XP_016767396.2	25.490	51	33	1	41	91	674	719	0.018	25.0
XP_033360620.1	XP_001122546.4	25.490	51	33	1	41	91	654	699	0.017	25.0
XP_033360620.1	XP_016767396.2	25.490	51	33	1	41	91	674	719	0.018	25.0
XP_033360621.1	XP_001122546.4	25.490	51	33	1	41	91	654	699	0.017	25.0
XP_033360621.1	XP_016767396.2	25.490	51	33	1	41	91	674	719	0.018	25.0
XP_033360622.1	XP_001122546.4	25.490	51	33	1	41	91	654	699	0.017	25.0
XP_033360622.1	XP_016767396.2	25.490	51	33	1	41	91	674	719	0.018	25.0
XP_033360623.1	XP_001122546.4	25.490	51	33	1	41	91	654	699	0.017	25.0
XP_033360623.1	XP_016767396.2	25.490	51	33	1	41	91	674	719	0.018	25.0
XP_033360624.1	XP_001122546.4	25.490	51	33	1	41	91	654	699	0.017	25.0
XP_033360624.1	XP_016767396.2	25.490	51	33	1	41	91	674	719	0.018	25.0
XP_033360625.1	XP_001122546.4	25.490	51	33	1	41	91	654	699	0.017	25.0
XP_033360625.1	XP_016767396.2	25.490	51	33	1	41	91	674	719	0.018	25.0
XP_033360626.1	XP_001122546.4	25.490	51	33	1	41	91	654	699	0.017	25.0
XP_033360626.1	XP_016767396.2	25.490	51	33	1	41	91	674	719	0.018	25.0
XP_033360659.1	XP_001122546.4	18.182	44	36	0	57	100	345	388	0.016	24.3
XP_033360659.1	XP_016767396.2	18.919	37	30	0	64	100	352	388	0.018	24.3
XP_033361062.1	XP_016767396.2	25.000	180	108	7	585	755	262	423	0.019	26.6
XP_033361062.1	XP_001122546.4	25.000	180	108	7	585	755	262	423	0.021	26.6
XP_033361063.1	XP_016767396.2	25.000	180	108	7	585	755	262	423	0.020	26.6
XP_033361063.1	XP_001122546.4	25.000	180	108	7	585	755	262	423	0.023	26.6
XP_033361068.1	XP_026296028.1	29.268	41	29	0	1	41	72	112	0.025	25.4
XP_033361068.1	XP_026296027.1	29.268	41	29	0	1	41	72	112	0.025	25.4
XP_033361068.1	XP_026296026.1	29.268	41	29	0	1	41	72	112	0.025	25.4
XP_033361068.1	XP_026296025.1	29.268	41	29	0	1	41	84	124	0.027	25.4
XP_033361171.1	XP_016767396.2	25.532	94	64	2	288	375	542	635	1.05e-04	32.7
XP_033361171.1	XP_001122546.4	25.532	94	64	2	288	375	522	615	1.10e-04	32.7
XP_033361175.1	XP_001122571.3	25.532	47	35	0	23	69	276	322	0.016	25.8
XP_033361177.1	XP_001122571.3	25.532	47	35	0	23	69	276	322	0.015	25.8
XP_033361344.1	XP_016767396.2	29.870	77	52	1	1092	1166	156	232	0.022	27.7
XP_033361344.1	XP_001122546.4	30.556	72	48	1	1097	1166	161	232	0.027	27.3
XP_033361345.1	XP_016767396.2	29.870	77	52	1	1091	1165	156	232	0.021	27.7
XP_033361345.1	XP_001122546.4	30.556	72	48	1	1096	1165	161	232	0.026	27.3
XP_033361346.1	XP_016767396.2	29.070	86	59	1	1079	1162	147	232	0.007	29.3
XP_033361346.1	XP_001122546.4	29.070	86	59	1	1079	1162	147	232	0.009	28.9
XP_033361347.1	XP_016767396.2	30.556	72	48	1	1069	1138	161	232	0.022	27.7
XP_033361347.1	XP_001122546.4	30.556	72	48	1	1069	1138	161	232	0.029	27.3
XP_033361348.1	XP_016767396.2	29.070	86	59	1	1078	1161	147	232	0.007	29.3
XP_033361348.1	XP_001122546.4	29.070	86	59	1	1078	1161	147	232	0.009	28.9
XP_033361556.1	XP_016767396.2	47.826	23	12	0	76	98	497	519	0.036	21.9
XP_033361724.1	XP_016767396.2	37.500	32	20	0	732	763	85	116	0.042	26.6
XP_033361724.1	XP_001122546.4	37.500	32	20	0	732	763	85	116	0.045	26.2
XP_033361725.1	XP_016767396.2	37.500	32	20	0	565	596	85	116	0.036	26.6
XP_033361725.1	XP_001122546.4	37.500	32	20	0	565	596	85	116	0.038	26.2
XP_033361726.1	XP_016767396.2	37.500	32	20	0	565	596	85	116	0.036	26.6
XP_033361726.1	XP_001122546.4	37.500	32	20	0	565	596	85	116	0.038	26.2
XP_033361727.1	XP_016767396.2	37.500	32	20	0	565	596	85	116	0.036	26.6
XP_033361727.1	XP_001122546.4	37.500	32	20	0	565	596	85	116	0.038	26.2
XP_033361785.1	XP_001122546.4	28.889	45	32	0	317	361	616	660	0.038	26.2
XP_033361785.1	XP_016767396.2	28.889	45	32	0	317	361	636	680	0.038	26.2
XP_033361788.1	XP_016767396.2	28.889	45	32	0	270	314	636	680	0.039	25.8
XP_033361788.1	XP_001122546.4	28.889	45	32	0	270	314	616	660	0.039	25.8
XP_033361883.1	XP_001122546.4	32.653	49	31	2	432	480	344	390	0.006	27.3
XP_033361883.1	XP_016767396.2	32.653	49	31	2	432	480	344	390	0.007	27.3
XP_033361930.1	XP_001122546.4	25.926	54	39	1	396	448	508	561	0.036	24.6
XP_033361930.1	XP_016767396.2	25.926	54	39	1	396	448	528	581	0.038	24.6
XP_033362071.1	XP_001122546.4	25.556	90	63	2	37	122	426	515	0.030	25.0
XP_033362192.1	XP_001122546.4	23.256	43	33	0	138	180	611	653	0.026	23.5
XP_033362192.1	XP_016767396.2	23.256	43	33	0	138	180	631	673	0.026	23.5
XP_033362512.1	XP_016767396.2	29.545	44	29	1	108	149	705	748	0.037	22.7
XP_033362512.1	XP_001122546.4	29.545	44	29	1	108	149	685	728	0.040	22.7
XP_033362789.1	XP_026296028.1	38.095	42	25	1	395	436	105	145	0.040	24.6
XP_033362789.1	XP_026296027.1	38.095	42	25	1	395	436	105	145	0.040	24.6
XP_033362789.1	XP_026296026.1	38.095	42	25	1	395	436	105	145	0.040	24.6
XP_033362789.1	XP_026296025.1	38.095	42	25	1	395	436	117	157	0.044	24.6
XP_033362808.1	XP_016767396.2	24.299	107	50	5	12	97	141	237	0.044	23.9
XP_033362815.1	XP_001122546.4	39.024	41	25	0	189	229	453	493	0.008	28.5
XP_033362816.1	XP_001122546.4	39.024	41	25	0	189	229	453	493	0.009	28.5
XP_033363161.1	XP_001122571.3	30.303	33	17	1	105	137	33	59	0.044	22.3
XP_033363369.1	XP_016767396.2	43.333	30	15	1	497	524	297	326	0.047	25.0
XP_033363568.1	XP_016767396.2	26.087	92	51	4	584	660	642	731	0.045	25.4
XP_033363568.1	XP_001122546.4	26.087	92	51	4	584	660	622	711	0.047	25.4
XP_033363797.1	XP_001122571.3	33.333	48	27	1	328	375	17	59	0.014	25.8
XP_033363798.1	XP_001122571.3	33.333	48	27	1	328	375	17	59	0.014	25.8
XP_033363799.1	XP_001122571.3	33.333	48	27	1	328	375	17	59	0.014	25.8
XP_033363800.1	XP_001122571.3	33.333	48	27	1	328	375	17	59	0.014	25.8
XP_033364296.1	XP_001122546.4	22.603	292	178	10	2159	2434	149	408	4.82e-04	34.3
XP_033364296.1	XP_016767396.2	22.603	292	178	10	2159	2434	149	408	4.85e-04	34.3
XP_033364300.1	XP_016767396.2	30.189	53	37	0	415	467	51	103	0.008	28.1
XP_033364300.1	XP_001122546.4	30.189	53	37	0	415	467	51	103	0.010	28.1
XP_033364313.1	XP_016767396.2	23.711	97	65	3	153	246	604	694	0.004	27.3
XP_033364313.1	XP_001122546.4	23.958	96	64	3	154	246	585	674	0.004	27.3
XP_033364314.1	XP_016767396.2	23.711	97	65	3	153	246	604	694	0.004	27.3
XP_033364314.1	XP_001122546.4	23.958	96	64	3	154	246	585	674	0.004	27.3
XP_033364315.1	XP_016767396.2	23.958	96	64	3	148	240	605	694	0.003	27.3
XP_033364315.1	XP_001122546.4	23.958	96	64	3	148	240	585	674	0.004	27.3
XP_033364362.1	XP_016767396.2	47.826	23	12	0	76	98	497	519	0.036	21.9
XP_033364743.1	XP_001122546.4	46.154	26	14	0	247	272	306	331	0.047	25.0
XP_033364776.1	XP_026296025.1	52.381	21	10	0	201	221	101	121	0.038	24.3
XP_033364776.1	XP_026296028.1	44.000	25	14	0	197	221	85	109	0.039	24.3
XP_033364776.1	XP_026296027.1	44.000	25	14	0	197	221	85	109	0.039	24.3
XP_033364776.1	XP_026296026.1	44.000	25	14	0	197	221	85	109	0.039	24.3
XP_033364919.1	XP_016767396.2	23.718	156	84	7	171	299	344	491	0.002	28.5
XP_033364919.1	XP_001122546.4	27.632	76	47	2	171	246	344	411	0.008	26.9
XP_033364920.1	XP_016767396.2	23.718	156	84	7	171	299	344	491	0.002	28.5
XP_033364920.1	XP_001122546.4	27.632	76	47	2	171	246	344	411	0.008	26.9
XP_033364921.1	XP_016767396.2	23.718	156	84	7	171	299	344	491	0.002	28.5
XP_033364921.1	XP_001122546.4	27.632	76	47	2	171	246	344	411	0.008	26.9
XP_033365049.1	XP_016767396.2	33.750	80	45	2	58	131	531	608	0.041	24.3
XP_033365049.1	XP_001122546.4	33.750	80	45	2	58	131	511	588	0.043	24.3
XP_033365086.1	XP_001122546.4	25.714	175	116	7	1329	1493	445	615	0.026	28.1
XP_033365087.1	XP_001122546.4	25.714	175	116	7	1329	1493	445	615	0.029	28.1
XP_033365269.1	XP_016767396.2	25.397	63	46	1	194	256	357	418	0.005	26.9
XP_033365269.1	XP_001122546.4	25.397	63	46	1	194	256	357	418	0.005	26.9
XP_033365309.1	XP_001122546.4	27.273	121	74	3	436	545	198	315	0.012	26.9
XP_033365309.1	XP_016767396.2	27.273	121	74	3	436	545	198	315	0.014	26.9
XP_033365310.1	XP_001122546.4	27.273	121	74	3	428	537	198	315	0.014	26.6
XP_033365310.1	XP_016767396.2	27.273	121	74	3	428	537	198	315	0.015	26.6
XP_033365311.1	XP_016767396.2	27.273	121	74	3	427	536	198	315	0.011	26.9
XP_033365311.1	XP_001122546.4	27.273	121	74	3	427	536	198	315	0.012	26.9
XP_033365312.1	XP_001122546.4	27.273	121	74	3	402	511	198	315	0.008	27.3
XP_033365312.1	XP_016767396.2	27.273	121	74	3	402	511	198	315	0.010	27.3
XP_033365313.1	XP_001122546.4	27.273	121	74	3	393	502	198	315	0.008	27.3
XP_033365313.1	XP_016767396.2	27.273	121	74	3	393	502	198	315	0.008	27.3
XP_033365536.1	XP_001122571.3	28.571	56	38	1	154	207	254	309	0.003	27.7
XP_033365540.1	XP_016767396.2	35.897	39	23	1	12	48	192	230	0.037	21.9
XP_033365540.1	XP_001122546.4	35.897	39	23	1	12	48	192	230	0.037	21.9
XP_033365542.1	XP_016767396.2	35.897	39	23	1	12	48	192	230	0.037	21.9
XP_033365542.1	XP_001122546.4	35.897	39	23	1	12	48	192	230	0.037	21.9
XP_033365596.1	XP_016767396.2	34.247	73	47	1	648	719	622	694	0.012	28.1
XP_033365596.1	XP_001122546.4	34.247	73	47	1	648	719	602	674	0.013	28.1
XP_033365662.1	XP_016767396.2	29.412	51	36	0	317	367	365	415	0.050	24.3
XP_033365663.1	XP_016767396.2	29.412	51	36	0	317	367	365	415	0.050	24.3
XP_033365664.1	XP_016767396.2	29.412	51	36	0	317	367	365	415	0.050	24.3
XP_033365702.1	XP_001122546.4	18.868	106	79	4	174	275	186	288	0.012	26.2
XP_033365702.1	XP_016767396.2	20.755	106	77	5	174	275	186	288	0.013	26.2
XP_033365912.1	XP_001122546.4	42.857	35	17	1	146	177	568	602	0.035	24.3
XP_033365912.1	XP_016767396.2	42.857	35	17	1	146	177	588	622	0.039	24.3
XP_033365915.1	XP_001122546.4	42.857	35	17	1	146	177	568	602	0.031	24.6
XP_033365915.1	XP_016767396.2	42.857	35	17	1	146	177	588	622	0.035	24.3
XP_033366057.1	XP_026296025.1	34.783	23	15	0	102	124	158	180	0.022	23.1
XP_033366057.1	XP_026296028.1	34.783	23	15	0	102	124	146	168	0.023	22.7
XP_033366057.1	XP_026296027.1	34.783	23	15	0	102	124	146	168	0.023	22.7
XP_033366057.1	XP_026296026.1	34.783	23	15	0	102	124	146	168	0.023	22.7
XP_033366148.1	XP_001122546.4	28.000	75	54	0	212	286	226	300	0.012	25.8
XP_033366148.1	XP_016767396.2	28.000	75	54	0	212	286	226	300	0.012	25.8
XP_033366216.1	XP_016767396.2	30.769	117	57	7	98	214	501	593	0.008	27.7
XP_033366216.1	XP_001122546.4	30.631	111	55	6	104	214	485	573	0.010	27.3
XP_033366217.1	XP_016767396.2	30.769	117	57	7	44	160	501	593	0.005	28.1
XP_033366217.1	XP_001122546.4	30.631	111	55	6	50	160	485	573	0.006	28.1
XP_033366274.1	XP_016767396.2	22.143	140	103	4	9	143	279	417	0.037	23.9
XP_033366274.1	XP_001122546.4	22.143	140	103	4	9	143	279	417	0.043	23.9
XP_033366275.1	XP_016767396.2	22.143	140	103	4	9	143	279	417	0.037	23.9
XP_033366275.1	XP_001122546.4	22.143	140	103	4	9	143	279	417	0.043	23.9
XP_033366352.1	XP_016767396.2	34.211	38	21	1	45	78	143	180	0.032	22.3
XP_033366352.1	XP_016767396.2	31.250	32	22	0	50	81	78	109	0.043	21.9
XP_033366352.1	XP_001122546.4	30.952	42	25	1	41	78	139	180	0.035	22.3
XP_033366353.1	XP_016767396.2	34.211	38	21	1	45	78	143	180	0.032	22.3
XP_033366353.1	XP_016767396.2	31.250	32	22	0	50	81	78	109	0.043	21.9
XP_033366353.1	XP_001122546.4	30.952	42	25	1	41	78	139	180	0.035	22.3
XP_033366437.1	XP_016767396.2	32.500	40	21	1	52	91	463	496	0.034	22.7
XP_033366661.1	XP_016767396.2	52.000	25	12	0	11	35	287	311	0.017	25.8
XP_033366661.1	XP_001122546.4	52.000	25	12	0	11	35	287	311	0.018	25.8
XP_033366662.1	XP_016767396.2	52.000	25	12	0	11	35	287	311	0.017	25.8
XP_033366662.1	XP_001122546.4	52.000	25	12	0	11	35	287	311	0.018	25.8
XP_033366709.1	XP_016767396.2	42.308	26	15	0	598	623	501	526	0.025	25.8
XP_033366717.1	XP_016767396.2	42.308	26	15	0	598	623	501	526	0.025	25.8
XP_033366723.1	XP_016767396.2	42.308	26	15	0	562	587	501	526	0.026	25.8
XP_033366733.1	XP_016767396.2	42.308	26	15	0	562	587	501	526	0.026	25.8
XP_033366740.1	XP_016767396.2	42.308	26	15	0	523	548	501	526	0.029	25.4
XP_033367045.1	XP_001122571.3	39.683	63	30	3	84	143	291	348	1.08e-06	36.2
XP_033367045.1	XP_001122571.3	44.828	29	15	1	4	32	3	30	0.015	23.9
XP_033367118.1	XP_016767396.2	24.771	109	67	4	181	277	10	115	0.008	28.1
XP_033367118.1	XP_001122546.4	24.771	109	67	4	181	277	10	115	0.009	27.7
