XP_003392894.1	XP_001122546.4	25.926	54	39	1	396	448	508	561	0.039	24.6
XP_003392894.1	XP_016767396.2	25.926	54	39	1	396	448	528	581	0.042	24.6
XP_003392964.1	XP_016767396.2	47.826	23	12	0	76	98	497	519	0.036	21.9
XP_003392970.1	XP_016767396.2	47.826	23	12	0	76	98	497	519	0.036	21.9
XP_003392985.1	XP_016767396.2	23.256	43	33	0	138	180	631	673	0.026	23.9
XP_003392985.1	XP_001122546.4	23.810	42	32	0	139	180	612	653	0.027	23.5
XP_003393115.1	XP_016767396.2	47.826	23	12	0	76	98	497	519	0.036	21.9
XP_003393509.2	XP_001122546.4	42.857	28	16	0	335	362	587	614	0.010	26.9
XP_003393509.2	XP_016767396.2	42.857	28	16	0	335	362	607	634	0.011	26.9
XP_003393562.1	XP_016767396.2	30.303	66	42	2	732	796	85	147	0.019	27.7
XP_003393562.1	XP_001122546.4	30.303	66	42	2	732	796	85	147	0.019	27.3
XP_003393676.1	XP_016767396.2	30.645	62	40	2	124	182	697	758	0.031	26.2
XP_003393676.1	XP_001122546.4	30.000	60	39	2	126	182	679	738	0.040	25.8
XP_003393939.1	XP_001122546.4	38.462	26	16	0	46	71	151	176	0.006	27.7
XP_003393939.1	XP_016767396.2	38.462	26	16	0	46	71	151	176	0.006	27.7
XP_003393959.1	XP_001122546.4	20.779	77	60	1	98	173	138	214	0.014	24.3
XP_003393959.1	XP_016767396.2	20.779	77	60	1	98	173	138	214	0.015	24.3
XP_003394083.1	XP_026296028.1	38.462	26	16	0	417	442	179	204	0.035	25.0
XP_003394083.1	XP_026296027.1	38.462	26	16	0	417	442	179	204	0.035	25.0
XP_003394083.1	XP_026296026.1	38.462	26	16	0	417	442	179	204	0.035	25.0
XP_003394083.1	XP_026296025.1	38.462	26	16	0	417	442	191	216	0.041	24.6
XP_003394315.1	XP_016767396.2	42.308	26	15	0	598	623	501	526	0.026	25.8
XP_003394419.1	XP_016767396.2	28.514	249	154	8	1495	1724	50	293	1.82e-04	34.7
XP_003394419.1	XP_001122546.4	28.512	242	150	7	1495	1717	50	287	2.43e-04	34.3
XP_003394482.1	XP_016767396.2	41.379	29	17	0	6	34	649	677	0.034	23.5
XP_003394482.1	XP_001122546.4	41.379	29	17	0	6	34	629	657	0.035	23.5
XP_003394674.1	XP_016767396.2	29.070	86	59	1	1080	1163	147	232	0.007	29.3
XP_003394674.1	XP_001122546.4	29.070	86	59	1	1080	1163	147	232	0.009	28.9
XP_003395047.1	XP_026296025.1	97.407	270	7	0	1	270	13	282	0.0	547
XP_003395047.1	XP_026296028.1	97.407	270	7	0	1	270	1	270	0.0	546
XP_003395047.1	XP_026296027.1	97.407	270	7	0	1	270	1	270	0.0	546
XP_003395047.1	XP_026296026.1	97.407	270	7	0	1	270	1	270	0.0	546
XP_003395912.1	XP_001122546.4	28.169	71	36	3	98	153	447	517	0.040	25.4
XP_003396017.1	XP_001122546.4	27.848	79	52	2	135	208	431	509	0.015	25.8
XP_003396059.1	XP_001122546.4	27.660	47	29	3	107	149	192	237	0.013	26.2
XP_003396059.1	XP_016767396.2	27.660	47	29	3	107	149	192	237	0.013	26.2
XP_003396385.1	XP_016767396.2	24.848	165	86	8	105	250	491	636	0.005	27.7
XP_003396385.1	XP_001122546.4	28.440	109	58	3	145	250	525	616	0.005	27.3
XP_003396491.1	XP_001122546.4	26.866	201	112	10	2159	2353	149	320	6.06e-04	33.9
XP_003396491.1	XP_016767396.2	26.866	201	112	10	2159	2353	149	320	6.09e-04	33.9
XP_003396493.1	XP_016767396.2	23.958	96	64	3	148	240	605	694	0.003	27.3
XP_003396493.1	XP_001122546.4	23.958	96	64	3	148	240	585	674	0.004	27.3
XP_003396671.1	XP_001122546.4	31.250	80	43	3	318	396	201	269	6.60e-04	30.4
XP_003396671.1	XP_016767396.2	31.250	80	43	3	318	396	201	269	7.10e-04	30.4
XP_003397260.1	XP_016767396.2	28.261	46	33	0	589	634	490	535	0.006	28.9
XP_003397349.1	XP_001122546.4	29.577	71	43	3	430	499	309	373	0.012	26.6
XP_003397349.1	XP_016767396.2	29.577	71	43	3	430	499	309	373	0.013	26.6
XP_003397402.1	XP_016767396.2	21.212	66	43	2	36	101	198	254	0.042	22.3
XP_003397402.1	XP_001122546.4	21.212	66	43	2	36	101	198	254	0.044	22.3
XP_003397766.1	XP_016767396.2	24.731	93	63	2	58	150	39	124	0.028	24.3
XP_003397766.1	XP_001122546.4	24.731	93	63	2	58	150	39	124	0.031	24.3
XP_003397903.1	NP_001011607.1	46.154	13	7	0	71	83	57	69	0.019	23.1
XP_003397904.1	NP_001011607.1	46.154	13	7	0	71	83	57	69	0.019	23.1
XP_003397905.1	NP_001011607.1	46.154	13	7	0	71	83	57	69	0.019	23.1
XP_003397986.1	XP_016767396.2	26.087	69	46	2	97	160	659	727	0.028	25.4
XP_003397986.1	XP_001122546.4	26.087	69	46	2	97	160	639	707	0.034	25.0
XP_003398184.3	XP_016767396.2	23.108	251	135	11	858	1069	133	364	0.009	28.5
XP_003398184.3	XP_001122546.4	23.108	251	135	11	858	1069	133	364	0.011	28.1
XP_003398245.1	XP_001122571.3	34.375	32	19	1	7	38	5	34	0.021	23.5
XP_003398245.1	XP_001122571.3	36.842	38	19	2	114	151	317	349	0.049	22.3
XP_003398503.1	XP_001122546.4	25.581	43	32	0	35	77	522	564	0.045	25.8
XP_003398503.1	XP_016767396.2	25.581	43	32	0	35	77	542	584	0.049	25.8
XP_003398591.1	XP_001122571.3	42.623	61	27	3	84	141	291	346	4.16e-07	37.4
XP_003398591.1	XP_001122571.3	44.828	29	15	1	4	32	3	30	0.012	24.3
XP_003398813.1	XP_016767396.2	33.333	27	18	0	24	50	321	347	0.043	23.1
XP_003398813.1	XP_001122546.4	33.333	27	18	0	24	50	321	347	0.043	23.1
XP_003398873.1	XP_001122546.4	47.368	19	10	0	91	109	331	349	0.027	25.4
XP_003398873.1	XP_016767396.2	47.368	19	10	0	91	109	331	349	0.027	25.4
XP_003398885.1	XP_016767396.2	39.216	51	28	2	138	187	328	376	0.005	27.7
XP_003398885.1	XP_001122546.4	39.216	51	28	2	138	187	328	376	0.005	27.3
XP_003399135.1	XP_001122546.4	26.582	79	54	1	107	185	380	454	0.005	27.7
XP_003399135.1	XP_016767396.2	26.582	79	54	1	107	185	380	454	0.005	27.7
XP_003399321.1	XP_016767396.2	25.843	178	104	10	58	217	387	554	0.007	26.6
XP_003399346.1	XP_001122546.4	18.182	44	36	0	57	100	345	388	0.016	24.3
XP_003399346.1	XP_016767396.2	18.919	37	30	0	64	100	352	388	0.018	24.3
XP_003399445.1	XP_001122546.4	25.490	51	33	1	41	91	654	699	0.027	24.3
XP_003399445.1	XP_016767396.2	25.490	51	33	1	41	91	674	719	0.028	24.3
XP_003399686.1	XP_016767396.2	29.412	51	36	0	317	367	365	415	0.048	24.6
XP_003399921.1	XP_001122571.3	33.333	48	27	1	328	375	17	59	0.007	26.6
XP_003400142.1	XP_001122546.4	32.500	40	27	0	32	71	284	323	0.034	25.8
XP_003400142.1	XP_016767396.2	32.500	40	27	0	32	71	284	323	0.035	25.8
XP_003400190.1	XP_001122546.4	24.074	108	67	3	78	177	413	513	0.011	25.4
XP_003400191.1	XP_001122546.4	24.074	108	67	3	78	177	413	513	0.011	25.4
XP_003400534.1	XP_001122546.4	28.000	75	54	0	213	287	226	300	0.012	25.8
XP_003400534.1	XP_016767396.2	28.000	75	54	0	213	287	226	300	0.012	25.8
XP_003400806.1	XP_016767396.2	30.769	117	57	7	98	214	501	593	0.008	27.7
XP_003400806.1	XP_001122546.4	30.631	111	55	6	104	214	485	573	0.010	27.3
XP_003400828.1	XP_001122546.4	22.222	81	55	2	25	97	112	192	0.048	23.1
XP_003400880.1	XP_016767396.2	17.925	106	80	4	174	275	186	288	0.042	24.3
XP_003400880.1	XP_001122546.4	17.925	106	80	4	174	275	186	288	0.045	24.3
XP_003401425.1	XP_001122546.4	25.556	90	63	2	37	122	426	515	0.030	25.0
XP_003401447.1	XP_016767396.2	25.000	96	54	4	285	373	609	693	0.017	26.2
XP_003401447.1	XP_001122546.4	25.000	96	54	4	285	373	589	673	0.019	25.8
XP_003401447.1	XP_001122546.4	31.707	41	26	1	272	310	477	517	0.028	25.4
XP_003401491.1	XP_001122546.4	35.714	42	27	0	14	55	229	270	0.033	23.9
XP_003401491.1	XP_016767396.2	35.714	42	27	0	14	55	229	270	0.033	23.9
XP_003401693.1	XP_016767396.2	23.729	59	31	1	74	118	100	158	0.002	25.8
XP_003401693.1	XP_001122546.4	23.729	59	31	1	74	118	100	158	0.003	25.8
XP_003402127.1	XP_016767396.2	41.935	31	16	1	47	75	248	278	0.019	25.4
XP_003402127.1	XP_001122546.4	41.935	31	16	1	47	75	248	278	0.020	25.0
XP_003402255.1	XP_016767396.2	32.000	75	47	1	241	315	567	637	0.007	26.9
XP_003402255.1	XP_001122546.4	32.000	75	47	1	241	315	547	617	0.007	26.9
XP_003402369.1	XP_001122546.4	35.714	28	18	0	26	53	365	392	0.031	25.4
XP_003402369.1	XP_016767396.2	35.714	28	18	0	26	53	365	392	0.033	25.0
XP_003403063.1	XP_001122546.4	25.490	102	56	4	183	272	238	331	0.024	25.8
XP_003403063.1	XP_016767396.2	25.490	102	56	4	183	272	238	331	0.025	25.8
XP_003403175.1	XP_016767396.2	31.579	38	24	1	171	208	344	379	0.026	25.4
XP_003403175.1	XP_001122546.4	31.579	38	24	1	171	208	344	379	0.027	25.4
XP_003403266.1	XP_016767396.2	32.609	46	22	2	59	100	245	285	0.013	24.3
XP_003403266.1	XP_001122546.4	32.609	46	22	2	59	100	245	285	0.014	24.3
XP_012163205.1	XP_026296025.1	96.691	272	9	0	2	273	11	282	0.0	548
XP_012163205.1	XP_026296028.1	97.407	270	7	0	4	273	1	270	0.0	547
XP_012163205.1	XP_026296027.1	97.407	270	7	0	4	273	1	270	0.0	547
XP_012163205.1	XP_026296026.1	97.407	270	7	0	4	273	1	270	0.0	547
XP_012163206.1	XP_026296025.1	97.407	270	7	0	1	270	13	282	0.0	547
XP_012163206.1	XP_026296028.1	97.407	270	7	0	1	270	1	270	0.0	546
XP_012163206.1	XP_026296027.1	97.407	270	7	0	1	270	1	270	0.0	546
XP_012163206.1	XP_026296026.1	97.407	270	7	0	1	270	1	270	0.0	546
XP_012163207.1	XP_026296025.1	97.407	270	7	0	1	270	13	282	0.0	547
XP_012163207.1	XP_026296028.1	97.407	270	7	0	1	270	1	270	0.0	546
XP_012163207.1	XP_026296027.1	97.407	270	7	0	1	270	1	270	0.0	546
XP_012163207.1	XP_026296026.1	97.407	270	7	0	1	270	1	270	0.0	546
XP_012163662.1	XP_016767396.2	26.582	79	45	4	118	188	320	393	0.019	24.3
XP_012163662.1	XP_001122546.4	26.582	79	45	4	118	188	320	393	0.020	24.3
XP_012163670.1	XP_016767396.2	26.582	79	45	4	118	188	320	393	0.019	24.3
XP_012163670.1	XP_001122546.4	26.582	79	45	4	118	188	320	393	0.020	24.3
XP_012163678.1	XP_001122546.4	26.000	100	60	5	118	209	320	413	0.006	25.8
XP_012163678.1	XP_016767396.2	26.000	100	60	5	118	209	320	413	0.006	25.8
XP_012163687.1	XP_001122546.4	26.582	79	45	4	97	167	320	393	0.039	23.1
XP_012163687.1	XP_016767396.2	26.582	79	45	4	97	167	320	393	0.040	23.1
XP_012163703.1	XP_001122546.4	26.582	79	45	4	97	167	320	393	0.039	23.1
XP_012163703.1	XP_016767396.2	26.582	79	45	4	97	167	320	393	0.040	23.1
XP_012163708.1	XP_001122546.4	26.582	79	45	4	97	167	320	393	0.039	23.1
XP_012163708.1	XP_016767396.2	26.582	79	45	4	97	167	320	393	0.040	23.1
XP_012163719.1	XP_016767396.2	26.000	100	60	5	97	188	320	413	0.014	24.6
XP_012163719.1	XP_001122546.4	26.000	100	60	5	97	188	320	413	0.014	24.6
XP_012164162.1	XP_026296028.1	35.897	39	24	1	336	373	85	123	0.005	28.1
XP_012164162.1	XP_026296027.1	35.897	39	24	1	336	373	85	123	0.005	28.1
XP_012164162.1	XP_026296026.1	35.897	39	24	1	336	373	85	123	0.005	28.1
XP_012164162.1	XP_026296025.1	34.146	41	26	1	336	375	97	137	0.005	28.1
XP_012164670.1	XP_001122546.4	28.169	71	36	3	151	206	447	517	0.035	25.8
XP_012164671.1	XP_001122546.4	28.169	71	36	3	131	186	447	517	0.031	25.8
XP_012164672.1	XP_001122546.4	28.169	71	36	3	131	186	447	517	0.031	25.8
XP_012164673.1	XP_001122546.4	28.169	71	36	3	151	206	447	517	0.032	25.8
XP_012164674.1	XP_001122546.4	28.169	71	36	3	98	153	447	517	0.040	25.4
XP_012164675.1	XP_001122546.4	28.169	71	36	3	98	153	447	517	0.040	25.4
XP_012164720.1	XP_016767396.2	25.000	104	73	1	93	196	313	411	0.005	28.9
XP_012164720.1	XP_001122546.4	25.000	104	73	1	93	196	313	411	0.006	28.5
XP_012164818.1	XP_001122546.4	27.848	79	52	2	135	208	431	509	0.015	25.8
XP_012164967.2	XP_001122546.4	27.632	152	92	5	467	612	401	540	0.006	28.1
XP_012165733.1	XP_016767396.2	31.250	80	43	3	389	467	201	269	5.82e-04	30.8
XP_012165733.1	XP_001122546.4	31.250	80	43	3	389	467	201	269	5.90e-04	30.8
XP_012165734.1	XP_016767396.2	31.250	80	43	3	389	467	201	269	5.82e-04	30.8
XP_012165734.1	XP_001122546.4	31.250	80	43	3	389	467	201	269	5.90e-04	30.8
XP_012165735.1	XP_016767396.2	31.250	80	43	3	389	467	201	269	5.82e-04	30.8
XP_012165735.1	XP_001122546.4	31.250	80	43	3	389	467	201	269	5.90e-04	30.8
XP_012165736.1	XP_001122546.4	31.250	80	43	3	318	396	201	269	6.60e-04	30.4
XP_012165736.1	XP_016767396.2	31.250	80	43	3	318	396	201	269	7.10e-04	30.4
XP_012165737.1	XP_001122546.4	31.250	80	43	3	318	396	201	269	6.60e-04	30.4
XP_012165737.1	XP_016767396.2	31.250	80	43	3	318	396	201	269	7.10e-04	30.4
XP_012165738.1	XP_016767396.2	61.905	21	8	0	178	198	201	221	6.56e-04	29.6
XP_012165738.1	XP_001122546.4	61.905	21	8	0	178	198	201	221	6.71e-04	29.6
XP_012165769.1	XP_001122571.3	25.333	75	47	2	150	224	257	322	0.020	25.4
XP_012165815.1	XP_001122546.4	28.477	151	80	9	16	151	370	507	0.005	26.6
XP_012165972.1	XP_001122546.4	30.000	30	21	0	132	161	679	708	0.042	22.7
XP_012165972.1	XP_016767396.2	30.000	30	21	0	132	161	699	728	0.044	22.7
XP_012165973.1	XP_001122546.4	30.000	30	21	0	132	161	679	708	0.042	22.7
XP_012165973.1	XP_016767396.2	30.000	30	21	0	132	161	699	728	0.044	22.7
XP_012165974.1	XP_001122546.4	30.000	30	21	0	132	161	679	708	0.042	22.7
XP_012165974.1	XP_016767396.2	30.000	30	21	0	132	161	699	728	0.044	22.7
XP_012166136.1	XP_016767396.2	47.826	23	12	0	76	98	497	519	0.036	21.9
XP_012166160.1	XP_016767396.2	30.189	53	37	0	415	467	51	103	0.008	28.1
XP_012166160.1	XP_001122546.4	30.189	53	37	0	415	467	51	103	0.009	28.1
XP_012166176.1	XP_016767396.2	23.711	97	65	3	153	246	604	694	0.004	27.3
XP_012166176.1	XP_001122546.4	23.958	96	64	3	154	246	585	674	0.004	27.3
XP_012166178.1	XP_016767396.2	23.711	97	65	3	153	246	604	694	0.004	27.3
XP_012166178.1	XP_001122546.4	23.958	96	64	3	154	246	585	674	0.004	27.3
XP_012166179.1	XP_016767396.2	23.711	97	65	3	153	246	604	694	0.004	27.3
XP_012166179.1	XP_001122546.4	23.958	96	64	3	154	246	585	674	0.004	27.3
XP_012166483.1	XP_016767396.2	28.261	46	33	0	713	758	490	535	0.005	28.9
XP_012167081.1	XP_016767396.2	23.853	109	68	4	181	277	10	115	0.039	25.8
XP_012167081.1	XP_001122546.4	23.853	109	68	4	181	277	10	115	0.043	25.8
XP_012167342.1	XP_001122546.4	27.778	36	26	0	209	244	5	40	0.040	23.9
XP_012167342.1	XP_016767396.2	28.125	32	23	0	213	244	9	40	0.041	23.9
XP_012167406.1	XP_016767396.2	24.731	93	63	2	26	118	39	124	0.018	25.0
XP_012167406.1	XP_001122546.4	24.731	93	63	2	26	118	39	124	0.022	24.6
XP_012167417.2	XP_001122546.4	27.749	191	111	9	388	567	495	669	0.028	27.7
XP_012167417.2	XP_016767396.2	27.749	191	111	9	388	567	515	689	0.028	27.7
XP_012167610.1	NP_001011607.1	46.154	13	7	0	71	83	57	69	0.019	23.1
XP_012167611.1	NP_001011607.1	46.154	13	7	0	71	83	57	69	0.019	23.1
XP_012167612.1	NP_001011607.1	46.154	13	7	0	71	83	57	69	0.019	23.1
XP_012167613.1	NP_001011607.1	46.154	13	7	0	71	83	57	69	0.019	23.1
XP_012167715.1	XP_016767396.2	26.087	69	46	2	67	130	659	727	0.030	25.0
XP_012167715.1	XP_001122546.4	26.087	69	46	2	67	130	639	707	0.034	25.0
XP_012167998.2	XP_016767396.2	35.294	34	22	0	207	240	155	188	0.026	24.6
XP_012167998.2	XP_001122546.4	35.294	34	22	0	207	240	155	188	0.027	24.6
XP_012168138.1	XP_001122546.4	28.571	42	30	0	163	204	81	122	0.013	25.0
XP_012168138.1	XP_016767396.2	28.571	42	30	0	163	204	81	122	0.048	23.5
XP_012168139.1	XP_001122546.4	28.571	42	30	0	163	204	81	122	0.013	25.0
XP_012168139.1	XP_016767396.2	28.571	42	30	0	163	204	81	122	0.048	23.5
XP_012168785.2	XP_001122546.4	47.619	21	11	0	204	224	365	385	0.034	23.5
XP_012168785.2	XP_016767396.2	47.619	21	11	0	204	224	365	385	0.034	23.5
XP_012168841.1	XP_001122546.4	47.368	19	10	0	29	47	331	349	0.019	25.4
XP_012168841.1	XP_016767396.2	47.368	19	10	0	29	47	331	349	0.020	25.4
XP_012168869.1	XP_016767396.2	39.216	51	28	2	62	111	328	376	0.005	27.3
XP_012168869.1	XP_001122546.4	39.216	51	28	2	62	111	328	376	0.005	27.3
XP_012168918.1	XP_001122546.4	25.217	115	65	4	75	174	408	516	0.048	24.3
XP_012168919.1	XP_001122546.4	25.217	115	65	4	75	174	408	516	0.048	24.3
XP_012168920.1	XP_001122546.4	25.217	115	65	4	75	174	408	516	0.049	24.3
XP_012168923.1	XP_001122546.4	25.217	115	65	4	75	174	408	516	0.050	24.3
XP_012168924.1	XP_001122546.4	25.217	115	65	4	75	174	408	516	0.049	24.3
XP_012169150.1	XP_001122546.4	32.353	68	34	2	268	327	469	532	0.032	25.0
XP_012169177.1	XP_001122546.4	32.353	68	34	2	268	327	469	532	0.034	25.0
XP_012169454.1	XP_016767396.2	28.205	78	51	1	207	284	136	208	0.002	28.9
XP_012169454.1	XP_001122546.4	28.205	78	51	1	207	284	136	208	0.002	28.9
XP_012169457.1	XP_016767396.2	27.049	122	73	5	1139	1253	54	166	0.006	29.6
XP_012169457.1	XP_016767396.2	33.333	60	36	2	1077	1132	109	168	0.007	29.3
XP_012169457.1	XP_001122546.4	27.049	122	73	5	1139	1253	54	166	0.007	29.6
XP_012169457.1	XP_001122546.4	33.333	60	36	2	1077	1132	109	168	0.007	29.3
XP_012169562.1	XP_001122546.4	25.490	51	33	1	41	91	654	699	0.027	24.3
XP_012169562.1	XP_016767396.2	25.490	51	33	1	41	91	674	719	0.028	24.3
XP_012169563.1	XP_001122546.4	25.490	51	33	1	41	91	654	699	0.027	24.3
XP_012169563.1	XP_016767396.2	25.490	51	33	1	41	91	674	719	0.028	24.3
XP_012169564.1	XP_001122546.4	25.490	51	33	1	41	91	654	699	0.027	24.3
XP_012169564.1	XP_016767396.2	25.490	51	33	1	41	91	674	719	0.028	24.3
XP_012169566.1	XP_001122546.4	25.490	51	33	1	41	91	654	699	0.027	24.3
XP_012169566.1	XP_016767396.2	25.490	51	33	1	41	91	674	719	0.028	24.3
XP_012169567.1	XP_001122546.4	25.490	51	33	1	41	91	654	699	0.027	24.3
XP_012169567.1	XP_016767396.2	25.490	51	33	1	41	91	674	719	0.028	24.3
XP_012169569.1	XP_001122546.4	25.490	51	33	1	41	91	654	699	0.027	24.3
XP_012169569.1	XP_016767396.2	25.490	51	33	1	41	91	674	719	0.028	24.3
XP_012169570.1	XP_001122546.4	25.490	51	33	1	41	91	654	699	0.027	24.3
XP_012169570.1	XP_016767396.2	25.490	51	33	1	41	91	674	719	0.028	24.3
XP_012169868.2	XP_016767396.2	25.381	197	115	9	181	361	500	680	0.017	26.9
XP_012169868.2	XP_001122546.4	24.324	185	109	8	189	361	495	660	0.021	26.9
XP_012169938.1	XP_026296025.1	46.667	15	8	0	166	180	166	180	0.037	23.1
XP_012169938.1	XP_026296028.1	46.667	15	8	0	166	180	154	168	0.037	22.7
XP_012169938.1	XP_026296027.1	46.667	15	8	0	166	180	154	168	0.037	22.7
XP_012169938.1	XP_026296026.1	46.667	15	8	0	166	180	154	168	0.037	22.7
XP_012170015.1	XP_016767396.2	30.303	66	42	2	565	629	85	147	0.017	27.7
XP_012170015.1	XP_001122546.4	30.303	66	42	2	565	629	85	147	0.017	27.3
XP_012170019.1	XP_016767396.2	30.303	66	42	2	565	629	85	147	0.017	27.7
XP_012170019.1	XP_001122546.4	30.303	66	42	2	565	629	85	147	0.017	27.3
XP_012170051.1	XP_016767396.2	20.732	82	61	2	57	136	187	266	0.025	23.5
XP_012170051.1	XP_001122546.4	20.732	82	61	2	57	136	187	266	0.025	23.5
XP_012170136.1	XP_016767396.2	32.877	73	48	1	648	719	622	694	0.033	25.8
XP_012170136.1	XP_001122546.4	32.877	73	48	1	648	719	602	674	0.036	25.8
XP_012170578.1	XP_001122571.3	33.333	48	27	1	328	375	17	59	0.007	26.6
XP_012170794.1	XP_001122546.4	27.273	44	30	1	29	70	20	63	0.028	22.7
XP_012170794.1	XP_016767396.2	27.273	44	30	1	29	70	20	63	0.028	22.7
XP_012170811.1	XP_001122546.4	24.074	108	67	3	78	177	413	513	0.011	25.4
XP_012170812.1	XP_001122546.4	24.074	108	67	3	78	177	413	513	0.011	25.4
XP_012171399.1	XP_026296025.1	56.250	16	7	0	356	371	143	158	0.045	24.3
XP_012171399.1	XP_026296028.1	56.250	16	7	0	356	371	131	146	0.048	24.3
XP_012171399.1	XP_026296027.1	56.250	16	7	0	356	371	131	146	0.048	24.3
XP_012171399.1	XP_026296026.1	56.250	16	7	0	356	371	131	146	0.048	24.3
XP_012171400.1	XP_026296025.1	56.250	16	7	0	356	371	143	158	0.045	24.3
XP_012171400.1	XP_026296028.1	56.250	16	7	0	356	371	131	146	0.048	24.3
XP_012171400.1	XP_026296027.1	56.250	16	7	0	356	371	131	146	0.048	24.3
XP_012171400.1	XP_026296026.1	56.250	16	7	0	356	371	131	146	0.048	24.3
XP_012171511.1	XP_016767396.2	34.211	38	21	1	45	78	143	180	0.032	22.3
XP_012171511.1	XP_016767396.2	31.250	32	22	0	50	81	78	109	0.043	21.9
XP_012171511.1	XP_001122546.4	30.952	42	25	1	41	78	139	180	0.035	22.3
XP_012171838.1	XP_016767396.2	30.769	117	57	7	98	214	501	593	0.008	27.7
XP_012171838.1	XP_001122546.4	30.631	111	55	6	104	214	485	573	0.010	27.3
XP_012171839.1	XP_016767396.2	30.769	117	57	7	44	160	501	593	0.005	28.1
XP_012171839.1	XP_001122546.4	30.631	111	55	6	50	160	485	573	0.006	28.1
XP_012171840.1	XP_016767396.2	30.769	117	57	7	98	214	501	593	0.008	27.3
XP_012171840.1	XP_001122546.4	30.631	111	55	6	104	214	485	573	0.011	26.9
XP_012172239.1	XP_001122571.3	20.408	98	69	2	1	98	258	346	0.011	25.0
XP_012172288.2	XP_016767396.2	30.952	42	29	0	314	355	258	299	0.006	27.3
XP_012172288.2	XP_001122546.4	30.952	42	29	0	314	355	258	299	0.006	27.3
XP_012172553.1	XP_016767396.2	30.645	62	40	2	124	182	697	758	0.029	26.2
XP_012172553.1	XP_001122546.4	30.000	60	39	2	126	182	679	738	0.037	25.8
XP_012172557.1	XP_016767396.2	30.645	62	40	2	9	67	697	758	0.037	25.8
XP_012172557.1	XP_001122546.4	30.000	60	39	2	11	67	679	738	0.047	25.4
XP_012172648.2	XP_001122546.4	24.615	65	49	0	1	65	451	515	0.038	24.3
XP_012172661.1	XP_016767396.2	25.000	96	54	4	285	373	609	693	0.017	26.2
XP_012172661.1	XP_001122546.4	25.000	96	54	4	285	373	589	673	0.019	25.8
XP_012172661.1	XP_001122546.4	31.707	41	26	1	272	310	477	517	0.028	25.4
XP_012172663.1	XP_016767396.2	25.000	96	54	4	285	373	609	693	0.017	26.2
XP_012172663.1	XP_001122546.4	25.000	96	54	4	285	373	589	673	0.019	25.8
XP_012172663.1	XP_001122546.4	31.707	41	26	1	272	310	477	517	0.028	25.4
XP_012172664.1	XP_016767396.2	25.000	96	54	4	285	373	609	693	0.017	26.2
XP_012172664.1	XP_001122546.4	25.000	96	54	4	285	373	589	673	0.019	25.8
XP_012172664.1	XP_001122546.4	31.707	41	26	1	272	310	477	517	0.028	25.4
XP_012172665.1	XP_016767396.2	25.000	96	54	4	285	373	609	693	0.017	26.2
XP_012172665.1	XP_001122546.4	25.000	96	54	4	285	373	589	673	0.019	25.8
XP_012172665.1	XP_001122546.4	31.707	41	26	1	272	310	477	517	0.028	25.4
XP_012172731.2	XP_016767396.2	34.146	41	20	1	49	89	262	295	0.011	23.5
XP_012172731.2	XP_001122546.4	34.146	41	20	1	49	89	262	295	0.012	23.5
XP_012173008.1	XP_026296025.1	52.381	21	10	0	201	221	101	121	0.038	24.3
XP_012173008.1	XP_026296028.1	44.000	25	14	0	197	221	85	109	0.039	24.3
XP_012173008.1	XP_026296027.1	44.000	25	14	0	197	221	85	109	0.039	24.3
XP_012173008.1	XP_026296026.1	44.000	25	14	0	197	221	85	109	0.039	24.3
XP_012173549.1	XP_016767396.2	29.167	48	34	0	29	76	581	628	0.001	26.6
XP_012173549.1	XP_001122546.4	29.167	48	34	0	29	76	561	608	0.001	26.6
XP_012173728.1	XP_001122571.3	28.571	56	38	1	155	208	254	309	0.008	26.6
XP_012173791.1	XP_016767396.2	32.000	75	47	1	243	317	567	637	0.007	26.9
XP_012173791.1	XP_001122546.4	32.000	75	47	1	243	317	547	617	0.007	26.9
XP_012173792.1	XP_016767396.2	32.000	75	47	1	243	317	567	637	0.007	26.9
XP_012173792.1	XP_001122546.4	32.000	75	47	1	243	317	547	617	0.007	26.9
XP_012173793.1	XP_016767396.2	32.000	75	47	1	243	317	567	637	0.007	26.9
XP_012173793.1	XP_001122546.4	32.000	75	47	1	243	317	547	617	0.007	26.9
XP_012173795.1	XP_016767396.2	32.000	75	47	1	241	315	567	637	0.007	26.9
XP_012173795.1	XP_001122546.4	32.000	75	47	1	241	315	547	617	0.007	26.9
XP_012173796.1	XP_016767396.2	32.000	75	47	1	229	303	567	637	0.006	26.9
XP_012173796.1	XP_001122546.4	32.000	75	47	1	229	303	547	617	0.007	26.9
XP_012173799.1	XP_016767396.2	32.000	75	47	1	214	288	567	637	0.006	26.9
XP_012173799.1	XP_001122546.4	32.000	75	47	1	214	288	547	617	0.007	26.9
XP_012173800.1	XP_016767396.2	32.000	75	47	1	214	288	567	637	0.006	26.9
XP_012173800.1	XP_001122546.4	32.000	75	47	1	214	288	547	617	0.007	26.9
XP_012173811.1	XP_001122571.3	43.478	23	13	0	39	61	300	322	0.037	23.1
XP_012173812.1	XP_001122571.3	43.478	23	13	0	39	61	300	322	0.037	23.1
XP_012173887.1	XP_016767396.2	33.333	51	31	1	38	85	363	413	0.019	26.9
XP_012173887.1	XP_001122546.4	33.333	51	31	1	38	85	363	413	0.022	26.9
XP_012173888.1	XP_016767396.2	33.333	51	31	1	38	85	363	413	0.019	26.9
XP_012173888.1	XP_001122546.4	33.333	51	31	1	38	85	363	413	0.021	26.9
XP_012174287.1	XP_001122546.4	42.857	35	17	1	146	177	568	602	0.035	24.3
XP_012174287.1	XP_016767396.2	42.857	35	17	1	146	177	588	622	0.039	24.3
XP_012174289.1	XP_001122546.4	42.857	35	17	1	146	177	568	602	0.031	24.6
XP_012174289.1	XP_016767396.2	42.857	35	17	1	146	177	588	622	0.034	24.6
XP_012174910.1	XP_001122546.4	20.921	239	165	6	379	594	423	660	0.006	30.8
XP_012174911.1	XP_001122546.4	20.921	239	165	6	378	593	423	660	0.006	30.8
XP_012174912.1	XP_001122546.4	20.921	239	165	6	379	594	423	660	0.006	30.8
XP_012174913.1	XP_001122546.4	20.588	238	165	6	344	558	424	660	0.031	28.5
XP_012174914.1	XP_001122546.4	20.921	239	165	6	379	594	423	660	0.006	30.8
XP_012174915.1	XP_001122546.4	20.921	239	165	6	340	555	423	660	0.006	30.8
XP_012174916.1	XP_001122546.4	20.921	239	165	6	379	594	423	660	0.006	30.8
XP_012174917.1	XP_001122546.4	20.921	239	165	6	303	518	423	660	0.006	30.8
XP_012174919.1	XP_001122546.4	20.921	239	165	6	379	594	423	660	0.006	30.8
XP_012174920.1	XP_001122546.4	20.921	239	165	6	379	594	423	660	0.007	30.4
XP_012174921.1	XP_001122546.4	20.921	239	165	6	379	594	423	660	0.006	30.8
XP_012174922.1	XP_001122546.4	20.921	239	165	6	379	594	423	660	0.006	30.8
XP_012174923.1	XP_001122546.4	20.921	239	165	6	379	594	423	660	0.006	30.8
XP_012174924.1	XP_001122546.4	20.921	239	165	6	379	594	423	660	0.006	30.8
XP_012174925.1	XP_001122546.4	20.921	239	165	6	222	437	423	660	0.006	30.8
XP_012174926.1	XP_001122546.4	20.921	239	165	6	222	437	423	660	0.006	30.8
XP_012174927.1	XP_001122546.4	20.921	239	165	6	222	437	423	660	0.006	30.8
XP_012174928.1	XP_001122546.4	20.921	239	165	6	147	362	423	660	0.006	30.8
XP_012175267.1	XP_016767396.2	32.609	46	22	2	71	112	245	285	0.016	24.3
XP_012175267.1	XP_001122546.4	32.609	46	22	2	71	112	245	285	0.017	23.9
XP_012175542.2	XP_026296025.1	33.333	27	18	0	163	189	84	110	0.012	25.0
XP_012175542.2	XP_026296028.1	33.333	27	18	0	163	189	72	98	0.014	24.6
XP_012175542.2	XP_026296027.1	33.333	27	18	0	163	189	72	98	0.014	24.6
XP_012175542.2	XP_026296026.1	33.333	27	18	0	163	189	72	98	0.014	24.6
XP_012175637.1	XP_001122546.4	38.462	26	16	0	54	79	151	176	0.007	27.7
XP_012175637.1	XP_016767396.2	38.462	26	16	0	54	79	151	176	0.007	27.7
XP_012175978.1	XP_016767396.2	28.972	107	70	3	594	698	600	702	0.005	29.6
XP_012175978.1	XP_001122546.4	28.972	107	70	3	594	698	580	682	0.006	29.3
XP_012175979.1	XP_016767396.2	28.972	107	70	3	587	691	600	702	0.006	29.6
XP_012175979.1	XP_001122546.4	28.972	107	70	3	587	691	580	682	0.006	29.3
XP_012175980.1	XP_016767396.2	28.972	107	70	3	579	683	600	702	0.005	29.6
XP_012175980.1	XP_001122546.4	28.972	107	70	3	579	683	580	682	0.006	29.6
XP_012175981.1	XP_016767396.2	28.972	107	70	3	564	668	600	702	0.005	29.6
XP_012175981.1	XP_001122546.4	28.972	107	70	3	564	668	580	682	0.006	29.6
XP_012175982.1	XP_016767396.2	28.972	107	70	3	541	645	600	702	0.005	29.6
XP_012175982.1	XP_001122546.4	28.972	107	70	3	541	645	580	682	0.006	29.3
XP_012175983.1	XP_016767396.2	28.972	107	70	3	525	629	600	702	0.004	29.6
XP_012175983.1	XP_001122546.4	28.972	107	70	3	525	629	580	682	0.005	29.6
XP_012175984.1	XP_016767396.2	28.972	107	70	3	525	629	600	702	0.004	29.6
XP_012175984.1	XP_001122546.4	28.972	107	70	3	525	629	580	682	0.005	29.6
XP_012176156.1	XP_016767396.2	42.308	26	15	0	598	623	501	526	0.026	25.8
XP_012176157.1	XP_016767396.2	42.308	26	15	0	562	587	501	526	0.027	25.8
XP_012176158.1	XP_016767396.2	42.308	26	15	0	562	587	501	526	0.027	25.8
XP_012176159.1	XP_016767396.2	42.308	26	15	0	523	548	501	526	0.029	25.4
XP_012176286.1	XP_016767396.2	28.514	249	154	8	1495	1724	50	293	1.82e-04	34.7
XP_012176286.1	XP_001122546.4	28.512	242	150	7	1495	1717	50	287	2.39e-04	34.3
XP_012176287.1	XP_016767396.2	28.514	249	154	8	1487	1716	50	293	1.78e-04	34.7
XP_012176287.1	XP_001122546.4	28.514	249	154	8	1487	1716	50	293	2.23e-04	34.3
XP_012176362.2	XP_001122546.4	28.000	50	28	1	262	303	410	459	0.047	24.3
XP_012176362.2	XP_016767396.2	28.000	50	28	1	262	303	410	459	0.047	24.3
XP_012176495.1	XP_016767396.2	29.070	86	59	1	1081	1164	147	232	0.007	29.3
XP_012176495.1	XP_001122546.4	29.070	86	59	1	1081	1164	147	232	0.009	28.9
XP_012176585.1	XP_016767396.2	25.000	180	108	7	590	760	262	423	0.019	26.6
XP_012176585.1	XP_001122546.4	25.000	180	108	7	590	760	262	423	0.023	26.6
XP_012176586.1	XP_016767396.2	25.000	180	108	7	590	760	262	423	0.019	26.6
XP_012176586.1	XP_001122546.4	25.000	180	108	7	590	760	262	423	0.023	26.6
XP_020718385.1	XP_016767396.2	78.662	792	152	6	1	791	1	776	0.0	1229
XP_020718385.1	XP_001122546.4	77.244	791	145	5	1	791	1	756	0.0	1200
XP_020718386.1	NP_001011607.1	50.000	26	13	0	4	29	1	26	0.008	21.6
XP_020718504.1	XP_016767396.2	26.582	79	45	4	118	188	320	393	0.019	24.3
XP_020718504.1	XP_001122546.4	26.582	79	45	4	118	188	320	393	0.020	24.3
XP_020718515.1	XP_001122546.4	26.582	79	45	4	97	167	320	393	0.039	23.1
XP_020718515.1	XP_016767396.2	26.582	79	45	4	97	167	320	393	0.040	23.1
XP_020718553.1	XP_026296025.1	92.388	289	15	1	1	289	1	282	0.0	548
XP_020718553.1	XP_026296028.1	97.407	270	7	0	20	289	1	270	0.0	546
XP_020718553.1	XP_026296027.1	97.407	270	7	0	20	289	1	270	0.0	546
XP_020718553.1	XP_026296026.1	97.407	270	7	0	20	289	1	270	0.0	546
XP_020718676.1	XP_001122546.4	32.353	68	34	2	268	327	469	532	0.035	25.0
XP_020718682.1	XP_001122546.4	32.353	68	34	2	268	327	469	532	0.035	25.0
XP_020718856.1	XP_001122546.4	24.603	126	92	1	1501	1626	206	328	0.002	31.2
XP_020718856.1	XP_016767396.2	24.603	126	92	1	1501	1626	206	328	0.002	31.2
XP_020719068.1	XP_001122546.4	27.632	152	92	5	558	703	401	540	0.006	28.5
XP_020719120.1	XP_001122546.4	27.660	47	29	3	100	142	192	237	0.012	26.2
XP_020719120.1	XP_016767396.2	27.660	47	29	3	100	142	192	237	0.013	26.2
XP_020719131.1	XP_001122546.4	28.169	71	36	3	151	206	447	517	0.036	25.4
XP_020719132.1	XP_001122546.4	28.169	71	36	3	98	153	447	517	0.040	25.4
XP_020719308.1	XP_001122571.3	25.333	75	47	2	135	209	257	322	0.014	25.8
XP_020719450.1	XP_001122571.3	36.364	22	14	0	15	36	301	322	0.015	23.1
XP_020719452.1	XP_001122571.3	36.364	22	14	0	15	36	301	322	0.015	23.1
XP_020719466.1	XP_016767396.2	21.782	101	70	3	521	621	207	298	0.013	27.7
XP_020719466.1	XP_001122546.4	21.782	101	70	3	521	621	207	298	0.015	27.7
XP_020719557.1	XP_001122546.4	44.444	27	15	0	264	290	177	203	0.026	24.6
XP_020719557.1	XP_016767396.2	44.444	27	15	0	264	290	177	203	0.031	24.3
XP_020719558.1	XP_001122546.4	44.444	27	15	0	264	290	177	203	0.026	24.6
XP_020719558.1	XP_016767396.2	44.444	27	15	0	264	290	177	203	0.031	24.3
XP_020719560.1	XP_001122546.4	44.444	27	15	0	264	290	177	203	0.026	24.6
XP_020719560.1	XP_016767396.2	44.444	27	15	0	264	290	177	203	0.031	24.3
XP_020719589.1	XP_001122546.4	31.250	80	43	3	364	442	201	269	6.75e-04	30.4
XP_020719589.1	XP_016767396.2	31.250	80	43	3	364	442	201	269	6.89e-04	30.4
XP_020719691.1	XP_016767396.2	44.828	29	16	0	1950	1978	57	85	0.031	27.3
XP_020719691.1	XP_001122546.4	44.828	29	16	0	1950	1978	57	85	0.032	27.3
XP_020719817.1	XP_026296028.1	40.000	40	16	2	110	143	148	185	0.032	26.2
XP_020719817.1	XP_026296027.1	40.000	40	16	2	110	143	148	185	0.032	26.2
XP_020719817.1	XP_026296026.1	40.000	40	16	2	110	143	148	185	0.032	26.2
XP_020719817.1	XP_026296025.1	40.000	40	16	2	110	143	160	197	0.039	25.8
XP_020719978.1	XP_001122546.4	27.749	191	111	9	384	563	495	669	0.028	27.7
XP_020719978.1	XP_016767396.2	27.749	191	111	9	384	563	515	689	0.029	27.7
XP_020720149.1	XP_001122546.4	27.273	33	24	0	20	52	493	525	0.010	21.6
XP_020720149.1	XP_016767396.2	27.273	33	24	0	20	52	513	545	0.011	21.6
XP_020720151.1	XP_016767396.2	22.222	81	63	0	423	503	474	554	0.011	27.3
XP_020720163.1	NP_001011607.1	46.154	13	7	0	71	83	57	69	0.019	23.1
XP_020720164.1	NP_001011607.1	46.154	13	7	0	71	83	57	69	0.019	23.1
XP_020720165.1	NP_001011607.1	46.154	13	7	0	71	83	57	69	0.019	23.1
XP_020720166.1	NP_001011607.1	46.154	13	7	0	71	83	57	69	0.019	23.1
XP_020720167.1	NP_001011607.1	46.154	13	7	0	71	83	57	69	0.019	23.1
XP_020720433.1	XP_016767396.2	26.087	69	46	2	67	130	659	727	0.026	25.4
XP_020720433.1	XP_001122546.4	26.087	69	46	2	67	130	639	707	0.031	25.0
XP_020720832.1	XP_016767396.2	38.095	21	13	0	21	41	540	560	0.019	23.1
XP_020720832.1	XP_001122546.4	38.095	21	13	0	21	41	520	540	0.019	23.1
XP_020721117.1	XP_001122546.4	25.490	51	33	1	41	91	654	699	0.020	24.6
XP_020721117.1	XP_016767396.2	25.490	51	33	1	41	91	674	719	0.022	24.6
XP_020721221.1	XP_016767396.2	39.216	51	28	2	113	162	328	376	0.004	27.7
XP_020721221.1	XP_001122546.4	39.216	51	28	2	113	162	328	376	0.005	27.3
XP_020721261.1	XP_001122546.4	20.968	248	144	8	25	244	103	326	0.017	25.4
XP_020721261.1	XP_016767396.2	20.968	248	144	8	25	244	103	326	0.018	25.4
XP_020721371.1	XP_026296025.1	46.667	15	8	0	165	179	166	180	0.036	23.1
XP_020721371.1	XP_026296028.1	46.667	15	8	0	165	179	154	168	0.037	22.7
XP_020721371.1	XP_026296027.1	46.667	15	8	0	165	179	154	168	0.037	22.7
XP_020721371.1	XP_026296026.1	46.667	15	8	0	165	179	154	168	0.037	22.7
XP_020721443.1	XP_001122546.4	30.435	46	27	1	153	193	550	595	0.032	25.4
XP_020721443.1	XP_016767396.2	30.435	46	27	1	153	193	570	615	0.033	25.4
XP_020721453.1	XP_026296025.1	25.000	72	48	2	123	189	149	219	0.039	24.6
XP_020721453.1	XP_026296028.1	25.000	72	48	2	123	189	137	207	0.047	24.3
XP_020721453.1	XP_026296027.1	25.000	72	48	2	123	189	137	207	0.047	24.3
XP_020721453.1	XP_026296026.1	25.000	72	48	2	123	189	137	207	0.047	24.3
XP_020721454.1	XP_026296025.1	25.000	72	48	2	82	148	149	219	0.035	24.6
XP_020721454.1	XP_026296028.1	25.000	72	48	2	82	148	137	207	0.039	24.3
XP_020721454.1	XP_026296027.1	25.000	72	48	2	82	148	137	207	0.039	24.3
XP_020721454.1	XP_026296026.1	25.000	72	48	2	82	148	137	207	0.039	24.3
XP_020721494.1	XP_016767396.2	26.087	92	51	4	584	660	642	731	0.045	25.4
XP_020721494.1	XP_001122546.4	26.087	92	51	4	584	660	622	711	0.047	25.4
XP_020721554.1	XP_016767396.2	29.412	51	36	0	317	367	365	415	0.048	24.6
XP_020721587.1	XP_001122571.3	33.333	48	27	1	328	375	17	59	0.007	26.6
XP_020721714.1	XP_001122546.4	42.105	19	11	0	32	50	472	490	0.048	21.6
XP_020722004.1	XP_026296025.1	56.250	16	7	0	356	371	143	158	0.045	24.3
XP_020722004.1	XP_026296028.1	56.250	16	7	0	356	371	131	146	0.048	24.3
XP_020722004.1	XP_026296027.1	56.250	16	7	0	356	371	131	146	0.048	24.3
XP_020722004.1	XP_026296026.1	56.250	16	7	0	356	371	131	146	0.048	24.3
XP_020722014.1	XP_016767396.2	25.974	77	47	3	545	618	482	551	0.037	25.8
XP_020722015.1	XP_016767396.2	25.974	77	47	3	545	618	482	551	0.037	25.8
XP_020722016.1	XP_016767396.2	25.974	77	47	3	545	618	482	551	0.037	25.8
XP_020722017.1	XP_016767396.2	25.974	77	47	3	545	618	482	551	0.037	25.8
XP_020722344.1	XP_016767396.2	39.286	28	14	1	108	132	141	168	0.034	24.6
XP_020722344.1	XP_001122546.4	39.286	28	14	1	108	132	141	168	0.035	24.6
XP_020722452.1	XP_016767396.2	25.000	96	54	4	285	373	609	693	0.017	26.2
XP_020722452.1	XP_001122546.4	25.000	96	54	4	285	373	589	673	0.019	25.8
XP_020722452.1	XP_001122546.4	31.707	41	26	1	272	310	477	517	0.028	25.4
XP_020722453.1	XP_016767396.2	25.000	96	54	4	285	373	609	693	0.017	26.2
XP_020722453.1	XP_001122546.4	25.000	96	54	4	285	373	589	673	0.019	25.8
XP_020722453.1	XP_001122546.4	31.707	41	26	1	272	310	477	517	0.028	25.4
XP_020722504.1	XP_026296025.1	28.571	35	25	0	89	123	144	178	0.008	27.3
XP_020722504.1	XP_026296028.1	28.571	35	25	0	89	123	132	166	0.010	26.9
XP_020722504.1	XP_026296027.1	28.571	35	25	0	89	123	132	166	0.010	26.9
XP_020722504.1	XP_026296026.1	28.571	35	25	0	89	123	132	166	0.010	26.9
XP_020722869.1	XP_001122546.4	20.779	77	60	1	98	173	138	214	0.014	24.3
XP_020722869.1	XP_016767396.2	20.779	77	60	1	98	173	138	214	0.015	24.3
XP_020722876.1	XP_001122546.4	20.779	77	60	1	98	173	138	214	0.014	24.3
XP_020722876.1	XP_016767396.2	20.779	77	60	1	98	173	138	214	0.015	24.3
XP_020722877.1	XP_001122546.4	20.779	77	60	1	98	173	138	214	0.014	24.3
XP_020722877.1	XP_016767396.2	20.779	77	60	1	98	173	138	214	0.015	24.3
XP_020723241.1	XP_016767396.2	32.000	75	47	1	231	305	567	637	0.006	26.9
XP_020723241.1	XP_001122546.4	32.000	75	47	1	231	305	547	617	0.007	26.9
XP_020723242.1	XP_016767396.2	32.000	75	47	1	214	288	567	637	0.006	26.9
XP_020723242.1	XP_001122546.4	32.000	75	47	1	214	288	547	617	0.007	26.9
XP_020723250.1	XP_016767396.2	27.615	239	129	12	1189	1403	52	270	0.010	28.5
XP_020723250.1	XP_001122546.4	27.615	239	129	12	1189	1403	52	270	0.012	28.1
XP_020723250.1	XP_001122546.4	21.893	169	114	6	1166	1328	375	531	0.023	27.3
XP_020723256.1	XP_016767396.2	24.818	137	95	3	450	583	47	178	0.031	25.8
XP_020723256.1	XP_001122546.4	24.818	137	95	3	450	583	47	178	0.037	25.4
XP_020723257.1	XP_016767396.2	24.818	137	95	3	428	561	47	178	0.038	25.4
XP_020723257.1	XP_001122546.4	24.818	137	95	3	428	561	47	178	0.039	25.4
XP_020723258.1	XP_016767396.2	24.818	137	95	3	428	561	47	178	0.038	25.4
XP_020723258.1	XP_001122546.4	24.818	137	95	3	428	561	47	178	0.039	25.4
XP_020723259.1	XP_016767396.2	24.818	137	95	3	428	561	47	178	0.038	25.4
XP_020723259.1	XP_001122546.4	24.818	137	95	3	428	561	47	178	0.039	25.4
XP_020723260.1	XP_016767396.2	24.818	137	95	3	380	513	47	178	0.031	25.4
XP_020723260.1	XP_001122546.4	24.818	137	95	3	380	513	47	178	0.035	25.4
XP_020723286.1	XP_016767396.2	33.333	51	31	1	38	85	363	413	0.019	26.9
XP_020723286.1	XP_001122546.4	33.333	51	31	1	38	85	363	413	0.022	26.9
XP_020723304.1	XP_001122546.4	31.915	94	51	3	415	497	492	583	0.041	25.4
XP_020723304.1	XP_016767396.2	31.915	94	51	3	415	497	512	603	0.041	25.4
XP_020723318.1	XP_001122546.4	39.024	41	25	0	189	229	453	493	0.008	28.9
XP_020723553.1	XP_001122546.4	20.053	379	204	12	210	499	289	657	0.012	27.3
XP_020723744.1	XP_016767396.2	31.579	38	24	1	171	208	344	379	0.026	25.4
XP_020723744.1	XP_001122546.4	31.579	38	24	1	171	208	344	379	0.027	25.4
XP_020723745.1	XP_016767396.2	31.579	38	24	1	171	208	344	379	0.026	25.4
XP_020723745.1	XP_001122546.4	31.579	38	24	1	171	208	344	379	0.027	25.4
XP_020723763.1	XP_001122546.4	20.921	239	165	6	304	519	423	660	0.006	30.8
XP_020723794.1	XP_016767396.2	27.273	121	74	2	427	536	198	315	0.018	26.6
XP_020723794.1	XP_001122546.4	27.273	121	74	2	427	536	198	315	0.019	26.2
XP_020723991.1	XP_016767396.2	38.462	26	16	0	30	55	151	176	0.006	28.1
XP_020723991.1	XP_001122546.4	38.462	26	16	0	30	55	151	176	0.006	27.7
XP_020724058.1	XP_016767396.2	29.870	77	52	1	1094	1168	156	232	0.020	27.7
XP_020724058.1	XP_001122546.4	30.556	72	48	1	1099	1168	161	232	0.027	27.3
XP_020724059.1	XP_016767396.2	29.870	77	52	1	1093	1167	156	232	0.020	27.7
XP_020724059.1	XP_001122546.4	30.556	72	48	1	1098	1167	161	232	0.027	27.3
XP_020724256.1	XP_016767396.2	28.514	249	154	8	1353	1582	50	293	1.83e-04	34.7
XP_020724256.1	XP_001122546.4	28.512	242	150	7	1353	1575	50	287	2.66e-04	33.9
XP_020724273.1	XP_016767396.2	28.972	107	70	3	572	676	600	702	0.005	29.6
XP_020724273.1	XP_001122546.4	28.972	107	70	3	572	676	580	682	0.006	29.6
XP_020724280.1	XP_001122546.4	28.788	66	46	1	347	411	49	114	0.013	26.9
XP_020724280.1	XP_016767396.2	28.788	66	46	1	347	411	49	114	0.014	26.9
