XP_011250528.1	XP_001122571.3	20.000	100	59	3	2	96	257	340	0.040	25.0
XP_011250536.1	XP_016767396.2	32.609	46	31	0	229	274	506	551	0.001	28.9
XP_011250536.1	XP_001122546.4	32.609	46	31	0	229	274	486	531	0.001	28.9
XP_011250581.1	XP_001122546.4	32.353	68	34	2	238	297	469	532	0.031	25.0
XP_011250582.1	XP_001122546.4	32.353	68	34	2	238	297	469	532	0.028	25.0
XP_011250583.1	XP_001122546.4	32.353	68	34	2	238	297	469	532	0.048	24.3
XP_011250585.1	XP_001122546.4	32.353	68	34	2	238	297	469	532	0.032	25.0
XP_011250586.1	XP_001122546.4	32.353	68	34	2	238	297	469	532	0.029	25.0
XP_011250588.1	XP_001122546.4	32.353	68	34	2	238	297	469	532	0.033	25.0
XP_011250590.1	XP_001122546.4	32.353	68	34	2	238	297	469	532	0.031	25.0
XP_011250615.1	XP_016767396.2	26.374	182	90	7	353	517	512	666	0.014	27.7
XP_011250616.1	XP_016767396.2	26.374	182	90	7	353	517	512	666	0.014	27.7
XP_011250618.1	XP_016767396.2	26.374	182	90	7	333	497	512	666	0.014	27.7
XP_011250619.1	XP_016767396.2	26.374	182	90	7	332	496	512	666	0.017	27.7
XP_011250620.1	XP_016767396.2	26.374	182	90	7	322	486	512	666	0.014	27.7
XP_011250650.2	XP_026296025.1	35.714	28	18	0	62	89	124	151	0.048	22.7
XP_011250710.1	XP_026296025.1	52.381	21	10	0	202	222	101	121	0.043	24.3
XP_011250710.1	XP_026296028.1	44.000	25	14	0	198	222	85	109	0.044	23.9
XP_011250710.1	XP_026296027.1	44.000	25	14	0	198	222	85	109	0.044	23.9
XP_011250710.1	XP_026296026.1	44.000	25	14	0	198	222	85	109	0.044	23.9
XP_011250754.1	XP_016767396.2	25.000	112	57	4	180	286	436	525	4.99e-04	30.8
XP_011250858.1	XP_016767396.2	32.075	53	33	2	284	336	163	212	0.016	27.3
XP_011250858.1	XP_001122546.4	32.075	53	33	2	284	336	163	212	0.017	27.3
XP_011250868.1	XP_001122546.4	21.377	276	156	10	344	583	272	522	4.83e-04	31.6
XP_011251020.1	XP_001122546.4	50.000	22	11	0	758	779	695	716	0.033	26.2
XP_011251020.1	XP_016767396.2	50.000	22	11	0	758	779	715	736	0.034	26.2
XP_011251051.1	XP_001122546.4	40.000	40	20	1	8	43	189	228	0.045	23.1
XP_011251102.1	XP_001122546.4	50.000	22	11	0	730	751	695	716	0.033	26.2
XP_011251102.1	XP_016767396.2	50.000	22	11	0	730	751	715	736	0.034	26.2
XP_011251135.2	XP_016767396.2	47.619	21	11	0	269	289	178	198	0.020	25.4
XP_011251135.2	XP_001122546.4	47.619	21	11	0	269	289	178	198	0.020	25.4
XP_011251179.1	XP_001122546.4	50.000	22	11	0	730	751	695	716	0.033	26.2
XP_011251179.1	XP_016767396.2	50.000	22	11	0	730	751	715	736	0.034	26.2
XP_011251257.1	XP_001122546.4	50.000	22	11	0	730	751	695	716	0.033	26.2
XP_011251257.1	XP_016767396.2	50.000	22	11	0	730	751	715	736	0.034	26.2
XP_011251330.1	XP_026296025.1	95.556	270	10	1	1	268	13	282	0.0	531
XP_011251330.1	XP_026296028.1	95.556	270	10	1	1	268	1	270	0.0	530
XP_011251330.1	XP_026296027.1	95.556	270	10	1	1	268	1	270	0.0	530
XP_011251330.1	XP_026296026.1	95.556	270	10	1	1	268	1	270	0.0	530
XP_011251674.1	XP_001122546.4	47.619	21	11	0	123	143	733	753	0.018	25.8
XP_011251674.1	XP_016767396.2	47.619	21	11	0	123	143	753	773	0.020	25.4
XP_011251810.2	XP_016767396.2	22.764	123	73	5	132	251	619	722	0.015	26.2
XP_011251810.2	XP_001122546.4	22.764	123	73	5	132	251	599	702	0.016	26.2
XP_011251930.1	XP_026296028.1	36.364	22	14	0	272	293	185	206	0.034	24.6
XP_011251930.1	XP_026296027.1	36.364	22	14	0	272	293	185	206	0.034	24.6
XP_011251930.1	XP_026296026.1	36.364	22	14	0	272	293	185	206	0.034	24.6
XP_011251930.1	XP_026296025.1	36.364	22	14	0	272	293	197	218	0.044	24.3
XP_011251968.2	XP_026296028.1	27.160	81	40	3	108	188	146	207	0.049	25.0
XP_011251968.2	XP_026296027.1	27.160	81	40	3	108	188	146	207	0.049	25.0
XP_011251968.2	XP_026296026.1	27.160	81	40	3	108	188	146	207	0.049	25.0
XP_011251974.2	XP_026296028.1	27.160	81	40	3	91	171	146	207	0.049	25.0
XP_011251974.2	XP_026296027.1	27.160	81	40	3	91	171	146	207	0.049	25.0
XP_011251974.2	XP_026296026.1	27.160	81	40	3	91	171	146	207	0.049	25.0
XP_011252143.1	XP_026296025.1	38.889	18	11	0	135	152	171	188	0.039	23.1
XP_011252143.1	XP_026296028.1	38.889	18	11	0	135	152	159	176	0.041	22.7
XP_011252143.1	XP_026296027.1	38.889	18	11	0	135	152	159	176	0.041	22.7
XP_011252143.1	XP_026296026.1	38.889	18	11	0	135	152	159	176	0.041	22.7
XP_011252352.1	XP_016767396.2	47.368	19	10	0	104	122	13	31	0.050	23.5
XP_011252353.1	XP_016767396.2	47.368	19	10	0	81	99	13	31	0.045	23.5
XP_011252353.1	XP_001122546.4	47.368	19	10	0	81	99	13	31	0.046	23.5
XP_011252393.1	XP_016767396.2	32.000	75	39	2	469	531	605	679	0.004	29.3
XP_011252393.1	XP_001122546.4	32.000	75	39	2	469	531	585	659	0.004	29.3
XP_011252453.1	XP_001122546.4	24.444	90	64	2	37	122	426	515	0.043	24.3
XP_011252454.1	XP_001122546.4	24.444	90	64	2	37	122	426	515	0.043	24.3
XP_011252467.1	XP_016767396.2	34.286	35	23	0	319	353	251	285	0.037	24.6
XP_011252467.1	XP_001122546.4	34.286	35	23	0	319	353	251	285	0.040	24.6
XP_011252932.2	XP_016767396.2	27.778	108	71	3	2449	2556	578	678	5.90e-04	33.9
XP_011252932.2	XP_001122546.4	27.778	108	71	3	2449	2556	558	658	6.23e-04	33.5
XP_011253001.1	XP_001122571.3	43.478	23	12	1	77	98	22	44	0.046	23.5
XP_011253471.1	XP_001122571.3	42.857	21	12	0	320	340	313	333	0.020	25.0
XP_011253561.1	XP_001122546.4	28.169	71	36	3	151	206	447	517	0.027	25.8
XP_011253563.1	XP_001122546.4	28.169	71	36	3	148	203	447	517	0.027	25.8
XP_011253566.1	XP_001122546.4	28.169	71	36	3	126	181	447	517	0.029	25.8
XP_011253567.1	XP_001122546.4	28.169	71	36	3	126	181	447	517	0.029	25.8
XP_011253568.1	XP_001122546.4	28.169	71	36	3	151	206	447	517	0.028	25.8
XP_011253570.1	XP_001122546.4	28.169	71	36	3	102	157	447	517	0.032	25.8
XP_011253901.1	XP_016767396.2	74.065	775	186	6	8	779	14	776	0.0	1143
XP_011253901.1	XP_001122546.4	72.833	773	179	4	8	779	14	756	0.0	1122
XP_011253902.1	XP_001122546.4	75.267	748	179	3	8	754	14	756	0.0	1137
XP_011253902.1	XP_016767396.2	73.307	768	179	4	8	754	14	776	0.0	1124
XP_011253903.1	XP_016767396.2	72.321	672	173	5	8	676	14	675	0.0	946
XP_011253903.1	XP_001122546.4	70.896	670	166	3	8	676	14	655	0.0	922
XP_011253908.1	XP_001122571.3	52.000	25	10	1	88	110	317	341	0.002	25.8
XP_011254135.1	XP_001122546.4	25.490	102	62	4	118	211	320	415	0.002	26.9
XP_011254135.1	XP_016767396.2	25.490	102	62	4	118	211	320	415	0.002	26.9
XP_011254136.1	XP_001122546.4	25.490	102	62	4	118	211	320	415	0.002	26.9
XP_011254136.1	XP_016767396.2	25.490	102	62	4	118	211	320	415	0.002	26.9
XP_011254137.1	XP_016767396.2	25.490	102	62	4	97	190	320	415	0.007	25.4
XP_011254137.1	XP_001122546.4	25.490	102	62	4	97	190	320	415	0.007	25.4
XP_011254138.1	XP_016767396.2	25.490	102	62	4	97	190	320	415	0.007	25.4
XP_011254138.1	XP_001122546.4	25.490	102	62	4	97	190	320	415	0.007	25.4
XP_011254147.2	XP_001122571.3	36.170	47	24	2	116	162	307	347	0.008	25.0
XP_011254278.1	XP_001122546.4	37.931	29	13	1	73	96	677	705	0.018	25.4
XP_011254278.1	XP_016767396.2	37.931	29	13	1	73	96	697	725	0.020	25.0
XP_011254288.1	XP_001122546.4	37.931	29	13	1	42	65	677	705	0.017	25.4
XP_011254288.1	XP_016767396.2	37.931	29	13	1	42	65	697	725	0.018	25.0
XP_011254316.1	XP_001122571.3	33.333	33	22	0	245	277	260	292	0.028	25.4
XP_011254325.1	XP_001122571.3	33.333	33	22	0	245	277	260	292	0.029	25.0
XP_011254649.2	XP_001122546.4	20.144	278	171	13	439	714	406	634	0.008	27.7
XP_011254649.2	XP_016767396.2	27.451	102	61	5	614	714	565	654	0.009	27.7
XP_011255049.1	XP_001122546.4	60.000	15	6	0	92	106	720	734	0.039	25.0
XP_011255049.1	XP_016767396.2	60.000	15	6	0	92	106	740	754	0.040	25.0
XP_011255141.1	XP_026296028.1	26.087	69	46	1	328	396	73	136	0.022	26.2
XP_011255141.1	XP_026296027.1	26.087	69	46	1	328	396	73	136	0.022	26.2
XP_011255141.1	XP_026296026.1	26.087	69	46	1	328	396	73	136	0.022	26.2
XP_011255141.1	XP_026296025.1	26.087	69	46	1	328	396	85	148	0.024	25.8
XP_011255553.1	XP_016767396.2	23.392	171	102	6	143	307	27	174	0.039	25.4
XP_011255553.1	XP_001122546.4	23.392	171	102	6	143	307	27	174	0.042	25.4
XP_011255555.1	XP_016767396.2	23.392	171	102	6	141	305	27	174	0.037	25.4
XP_011255555.1	XP_001122546.4	23.392	171	102	6	141	305	27	174	0.042	25.4
XP_011255556.1	XP_016767396.2	23.392	171	102	6	141	305	27	174	0.037	25.4
XP_011255556.1	XP_001122546.4	23.392	171	102	6	141	305	27	174	0.042	25.4
XP_011255974.2	XP_026296028.1	32.258	31	21	0	494	524	110	140	0.017	25.8
XP_011255974.2	XP_026296027.1	32.258	31	21	0	494	524	110	140	0.017	25.8
XP_011255974.2	XP_026296026.1	32.258	31	21	0	494	524	110	140	0.017	25.8
XP_011255974.2	XP_026296025.1	32.258	31	21	0	494	524	122	152	0.018	25.8
XP_011255975.2	XP_026296028.1	32.258	31	21	0	434	464	110	140	0.017	25.8
XP_011255975.2	XP_026296027.1	32.258	31	21	0	434	464	110	140	0.017	25.8
XP_011255975.2	XP_026296026.1	32.258	31	21	0	434	464	110	140	0.017	25.8
XP_011255975.2	XP_026296025.1	32.258	31	21	0	434	464	122	152	0.018	25.8
XP_011256163.1	XP_016767396.2	26.471	102	65	3	263	361	200	294	0.019	26.2
XP_011256163.1	XP_001122546.4	26.471	102	65	3	263	361	200	294	0.021	26.2
XP_011256164.1	XP_016767396.2	26.471	102	65	3	263	361	200	294	0.021	26.2
XP_011256164.1	XP_001122546.4	26.471	102	65	3	263	361	200	294	0.026	25.8
XP_011256187.1	XP_026296025.1	34.375	32	14	1	137	168	161	185	0.028	24.3
XP_011256187.1	XP_026296028.1	34.375	32	14	1	137	168	149	173	0.029	24.3
XP_011256187.1	XP_026296027.1	34.375	32	14	1	137	168	149	173	0.029	24.3
XP_011256187.1	XP_026296026.1	34.375	32	14	1	137	168	149	173	0.029	24.3
XP_011256199.1	XP_016767396.2	29.167	72	38	3	337	408	313	371	3.02e-04	32.0
XP_011256199.1	XP_001122546.4	29.167	72	38	3	337	408	313	371	3.03e-04	32.0
XP_011256244.1	XP_001122546.4	52.174	23	11	0	265	287	237	259	0.041	25.8
XP_011256244.1	XP_016767396.2	52.174	23	11	0	265	287	237	259	0.041	25.8
XP_011256245.1	XP_001122546.4	52.174	23	11	0	265	287	237	259	0.040	25.8
XP_011256245.1	XP_016767396.2	52.174	23	11	0	265	287	237	259	0.040	25.8
XP_011256433.2	XP_001122546.4	29.167	72	42	3	382	445	107	177	0.003	28.5
XP_011256433.2	XP_016767396.2	29.167	72	42	3	382	445	107	177	0.003	28.5
XP_011256437.2	XP_001122546.4	26.506	83	37	4	405	479	129	195	0.026	25.4
XP_011256437.2	XP_016767396.2	26.506	83	37	4	405	479	129	195	0.031	25.0
XP_011256726.1	XP_016767396.2	26.667	75	53	1	803	877	310	382	0.029	26.6
XP_011256726.1	XP_001122546.4	26.316	76	54	1	803	878	310	383	0.030	26.6
XP_011257105.1	XP_001122546.4	24.074	108	70	3	114	221	450	545	8.76e-04	28.5
XP_011257105.1	XP_016767396.2	23.077	117	80	3	114	221	450	565	0.001	28.5
XP_011257205.1	XP_026296028.1	26.829	41	29	1	673	713	227	266	0.024	27.3
XP_011257205.1	XP_026296027.1	26.829	41	29	1	673	713	227	266	0.024	27.3
XP_011257205.1	XP_026296026.1	26.829	41	29	1	673	713	227	266	0.024	27.3
XP_011257205.1	XP_026296025.1	26.829	41	29	1	673	713	239	278	0.025	27.3
XP_011257206.1	XP_026296025.1	26.829	41	29	1	664	704	239	278	0.024	27.3
XP_011257206.1	XP_026296028.1	26.829	41	29	1	664	704	227	266	0.024	27.3
XP_011257206.1	XP_026296027.1	26.829	41	29	1	664	704	227	266	0.024	27.3
XP_011257206.1	XP_026296026.1	26.829	41	29	1	664	704	227	266	0.024	27.3
XP_011257207.1	XP_026296028.1	26.829	41	29	1	624	664	227	266	0.023	27.3
XP_011257207.1	XP_026296027.1	26.829	41	29	1	624	664	227	266	0.023	27.3
XP_011257207.1	XP_026296026.1	26.829	41	29	1	624	664	227	266	0.023	27.3
XP_011257207.1	XP_026296025.1	26.829	41	29	1	624	664	239	278	0.024	27.3
XP_011257613.2	XP_001122546.4	46.667	30	13	1	311	340	561	587	0.022	25.0
XP_011257613.2	XP_016767396.2	46.667	30	13	1	311	340	581	607	0.022	25.0
XP_011257629.1	XP_001122546.4	40.000	50	25	2	133	177	553	602	0.036	24.3
XP_011257629.1	XP_016767396.2	40.000	50	25	2	133	177	573	622	0.039	24.3
XP_011257631.1	XP_016767396.2	40.000	50	25	2	133	177	573	622	0.028	24.6
XP_011257631.1	XP_001122546.4	40.000	50	25	2	133	177	553	602	0.028	24.6
XP_011257634.1	XP_016767396.2	40.000	50	25	2	133	177	573	622	0.028	24.6
XP_011257634.1	XP_001122546.4	40.000	50	25	2	133	177	553	602	0.029	24.6
XP_011257941.1	XP_001122546.4	22.222	72	55	1	73	144	625	695	0.009	25.8
XP_011257941.1	XP_016767396.2	22.222	72	55	1	73	144	645	715	0.009	25.8
XP_011257982.1	XP_026296025.1	26.087	46	33	1	201	246	100	144	0.036	23.9
XP_011257982.1	XP_026296028.1	25.641	39	29	0	208	246	94	132	0.041	23.9
XP_011257982.1	XP_026296027.1	25.641	39	29	0	208	246	94	132	0.041	23.9
XP_011257982.1	XP_026296026.1	25.641	39	29	0	208	246	94	132	0.041	23.9
XP_011257983.1	XP_026296025.1	26.087	46	33	1	201	246	100	144	0.036	23.9
XP_011257983.1	XP_026296028.1	25.641	39	29	0	208	246	94	132	0.041	23.9
XP_011257983.1	XP_026296027.1	25.641	39	29	0	208	246	94	132	0.041	23.9
XP_011257983.1	XP_026296026.1	25.641	39	29	0	208	246	94	132	0.041	23.9
XP_011258088.1	XP_001122546.4	31.132	106	62	2	423	517	198	303	7.01e-04	30.8
XP_011258088.1	XP_016767396.2	31.132	106	62	2	423	517	198	303	7.10e-04	30.8
XP_011258089.1	XP_001122546.4	31.132	106	62	2	389	483	198	303	5.30e-04	31.2
XP_011258089.1	XP_016767396.2	31.132	106	62	2	389	483	198	303	5.46e-04	31.2
XP_011258090.1	XP_001122546.4	31.132	106	62	2	303	397	198	303	3.97e-04	31.2
XP_011258090.1	XP_016767396.2	31.132	106	62	2	303	397	198	303	4.12e-04	31.2
XP_011258091.1	XP_001122546.4	31.132	106	62	2	303	397	198	303	3.97e-04	31.2
XP_011258091.1	XP_016767396.2	31.132	106	62	2	303	397	198	303	4.12e-04	31.2
XP_011258257.1	XP_001122546.4	37.778	45	25	2	29	70	375	419	0.018	24.6
XP_011258308.2	XP_016767396.2	23.077	65	47	1	130	191	500	564	0.006	27.3
XP_011258308.2	XP_001122546.4	19.767	86	66	1	124	206	474	559	0.011	26.2
XP_011258863.1	XP_026296025.1	32.353	34	23	0	398	431	249	282	0.023	25.4
XP_011258863.1	XP_026296028.1	32.353	34	23	0	398	431	237	270	0.024	25.4
XP_011258863.1	XP_026296027.1	32.353	34	23	0	398	431	237	270	0.024	25.4
XP_011258863.1	XP_026296026.1	32.353	34	23	0	398	431	237	270	0.024	25.4
XP_011259001.1	XP_016767396.2	28.125	32	23	0	31	62	338	369	0.048	22.7
XP_011259009.1	XP_016767396.2	28.125	32	23	0	31	62	338	369	0.048	22.7
XP_011259317.1	XP_001122546.4	30.769	39	23	2	262	300	321	355	0.020	25.0
XP_011259317.1	XP_016767396.2	30.769	39	23	2	262	300	321	355	0.020	25.0
XP_011259642.1	XP_016767396.2	42.308	26	15	0	598	623	501	526	0.044	25.0
XP_011259649.1	XP_016767396.2	42.308	26	15	0	598	623	501	526	0.044	25.0
XP_011259668.1	XP_016767396.2	42.308	26	15	0	562	587	501	526	0.046	25.0
XP_011259876.1	XP_016767396.2	25.385	130	83	5	22	151	424	539	0.047	25.4
XP_011259948.1	XP_001122546.4	29.268	82	58	0	167	248	146	227	6.40e-04	30.0
XP_011259948.1	XP_016767396.2	29.268	82	58	0	167	248	146	227	7.57e-04	29.6
XP_011259974.1	XP_016767396.2	33.333	27	18	0	32	58	321	347	0.037	23.5
XP_011259974.1	XP_001122546.4	33.333	27	18	0	32	58	321	347	0.038	23.5
XP_011259975.1	XP_001122546.4	33.333	27	18	0	32	58	321	347	0.032	23.9
XP_011259975.1	XP_016767396.2	33.333	27	18	0	32	58	321	347	0.033	23.9
XP_011260237.1	NP_001011607.1	46.154	13	7	0	62	74	57	69	0.018	23.1
XP_011260238.1	NP_001011607.1	46.154	13	7	0	62	74	57	69	0.018	23.1
XP_011260239.1	NP_001011607.1	46.154	13	7	0	62	74	57	69	0.018	23.1
XP_011260468.1	XP_016767396.2	23.664	131	83	4	334	448	301	430	0.032	25.4
XP_011260468.1	XP_001122546.4	23.664	131	83	4	334	448	301	430	0.040	25.0
XP_011260469.1	XP_016767396.2	23.664	131	83	4	306	420	301	430	0.023	25.8
XP_011260469.1	XP_001122546.4	23.664	131	83	4	306	420	301	430	0.028	25.8
XP_011260470.1	XP_016767396.2	23.664	131	83	4	306	420	301	430	0.023	25.8
XP_011260470.1	XP_001122546.4	23.664	131	83	4	306	420	301	430	0.028	25.8
XP_011260471.1	XP_016767396.2	23.664	131	83	4	306	420	301	430	0.023	25.8
XP_011260471.1	XP_001122546.4	23.664	131	83	4	306	420	301	430	0.028	25.8
XP_011260738.1	XP_016767396.2	25.472	106	71	4	34	132	520	624	0.049	23.9
XP_011260770.1	XP_016767396.2	22.973	148	83	6	294	437	622	742	0.002	28.9
XP_011260770.1	XP_001122546.4	22.973	148	83	6	294	437	602	722	0.003	28.5
XP_011260770.1	XP_001122546.4	32.558	43	27	1	266	306	475	517	0.044	24.6
XP_011260771.1	XP_016767396.2	22.973	148	83	6	294	437	622	742	0.002	28.9
XP_011260771.1	XP_001122546.4	22.973	148	83	6	294	437	602	722	0.003	28.5
XP_011260771.1	XP_001122546.4	32.558	43	27	1	266	306	475	517	0.044	24.6
XP_011260773.1	XP_016767396.2	22.973	148	83	6	294	437	622	742	0.002	28.9
XP_011260773.1	XP_001122546.4	22.973	148	83	6	294	437	602	722	0.003	28.5
XP_011260773.1	XP_001122546.4	32.558	43	27	1	266	306	475	517	0.044	24.6
XP_011260775.1	XP_016767396.2	22.973	148	83	6	294	437	622	742	0.002	28.9
XP_011260775.1	XP_001122546.4	22.973	148	83	6	294	437	602	722	0.003	28.5
XP_011260775.1	XP_001122546.4	32.558	43	27	1	266	306	475	517	0.044	24.6
XP_011260881.1	XP_001122571.3	20.408	98	69	2	1	98	258	346	0.037	23.5
XP_011260949.2	XP_001122546.4	21.359	103	73	2	3	99	422	522	0.016	25.0
XP_011261077.1	XP_026296028.1	33.333	42	28	0	461	502	227	268	0.049	25.0
XP_011261077.1	XP_026296027.1	33.333	42	28	0	461	502	227	268	0.049	25.0
XP_011261077.1	XP_026296026.1	33.333	42	28	0	461	502	227	268	0.049	25.0
XP_011261967.1	XP_001122546.4	33.333	39	23	1	471	509	676	711	0.044	24.6
XP_011261967.1	XP_016767396.2	33.333	39	23	1	471	509	696	731	0.046	24.6
XP_011262025.1	XP_001122546.4	29.787	47	30	1	891	937	664	707	0.028	27.7
XP_011262025.1	XP_016767396.2	29.787	47	30	1	891	937	684	727	0.029	27.7
XP_011262026.1	XP_001122546.4	29.787	47	30	1	891	937	664	707	0.028	27.7
XP_011262026.1	XP_016767396.2	29.787	47	30	1	891	937	684	727	0.029	27.7
XP_011262050.1	XP_001122546.4	33.333	39	23	1	471	509	676	711	0.044	24.6
XP_011262050.1	XP_016767396.2	33.333	39	23	1	471	509	696	731	0.046	24.6
XP_011262082.1	XP_001122571.3	60.000	15	6	0	98	112	244	258	0.041	24.6
XP_011262137.1	XP_001122546.4	33.333	39	23	1	471	509	676	711	0.044	24.6
XP_011262137.1	XP_016767396.2	33.333	39	23	1	471	509	696	731	0.046	24.6
XP_011262201.1	XP_001122546.4	31.343	67	37	2	591	657	107	164	0.046	25.8
XP_011262201.1	XP_016767396.2	31.343	67	37	2	591	657	107	164	0.047	25.8
XP_011262202.1	XP_001122546.4	31.343	67	37	2	591	657	107	164	0.046	25.8
XP_011262202.1	XP_016767396.2	31.343	67	37	2	591	657	107	164	0.047	25.8
XP_011262407.1	XP_001122546.4	47.826	23	12	0	414	436	606	628	0.013	26.2
XP_011262407.1	XP_016767396.2	47.826	23	12	0	414	436	626	648	0.014	26.2
XP_011262458.1	XP_016767396.2	28.571	70	46	3	463	531	337	403	0.022	26.6
XP_011262458.1	XP_001122546.4	52.381	21	8	1	463	483	337	355	0.024	26.6
XP_011262698.1	XP_001122546.4	28.272	191	110	9	411	590	495	669	0.016	28.5
XP_011262698.1	XP_016767396.2	28.272	191	110	9	411	590	515	689	0.019	28.5
XP_011262699.1	XP_001122546.4	28.272	191	110	9	390	569	495	669	0.018	28.5
XP_011262699.1	XP_016767396.2	28.272	191	110	9	390	569	515	689	0.019	28.5
XP_011262700.1	XP_001122546.4	28.272	191	110	9	386	565	495	669	0.017	28.5
XP_011262700.1	XP_016767396.2	28.272	191	110	9	386	565	515	689	0.018	28.5
XP_011262703.1	XP_016767396.2	28.272	191	110	9	411	590	515	689	0.015	28.5
XP_011262703.1	XP_001122546.4	28.272	191	110	9	411	590	495	669	0.015	28.1
XP_011262704.1	XP_016767396.2	28.272	191	110	9	386	565	515	689	0.015	28.5
XP_011262704.1	XP_001122546.4	28.272	191	110	9	386	565	495	669	0.016	28.1
XP_011262835.1	XP_016767396.2	23.684	76	52	3	54	123	143	218	0.007	26.9
XP_011262835.1	XP_001122546.4	23.684	76	52	3	54	123	143	218	0.007	26.9
XP_011262839.1	XP_016767396.2	21.053	114	77	3	41	144	610	720	0.020	24.3
XP_011262839.1	XP_001122546.4	21.053	114	77	3	41	144	590	700	0.021	23.9
XP_011263008.2	XP_001122571.3	25.882	85	49	3	89	167	275	351	0.004	25.8
XP_011263507.2	XP_001122546.4	33.333	42	26	1	535	576	474	513	0.009	27.3
XP_011264200.1	XP_001122546.4	29.577	71	47	2	158	228	174	241	0.009	26.9
XP_011264200.1	XP_016767396.2	29.577	71	47	2	158	228	174	241	0.009	26.9
XP_011264224.1	XP_001122546.4	18.919	37	30	0	64	100	352	388	0.021	23.9
XP_011264224.1	XP_016767396.2	18.919	37	30	0	64	100	352	388	0.022	23.9
XP_011264341.1	XP_016767396.2	47.826	23	12	0	76	98	497	519	0.036	21.9
XP_011264547.1	XP_016767396.2	32.143	56	31	2	297	347	336	389	0.006	27.3
XP_011264547.1	XP_001122546.4	32.143	56	31	2	297	347	336	389	0.007	27.3
XP_011264548.1	XP_016767396.2	32.143	56	31	2	297	347	336	389	0.006	27.3
XP_011264548.1	XP_001122546.4	32.143	56	31	2	297	347	336	389	0.007	27.3
XP_011264735.1	XP_026296025.1	43.333	30	15	1	169	198	189	216	0.005	27.3
XP_011264735.1	XP_026296028.1	43.333	30	15	1	169	198	177	204	0.005	27.3
XP_011264735.1	XP_026296027.1	43.333	30	15	1	169	198	177	204	0.005	27.3
XP_011264735.1	XP_026296026.1	43.333	30	15	1	169	198	177	204	0.005	27.3
XP_011265047.1	XP_016767396.2	29.870	77	47	3	1064	1133	564	640	0.009	28.5
XP_011265047.1	XP_001122546.4	33.333	54	33	1	1064	1114	544	597	0.009	28.5
XP_011265079.1	XP_016767396.2	28.440	109	66	4	318	422	226	326	7.18e-04	32.0
XP_011265079.1	XP_001122546.4	28.440	109	66	4	318	422	226	326	7.46e-04	32.0
XP_011265080.1	XP_016767396.2	28.440	109	66	4	147	251	226	326	5.79e-04	32.3
XP_011265080.1	XP_001122546.4	28.440	109	66	4	147	251	226	326	6.17e-04	32.0
XP_011265301.1	XP_001122546.4	24.074	108	67	3	78	177	413	513	0.012	25.0
XP_011265302.1	XP_001122546.4	24.074	108	67	3	78	177	413	513	0.012	25.0
XP_011265471.1	XP_001122546.4	28.889	45	29	1	132	173	679	723	0.013	24.3
XP_011265471.1	XP_016767396.2	28.889	45	29	1	132	173	699	743	0.014	24.3
XP_011265539.1	XP_001122546.4	31.343	67	40	2	110	172	9	73	0.022	23.9
XP_011265539.1	XP_016767396.2	31.343	67	40	2	110	172	9	73	0.022	23.9
XP_011265836.1	XP_016767396.2	47.826	23	12	0	76	98	497	519	0.036	21.9
XP_011266078.1	XP_016767396.2	27.536	69	45	2	74	137	659	727	0.047	24.6
XP_011266080.1	XP_016767396.2	27.536	69	45	2	66	129	659	727	0.045	24.6
XP_011266151.1	XP_016767396.2	29.630	54	38	0	83	136	226	279	0.009	25.8
XP_011266151.1	XP_001122546.4	29.630	54	38	0	83	136	226	279	0.009	25.8
XP_011266205.2	XP_001122546.4	28.767	73	50	2	65	136	453	524	0.046	22.7
XP_011266212.1	XP_001122571.3	58.824	17	7	0	89	105	319	335	0.003	25.4
XP_011266439.1	XP_001122546.4	26.000	100	58	3	116	200	418	516	0.040	24.6
XP_011266441.1	XP_001122546.4	25.217	115	65	4	101	200	408	516	0.041	24.6
XP_011266442.1	XP_001122546.4	26.000	100	58	3	116	200	418	516	0.047	24.3
XP_011266443.1	XP_001122546.4	26.000	100	58	3	116	200	418	516	0.048	24.3
XP_011266445.1	XP_001122546.4	25.217	115	65	4	75	174	408	516	0.038	24.6
XP_011266446.1	XP_001122546.4	25.217	115	65	4	75	174	408	516	0.038	24.6
XP_011266447.1	XP_001122546.4	26.000	100	58	3	116	200	418	516	0.047	24.3
XP_011266573.1	XP_026296025.1	25.758	66	46	1	470	535	111	173	0.049	24.6
XP_011266574.1	XP_026296025.1	25.758	66	46	1	470	535	111	173	0.049	24.6
XP_011266576.1	XP_026296025.1	25.758	66	46	1	470	535	111	173	0.049	24.6
XP_011266577.1	XP_026296025.1	25.758	66	46	1	470	535	111	173	0.049	24.6
XP_011266579.1	XP_026296025.1	25.758	66	46	1	470	535	111	173	0.049	24.6
XP_011266790.1	XP_001122546.4	31.707	41	26	1	12	52	157	195	0.003	25.4
XP_011266790.1	XP_016767396.2	31.707	41	26	1	12	52	157	195	0.004	25.4
XP_011266931.1	XP_016767396.2	23.711	97	65	3	153	246	604	694	0.003	27.3
XP_011266931.1	XP_001122546.4	23.958	96	64	3	154	246	585	674	0.004	27.3
XP_011266932.1	XP_016767396.2	23.958	96	64	3	148	240	605	694	0.003	27.7
XP_011266932.1	XP_001122546.4	23.958	96	64	3	148	240	585	674	0.003	27.7
XP_011266933.1	XP_016767396.2	23.958	96	64	3	140	232	605	694	0.003	27.7
XP_011266933.1	XP_001122546.4	23.958	96	64	3	140	232	585	674	0.003	27.3
XP_011267296.2	NP_001011607.1	47.059	17	9	0	501	517	4	20	0.040	23.1
XP_011267527.1	XP_016767396.2	32.353	34	19	1	26	59	739	768	0.031	21.2
XP_011267527.1	XP_001122546.4	32.353	34	19	1	26	59	719	748	0.037	21.2
XP_011267569.1	XP_001122546.4	23.529	68	51	1	54	121	563	629	0.047	23.9
XP_011267569.1	XP_016767396.2	28.261	46	33	0	54	99	583	628	0.048	23.9
XP_011267799.1	XP_016767396.2	28.205	78	51	1	207	284	136	208	0.001	29.6
XP_011267799.1	XP_001122546.4	28.205	78	51	1	207	284	136	208	0.001	29.6
XP_011267832.1	XP_001122546.4	64.286	14	5	0	103	116	336	349	0.046	24.6
XP_011267832.1	XP_016767396.2	64.286	14	5	0	103	116	336	349	0.047	24.6
XP_011267834.1	XP_016767396.2	64.286	14	5	0	43	56	336	349	0.035	24.6
XP_011267834.1	XP_001122546.4	64.286	14	5	0	43	56	336	349	0.035	24.6
XP_011267835.1	XP_001122546.4	64.286	14	5	0	103	116	336	349	0.041	24.3
XP_011267835.1	XP_016767396.2	64.286	14	5	0	103	116	336	349	0.042	24.3
XP_011267888.1	XP_001122546.4	36.364	44	27	1	233	276	646	688	0.006	26.6
XP_011267888.1	XP_016767396.2	36.364	44	27	1	233	276	666	708	0.007	26.6
XP_011268366.2	XP_001122546.4	26.415	53	39	0	42	94	633	685	0.011	25.4
XP_011268366.2	XP_016767396.2	26.415	53	39	0	42	94	653	705	0.013	25.4
XP_011268646.1	XP_001122571.3	41.176	34	18	1	112	143	317	350	0.003	25.8
XP_011268646.1	XP_001122571.3	30.000	30	20	1	4	32	1	30	0.035	22.7
XP_011268768.1	XP_001122546.4	30.645	62	34	3	97	155	668	723	0.010	26.9
XP_011268768.1	XP_016767396.2	30.645	62	34	3	97	155	688	743	0.010	26.9
XP_011268846.1	XP_016767396.2	47.826	23	12	0	76	98	497	519	0.036	21.9
XP_011268861.1	XP_016767396.2	39.286	28	17	0	67	94	291	318	0.044	23.9
XP_011268861.1	XP_001122546.4	39.286	28	17	0	67	94	291	318	0.045	23.9
XP_011268862.1	XP_016767396.2	39.286	28	17	0	67	94	291	318	0.037	24.3
XP_011268862.1	XP_001122546.4	39.286	28	17	0	67	94	291	318	0.037	24.3
XP_011269115.1	XP_016767396.2	36.735	49	29	1	1091	1137	147	195	0.017	28.1
XP_011269115.1	XP_001122546.4	36.735	49	29	1	1091	1137	147	195	0.019	27.7
XP_011269411.1	XP_016767396.2	20.779	77	60	1	92	167	138	214	0.026	23.5
XP_011269411.1	XP_001122546.4	20.779	77	60	1	92	167	138	214	0.026	23.5
XP_011269413.1	XP_016767396.2	20.779	77	60	1	92	167	138	214	0.026	23.5
XP_011269413.1	XP_001122546.4	20.779	77	60	1	92	167	138	214	0.026	23.5
XP_011269416.1	XP_016767396.2	20.779	77	60	1	92	167	138	214	0.026	23.5
XP_011269416.1	XP_001122546.4	20.779	77	60	1	92	167	138	214	0.026	23.5
XP_011269417.1	XP_016767396.2	20.779	77	60	1	92	167	138	214	0.026	23.5
XP_011269417.1	XP_001122546.4	20.779	77	60	1	92	167	138	214	0.026	23.5
XP_011269522.1	XP_001122546.4	35.185	54	24	3	247	297	641	686	0.003	28.1
XP_011269522.1	XP_016767396.2	35.185	54	24	3	247	297	661	706	0.003	28.1
XP_019882047.1	XP_001122546.4	21.377	276	156	10	344	583	272	522	4.83e-04	31.6
XP_019882220.2	XP_001122571.3	63.636	11	4	0	121	131	256	266	0.036	24.6
XP_019882221.2	XP_001122571.3	63.636	11	4	0	42	52	256	266	0.025	24.6
XP_019882240.1	XP_026296028.1	36.364	22	14	0	272	293	185	206	0.034	24.6
XP_019882240.1	XP_026296027.1	36.364	22	14	0	272	293	185	206	0.034	24.6
XP_019882240.1	XP_026296026.1	36.364	22	14	0	272	293	185	206	0.034	24.6
XP_019882240.1	XP_026296025.1	36.364	22	14	0	272	293	197	218	0.044	24.3
XP_019882605.1	XP_001122546.4	28.169	71	36	3	102	157	447	517	0.032	25.8
XP_019882606.1	XP_001122546.4	28.169	71	36	3	151	206	447	517	0.028	25.8
XP_019882636.2	XP_001122546.4	32.000	50	26	2	15	58	405	452	0.041	22.7
XP_019882636.2	XP_016767396.2	32.000	50	26	2	15	58	405	452	0.043	22.7
XP_019882726.1	XP_016767396.2	29.412	51	32	1	50	100	100	146	0.015	25.0
XP_019882726.1	XP_001122546.4	30.612	49	30	1	50	98	100	144	0.016	25.0
XP_019882760.2	XP_016767396.2	28.279	244	148	8	1505	1727	50	287	6.86e-05	36.2
XP_019882760.2	XP_001122546.4	28.279	244	148	8	1505	1727	50	287	8.15e-05	35.8
XP_019882968.1	XP_016767396.2	23.392	171	102	6	141	305	27	174	0.037	25.4
XP_019882968.1	XP_001122546.4	23.392	171	102	6	141	305	27	174	0.042	25.4
XP_019883022.2	XP_026296028.1	32.258	31	21	0	500	530	110	140	0.019	25.8
XP_019883022.2	XP_026296027.1	32.258	31	21	0	500	530	110	140	0.019	25.8
XP_019883022.2	XP_026296026.1	32.258	31	21	0	500	530	110	140	0.019	25.8
XP_019883022.2	XP_026296025.1	32.258	31	21	0	500	530	122	152	0.021	25.8
XP_019883032.2	XP_016767396.2	35.556	45	28	1	201	244	623	667	0.031	24.6
XP_019883032.2	XP_001122546.4	35.556	45	28	1	201	244	603	647	0.034	24.6
XP_019883119.2	XP_001122546.4	26.050	119	74	5	339	445	61	177	1.42e-04	32.7
XP_019883119.2	XP_016767396.2	24.837	153	85	7	339	479	61	195	1.72e-04	32.3
XP_019883156.1	XP_016767396.2	23.494	166	98	8	23	175	109	258	0.036	23.9
XP_019883156.1	XP_001122546.4	23.494	166	98	8	23	175	109	258	0.042	23.9
XP_019883290.1	XP_026296025.1	26.829	41	29	1	602	642	239	278	0.022	27.3
XP_019883290.1	XP_026296028.1	26.829	41	29	1	602	642	227	266	0.023	27.3
XP_019883290.1	XP_026296027.1	26.829	41	29	1	602	642	227	266	0.023	27.3
XP_019883290.1	XP_026296026.1	26.829	41	29	1	602	642	227	266	0.023	27.3
XP_019883446.1	XP_001122546.4	32.075	53	36	0	790	842	203	255	0.043	26.2
XP_019883446.1	XP_016767396.2	32.075	53	36	0	790	842	203	255	0.043	26.2
XP_019883680.1	XP_016767396.2	42.308	26	15	0	598	623	501	526	0.044	25.0
XP_019884153.2	XP_001122546.4	24.691	81	55	2	89	163	308	388	0.032	23.9
XP_019884153.2	XP_016767396.2	24.691	81	55	2	89	163	308	388	0.035	23.9
XP_019884539.1	XP_001122546.4	26.667	60	44	0	32	91	428	487	0.042	26.2
XP_019884703.2	XP_026296025.1	43.333	30	15	1	78	107	189	216	0.003	27.3
XP_019884703.2	XP_026296028.1	43.333	30	15	1	78	107	177	204	0.004	27.3
XP_019884703.2	XP_026296027.1	43.333	30	15	1	78	107	177	204	0.004	27.3
XP_019884703.2	XP_026296026.1	43.333	30	15	1	78	107	177	204	0.004	27.3
XP_019885109.1	XP_001122571.3	25.333	75	47	2	135	209	257	322	0.014	25.8
XP_019885300.1	XP_001122546.4	36.364	44	27	1	233	276	646	688	0.006	26.6
XP_019885300.1	XP_016767396.2	36.364	44	27	1	233	276	666	708	0.007	26.6
XP_019885459.1	XP_001122546.4	30.645	62	34	3	97	155	668	723	0.010	26.9
XP_019885459.1	XP_016767396.2	30.645	62	34	3	97	155	688	743	0.010	26.9
XP_019885567.1	XP_016767396.2	20.779	77	60	1	92	167	138	214	0.026	23.5
XP_019885567.1	XP_001122546.4	20.779	77	60	1	92	167	138	214	0.026	23.5
XP_025261796.1	XP_016767396.2	28.571	70	46	3	463	531	337	403	0.024	26.6
XP_025261796.1	XP_001122546.4	52.381	21	8	1	463	483	337	355	0.024	26.6
XP_025261810.1	XP_001122546.4	47.826	23	12	0	414	436	606	628	0.013	26.2
XP_025261810.1	XP_016767396.2	47.826	23	12	0	414	436	626	648	0.014	26.2
XP_025261979.1	XP_001122546.4	24.841	157	81	6	26	179	274	396	0.031	26.2
XP_025261979.1	XP_016767396.2	24.841	157	81	6	26	179	274	396	0.032	26.2
XP_025262232.1	XP_001122546.4	27.778	72	52	0	65	136	453	524	0.009	25.0
XP_025262344.1	XP_001122546.4	28.788	66	47	0	47	112	453	518	0.036	24.6
XP_025262355.1	XP_001122571.3	28.571	56	36	1	257	312	274	325	0.005	27.7
XP_025262810.1	XP_016767396.2	24.725	182	102	7	326	496	108	265	0.035	25.8
XP_025262810.1	XP_001122546.4	24.725	182	102	7	326	496	108	265	0.036	25.8
XP_025262901.1	XP_016767396.2	34.286	35	23	0	312	346	251	285	0.036	24.6
XP_025262901.1	XP_001122546.4	34.286	35	23	0	312	346	251	285	0.040	24.3
XP_025262902.1	XP_016767396.2	34.286	35	23	0	266	300	251	285	0.034	24.3
XP_025262902.1	XP_001122546.4	34.286	35	23	0	266	300	251	285	0.036	24.3
XP_025262983.1	XP_001122546.4	38.776	49	15	2	211	246	289	335	0.048	23.9
XP_025262983.1	XP_016767396.2	38.776	49	15	2	211	246	289	335	0.050	23.9
XP_025263022.1	XP_001122546.4	36.667	30	19	0	72	101	599	628	0.014	25.8
XP_025263022.1	XP_016767396.2	36.667	30	19	0	72	101	619	648	0.015	25.8
XP_025263093.1	XP_016767396.2	21.875	64	48	1	110	173	236	297	0.020	24.6
XP_025263255.1	XP_001122546.4	26.012	173	96	8	110	264	353	511	0.001	29.3
XP_025263255.1	XP_016767396.2	29.213	89	57	3	110	192	353	441	0.005	26.9
XP_025263272.1	XP_016767396.2	29.630	54	38	0	83	136	226	279	0.009	25.8
XP_025263272.1	XP_001122546.4	29.630	54	38	0	83	136	226	279	0.009	25.8
XP_025263273.1	XP_016767396.2	29.630	54	38	0	78	131	226	279	0.009	25.4
XP_025263273.1	XP_001122546.4	29.630	54	38	0	78	131	226	279	0.011	25.4
XP_025263286.1	XP_001122546.4	28.000	50	36	0	485	534	477	526	0.026	25.8
XP_025263287.1	XP_001122546.4	28.000	50	36	0	352	401	477	526	0.022	25.8
XP_025263288.1	XP_001122546.4	28.000	50	36	0	352	401	477	526	0.022	25.8
XP_025263419.1	XP_016767396.2	23.077	65	47	1	326	387	500	564	0.008	27.3
XP_025263419.1	XP_001122546.4	19.767	86	66	1	320	402	474	559	0.017	26.2
XP_025263542.1	XP_001122546.4	46.154	13	7	0	65	77	727	739	0.020	24.3
XP_025263542.1	XP_016767396.2	46.154	13	7	0	65	77	747	759	0.024	23.9
XP_025264047.1	XP_026296028.1	36.364	22	14	0	272	293	185	206	0.034	24.6
XP_025264047.1	XP_026296027.1	36.364	22	14	0	272	293	185	206	0.034	24.6
XP_025264047.1	XP_026296026.1	36.364	22	14	0	272	293	185	206	0.034	24.6
XP_025264047.1	XP_026296025.1	36.364	22	14	0	272	293	197	218	0.044	24.3
XP_025264101.1	XP_001122546.4	60.000	15	6	0	91	105	720	734	0.039	25.0
XP_025264101.1	XP_016767396.2	60.000	15	6	0	91	105	740	754	0.040	25.0
XP_025264146.1	XP_001122546.4	36.066	61	32	3	1317	1374	177	233	0.009	28.9
XP_025264146.1	XP_016767396.2	36.066	61	32	3	1317	1374	177	233	0.009	28.9
XP_025264333.1	XP_001122546.4	29.070	86	58	1	65	147	453	538	1.96e-04	29.6
XP_025264333.1	XP_016767396.2	35.417	48	28	1	103	147	511	558	0.023	23.5
XP_025264444.1	XP_016767396.2	23.392	171	102	6	141	305	27	174	0.037	25.4
XP_025264444.1	XP_001122546.4	23.392	171	102	6	141	305	27	174	0.042	25.4
XP_025264445.1	XP_016767396.2	23.392	171	102	6	141	305	27	174	0.037	25.4
XP_025264445.1	XP_001122546.4	23.392	171	102	6	141	305	27	174	0.042	25.4
XP_025264629.1	XP_001122546.4	38.462	26	16	0	46	71	151	176	0.017	26.6
XP_025264629.1	XP_016767396.2	38.462	26	16	0	46	71	151	176	0.017	26.6
XP_025264911.1	XP_001122546.4	24.607	191	114	9	110	284	353	529	0.013	27.7
XP_025264911.1	XP_016767396.2	30.864	81	52	2	110	186	353	433	0.049	25.8
XP_025265184.1	XP_001122546.4	30.769	52	34	2	418	468	573	623	0.046	25.0
XP_025265184.1	XP_016767396.2	30.769	52	34	2	418	468	593	643	0.047	25.0
XP_025265235.1	XP_001122546.4	22.764	123	73	5	132	251	599	702	0.015	26.6
XP_025265235.1	XP_016767396.2	22.764	123	73	5	132	251	619	722	0.015	26.2
XP_025265403.1	XP_001122546.4	47.222	36	18	1	914	948	565	600	0.015	28.1
XP_025265403.1	XP_016767396.2	47.222	36	18	1	914	948	585	620	0.016	28.1
XP_025265579.1	XP_016767396.2	36.066	61	32	3	354	411	177	233	0.005	28.5
XP_025265579.1	XP_001122546.4	36.066	61	32	3	354	411	177	233	0.005	28.5
XP_025266129.1	XP_016767396.2	32.075	53	36	0	790	842	203	255	0.050	26.2
XP_025266130.1	XP_001122546.4	32.075	53	36	0	790	842	203	255	0.043	26.2
XP_025266130.1	XP_016767396.2	32.075	53	36	0	790	842	203	255	0.044	26.2
XP_025266131.1	XP_001122546.4	32.075	53	36	0	790	842	203	255	0.042	26.2
XP_025266131.1	XP_016767396.2	32.075	53	36	0	790	842	203	255	0.043	26.2
XP_025266195.1	XP_016767396.2	28.287	251	152	9	1495	1724	50	293	6.37e-05	36.2
XP_025266195.1	XP_001122546.4	28.279	244	148	8	1495	1717	50	287	9.13e-05	35.4
XP_025266196.1	XP_016767396.2	28.287	251	152	9	1487	1716	50	293	6.29e-05	36.2
XP_025266196.1	XP_001122546.4	28.279	244	148	8	1487	1709	50	287	9.48e-05	35.4
XP_025266197.1	XP_016767396.2	28.279	244	148	8	1505	1727	50	287	6.48e-05	36.2
XP_025266197.1	XP_001122546.4	28.279	244	148	8	1505	1727	50	287	9.85e-05	35.4
XP_025266198.1	XP_016767396.2	28.279	244	148	8	1505	1727	50	287	6.32e-05	36.2
XP_025266198.1	XP_001122546.4	28.279	244	148	8	1505	1727	50	287	8.60e-05	35.8
XP_025266277.1	XP_001122546.4	24.615	130	73	5	55	171	116	233	0.028	26.2
XP_025266277.1	XP_016767396.2	24.615	130	73	5	55	171	116	233	0.030	26.2
XP_025266462.1	XP_001122546.4	33.333	39	23	1	471	509	676	711	0.044	24.6
XP_025266462.1	XP_016767396.2	33.333	39	23	1	471	509	696	731	0.046	24.6
XP_025266854.1	XP_001122571.3	19.000	100	61	3	2	97	257	340	0.040	25.0
XP_025266892.1	XP_001122546.4	34.043	47	26	2	17	58	306	352	0.028	22.7
XP_025266892.1	XP_016767396.2	34.043	47	26	2	17	58	306	352	0.028	22.7
XP_025267054.1	XP_001122546.4	44.000	25	13	1	144	167	705	729	0.038	23.9
XP_025267054.1	XP_016767396.2	44.000	25	13	1	144	167	725	749	0.040	23.9
XP_025267233.1	XP_001122546.4	22.485	338	183	12	891	1183	218	521	0.003	30.0
XP_025267233.1	XP_016767396.2	23.485	264	145	10	891	1131	218	447	0.012	28.1
XP_025267271.1	XP_001122546.4	31.111	45	31	0	323	367	144	188	0.050	24.3
XP_025267282.1	XP_001122546.4	28.947	76	52	1	472	545	423	498	0.013	26.9
XP_025267293.1	XP_016767396.2	28.713	101	50	5	270	360	666	754	0.001	31.2
XP_025267293.1	XP_001122546.4	28.713	101	50	5	270	360	646	734	0.001	30.8
XP_025267423.1	XP_001122546.4	31.579	57	35	2	133	187	203	257	0.007	26.9
XP_025267423.1	XP_016767396.2	31.579	57	35	2	133	187	203	257	0.007	26.9
XP_025267424.1	XP_001122546.4	31.579	57	35	2	133	187	203	257	0.007	26.9
XP_025267424.1	XP_016767396.2	31.579	57	35	2	133	187	203	257	0.007	26.9
XP_025267530.1	XP_016767396.2	28.272	191	110	9	765	944	515	689	0.007	29.6
XP_025267530.1	XP_001122546.4	28.272	191	110	9	765	944	495	669	0.007	29.6
XP_025267531.1	XP_001122546.4	28.272	191	110	9	677	856	495	669	0.006	29.6
XP_025267531.1	XP_016767396.2	28.272	191	110	9	677	856	515	689	0.006	29.6
XP_025267541.1	XP_001122546.4	27.848	79	48	3	1	72	252	328	0.004	27.3
XP_025267541.1	XP_016767396.2	27.848	79	48	3	1	72	252	328	0.004	26.9
XP_025267723.1	XP_001122546.4	22.764	123	73	5	132	251	599	702	0.014	26.6
XP_025267723.1	XP_016767396.2	22.764	123	73	5	132	251	619	722	0.015	26.2
XP_025267763.1	XP_016767396.2	30.000	50	35	0	20	69	169	218	0.038	23.5
XP_025267763.1	XP_001122546.4	30.000	50	35	0	20	69	169	218	0.041	23.5
XP_025267976.1	XP_016767396.2	25.385	130	83	5	48	177	424	539	0.047	25.4
XP_025267977.1	XP_016767396.2	25.781	128	83	5	48	175	424	539	0.026	26.6
XP_025267978.1	XP_016767396.2	25.385	130	83	5	22	151	424	539	0.047	25.4
XP_025268059.1	NP_001011607.1	47.059	17	9	0	540	556	4	20	0.046	23.1
XP_025268060.1	NP_001011607.1	47.059	17	9	0	497	513	4	20	0.044	23.1
XP_025268096.1	XP_016767396.2	22.973	148	83	6	294	437	622	742	0.002	28.9
XP_025268096.1	XP_001122546.4	22.973	148	83	6	294	437	602	722	0.003	28.5
XP_025268096.1	XP_001122546.4	32.558	43	27	1	266	306	475	517	0.044	24.6
XP_025268097.1	XP_016767396.2	22.973	148	83	6	294	437	622	742	0.002	28.9
XP_025268097.1	XP_001122546.4	22.973	148	83	6	294	437	602	722	0.003	28.5
XP_025268097.1	XP_001122546.4	32.558	43	27	1	266	306	475	517	0.044	24.6
XP_025268099.1	XP_016767396.2	22.973	148	83	6	294	437	622	742	0.002	28.9
XP_025268099.1	XP_001122546.4	22.973	148	83	6	294	437	602	722	0.003	28.5
XP_025268099.1	XP_001122546.4	32.558	43	27	1	266	306	475	517	0.044	24.6
XP_025268156.1	XP_001122546.4	30.000	50	34	1	146	195	459	507	0.046	24.3
XP_025268182.1	XP_016767396.2	27.586	116	62	5	366	479	511	606	0.035	25.4
XP_025268182.1	XP_001122546.4	27.586	116	62	5	366	479	491	586	0.039	25.0
XP_025268191.1	XP_016767396.2	27.586	116	62	5	361	474	511	606	0.035	25.4
XP_025268191.1	XP_001122546.4	27.586	116	62	5	361	474	491	586	0.041	25.0
XP_025268192.1	XP_016767396.2	27.586	116	62	5	356	469	511	606	0.035	25.4
XP_025268192.1	XP_001122546.4	27.586	116	62	5	356	469	491	586	0.039	25.0
XP_025268197.1	XP_016767396.2	27.586	116	62	5	356	469	511	606	0.035	25.4
XP_025268197.1	XP_001122546.4	27.586	116	62	5	356	469	491	586	0.039	25.0
XP_025268198.1	XP_016767396.2	27.586	116	62	5	356	469	511	606	0.035	25.4
XP_025268198.1	XP_001122546.4	27.586	116	62	5	356	469	491	586	0.039	25.0
XP_025268202.1	XP_016767396.2	27.586	116	62	5	356	469	511	606	0.035	25.4
XP_025268202.1	XP_001122546.4	27.586	116	62	5	356	469	491	586	0.039	25.0
XP_025268222.1	XP_016767396.2	48.276	29	15	0	2174	2202	57	85	0.008	29.3
XP_025268222.1	XP_001122546.4	48.276	29	15	0	2174	2202	57	85	0.009	29.3
XP_025268223.1	XP_016767396.2	48.276	29	15	0	1950	1978	57	85	0.007	29.3
XP_025268223.1	XP_001122546.4	48.276	29	15	0	1950	1978	57	85	0.008	29.3
XP_025268329.1	XP_016767396.2	29.412	51	36	0	307	357	249	299	4.61e-04	31.2
XP_025268329.1	XP_001122546.4	29.412	51	36	0	307	357	249	299	4.63e-04	30.8
XP_025268521.1	XP_001122546.4	26.000	100	58	3	116	200	418	516	0.047	24.3
XP_025268669.1	XP_001122546.4	21.429	70	55	0	1415	1484	107	176	3.21e-04	34.3
XP_025268669.1	XP_016767396.2	21.429	70	55	0	1415	1484	107	176	3.31e-04	34.3
XP_025268675.1	XP_001122571.3	25.490	51	36	1	419	467	259	309	0.045	25.0
XP_025268699.1	XP_001122546.4	30.645	62	34	3	97	155	668	723	0.010	26.9
XP_025268699.1	XP_016767396.2	30.645	62	34	3	97	155	688	743	0.010	26.9
XP_025268700.1	XP_001122546.4	30.645	62	34	3	97	155	668	723	0.010	26.9
XP_025268700.1	XP_016767396.2	30.645	62	34	3	97	155	688	743	0.010	26.9
XP_025268844.1	XP_016767396.2	23.904	251	170	6	265	504	22	262	1.14e-04	35.0
XP_025268844.1	XP_016767396.2	25.893	112	69	2	1213	1310	204	315	2.34e-04	33.9
XP_025268844.1	XP_001122546.4	23.904	251	170	6	265	504	22	262	1.24e-04	35.0
XP_025268844.1	XP_001122546.4	25.893	112	69	2	1213	1310	204	315	2.51e-04	33.9
XP_025268957.1	XP_001122571.3	63.636	11	4	0	121	131	256	266	0.036	24.6
XP_025268983.1	XP_001122546.4	27.119	59	29	2	22	66	530	588	0.020	23.9
XP_025268983.1	XP_016767396.2	27.119	59	29	2	22	66	550	608	0.020	23.9
XP_025269012.1	XP_026296028.1	38.095	21	13	0	43	63	78	98	0.031	22.7
XP_025269012.1	XP_026296027.1	38.095	21	13	0	43	63	78	98	0.031	22.7
XP_025269012.1	XP_026296026.1	38.095	21	13	0	43	63	78	98	0.031	22.7
XP_025269012.1	XP_026296025.1	38.095	21	13	0	43	63	90	110	0.041	22.3
XP_025269024.1	XP_001122546.4	24.519	208	123	9	110	299	353	544	0.003	27.7
XP_025269024.1	XP_016767396.2	29.630	81	53	2	110	186	353	433	0.029	24.6
XP_025269139.1	XP_001122546.4	26.923	78	57	0	100	177	447	524	0.009	25.8
XP_025269179.1	XP_016767396.2	20.732	164	118	2	2151	2310	452	607	0.003	32.7
XP_025269209.1	XP_016767396.2	18.844	467	320	14	807	1248	175	607	9.70e-06	40.8
XP_025269209.1	XP_001122546.4	18.615	462	307	15	807	1248	175	587	0.008	31.2
XP_025269210.1	XP_001122546.4	18.708	449	309	14	807	1235	175	587	7.82e-05	38.1
XP_025269210.1	XP_016767396.2	18.844	467	307	15	807	1235	175	607	0.001	34.7
XP_025269211.1	XP_001122546.4	19.016	447	297	15	807	1222	175	587	3.42e-04	35.8
XP_025269211.1	XP_016767396.2	17.904	458	309	14	807	1222	175	607	0.002	33.5
XP_025269212.1	XP_001122546.4	20.824	437	290	16	807	1211	175	587	0.002	33.5
XP_025269212.1	XP_016767396.2	20.133	452	295	17	807	1211	175	607	0.009	31.2
XP_025269213.1	XP_001122546.4	18.807	436	296	13	807	1207	175	587	4.44e-04	35.4
XP_025269213.1	XP_016767396.2	17.673	447	308	12	807	1207	175	607	0.003	32.7
XP_025269474.1	XP_016767396.2	28.421	95	52	4	102	191	28	111	4.56e-04	29.3
XP_025269474.1	XP_001122546.4	28.421	95	52	4	102	191	28	111	4.79e-04	29.3
XP_025269693.1	XP_016767396.2	23.102	303	204	11	553	843	143	428	0.028	26.9
XP_025269693.1	XP_001122546.4	23.102	303	204	11	553	843	143	428	0.031	26.9
XP_025269694.1	XP_016767396.2	23.102	303	204	11	553	843	143	428	0.028	26.9
XP_025269694.1	XP_001122546.4	23.102	303	204	11	553	843	143	428	0.033	26.6
XP_025269695.1	XP_016767396.2	23.102	303	204	11	524	814	143	428	0.029	26.9
XP_025269695.1	XP_001122546.4	23.102	303	204	11	524	814	143	428	0.032	26.6
XP_025269896.1	XP_016767396.2	35.556	45	28	1	192	235	623	667	0.031	24.6
XP_025269896.1	XP_001122546.4	35.556	45	28	1	192	235	603	647	0.034	24.6
XP_025270145.1	XP_001122571.3	25.882	85	49	3	85	163	275	351	0.003	26.2
XP_025270146.1	XP_001122571.3	25.882	85	49	3	85	163	275	351	0.003	26.2
XP_025270242.1	XP_026296025.1	25.758	66	46	1	470	535	111	173	0.049	24.6
XP_025270343.1	XP_016767396.2	31.250	64	39	1	419	477	51	114	0.002	30.0
XP_025270343.1	XP_001122546.4	31.250	64	39	1	419	477	51	114	0.003	29.6
XP_025270370.1	XP_001122546.4	36.066	61	32	3	825	882	177	233	0.008	28.5
XP_025270370.1	XP_016767396.2	36.066	61	32	3	825	882	177	233	0.008	28.5
XP_025270377.1	XP_001122546.4	52.381	21	10	0	96	116	680	700	0.033	23.9
XP_025270377.1	XP_016767396.2	52.381	21	10	0	96	116	700	720	0.033	23.9
XP_025270614.1	XP_016767396.2	20.779	77	60	1	92	167	138	214	0.026	23.5
XP_025270614.1	XP_001122546.4	20.779	77	60	1	92	167	138	214	0.026	23.5
XP_025270701.1	XP_016767396.2	31.429	35	24	0	82	116	46	80	0.047	24.3
XP_025270701.1	XP_001122546.4	31.429	35	24	0	82	116	46	80	0.050	24.3
XP_025270723.1	XP_001122546.4	32.353	68	34	2	238	297	469	532	0.044	24.6
XP_025270724.1	XP_001122546.4	32.353	68	34	2	238	297	469	532	0.050	24.3
XP_025270973.1	XP_016767396.2	26.667	75	53	1	803	877	310	382	0.029	26.6
XP_025270973.1	XP_001122546.4	26.316	76	54	1	803	878	310	383	0.030	26.6
XP_025271054.1	XP_016767396.2	26.374	182	90	7	353	517	512	666	0.014	27.7
XP_025271055.1	XP_016767396.2	26.374	182	90	7	301	465	512	666	0.013	27.7
XP_025271347.1	XP_001122546.4	26.923	78	57	0	59	136	447	524	0.028	23.1
XP_025271403.1	XP_026296025.1	34.783	23	15	0	105	127	158	180	0.033	22.3
XP_025271403.1	XP_026296028.1	34.783	23	15	0	105	127	146	168	0.035	22.3
XP_025271403.1	XP_026296027.1	34.783	23	15	0	105	127	146	168	0.035	22.3
XP_025271403.1	XP_026296026.1	34.783	23	15	0	105	127	146	168	0.035	22.3
