XP_017787810.1	XP_001122546.4	24.638	69	40	1	346	402	556	624	0.043	24.6
XP_017787810.1	XP_016767396.2	24.638	69	40	1	346	402	576	644	0.048	24.3
XP_017788050.1	XP_016767396.2	32.143	56	30	2	262	309	410	465	0.030	25.0
XP_017788050.1	XP_001122546.4	32.143	56	30	2	262	309	410	465	0.030	24.6
XP_017788205.1	XP_016767396.2	48.276	29	15	0	1954	1982	57	85	0.008	29.3
XP_017788205.1	XP_001122546.4	48.276	29	15	0	1954	1982	57	85	0.009	29.3
XP_017788258.1	XP_001122571.3	52.000	25	8	2	10	31	246	269	0.019	23.1
XP_017788516.1	XP_016767396.2	29.545	44	28	1	1	44	83	123	0.012	22.3
XP_017788516.1	XP_001122546.4	29.545	44	28	1	1	44	83	123	0.014	22.3
XP_017788520.1	XP_001122571.3	30.435	46	32	0	125	170	2	47	0.043	25.0
XP_017788623.1	XP_026296028.1	35.897	39	24	1	333	370	85	123	0.005	26.9
XP_017788623.1	XP_026296027.1	35.897	39	24	1	333	370	85	123	0.005	26.9
XP_017788623.1	XP_026296026.1	35.897	39	24	1	333	370	85	123	0.005	26.9
XP_017788623.1	XP_026296025.1	35.897	39	24	1	333	370	97	135	0.006	26.9
XP_017789035.1	XP_001122546.4	33.333	57	36	1	107	161	172	228	0.007	26.9
XP_017789035.1	XP_016767396.2	33.333	57	36	1	107	161	172	228	0.008	26.6
XP_017789142.1	XP_001122546.4	27.848	79	52	2	137	210	431	509	0.012	26.2
XP_017789233.1	XP_016767396.2	28.889	90	62	2	135	224	8	95	0.014	25.8
XP_017789233.1	XP_001122546.4	28.889	90	62	2	135	224	8	95	0.016	25.8
XP_017789274.1	XP_016767396.2	33.333	54	28	1	203	248	501	554	0.029	25.0
XP_017789395.1	XP_016767396.2	30.097	103	67	2	828	927	201	301	0.015	27.3
XP_017789395.1	XP_001122546.4	30.097	103	67	2	828	927	201	301	0.017	27.3
XP_017789396.1	XP_016767396.2	30.097	103	67	2	822	921	201	301	0.015	27.3
XP_017789396.1	XP_001122546.4	30.097	103	67	2	822	921	201	301	0.019	26.9
XP_017789423.1	XP_001122546.4	38.462	39	24	0	337	375	359	397	0.038	25.0
XP_017789423.1	XP_016767396.2	38.462	39	24	0	337	375	359	397	0.043	24.6
XP_017789475.1	XP_016767396.2	42.308	26	15	0	598	623	501	526	0.024	26.2
XP_017789535.1	XP_016767396.2	31.818	66	42	1	330	395	50	112	0.035	25.4
XP_017789535.1	XP_001122546.4	31.818	66	42	1	330	395	50	112	0.038	25.4
XP_017789727.1	XP_001122546.4	27.500	40	27	1	11	50	310	347	0.042	23.5
XP_017789727.1	XP_016767396.2	27.500	40	27	1	11	50	310	347	0.042	23.5
XP_017789728.1	XP_001122546.4	33.333	27	18	0	24	50	321	347	0.037	23.5
XP_017789728.1	XP_016767396.2	33.333	27	18	0	24	50	321	347	0.038	23.5
XP_017789777.1	XP_016767396.2	23.529	170	103	6	143	307	27	174	0.015	26.6
XP_017789777.1	XP_001122546.4	23.529	170	103	6	143	307	27	174	0.018	26.6
XP_017789806.1	XP_016767396.2	28.462	130	70	6	278	397	377	493	0.002	29.6
XP_017789806.1	XP_001122546.4	28.226	124	67	5	278	391	377	488	0.006	27.7
XP_017789821.1	XP_001122571.3	29.231	65	36	2	1	65	1	55	2.62e-04	29.3
XP_017789821.1	XP_001122571.3	30.159	63	37	2	83	142	291	349	4.33e-04	28.5
XP_017789826.1	XP_001122571.3	38.889	36	20	1	133	168	315	348	0.012	24.3
XP_017789980.1	XP_001122546.4	38.710	31	19	0	390	420	643	673	0.031	25.4
XP_017789980.1	XP_016767396.2	38.710	31	19	0	390	420	663	693	0.032	25.4
XP_017790054.1	XP_016767396.2	28.261	46	33	0	710	755	490	535	0.006	28.9
XP_017790162.1	XP_016767396.2	33.333	33	22	0	194	226	28	60	0.013	25.8
XP_017790162.1	XP_001122546.4	33.333	33	22	0	194	226	28	60	0.014	25.4
XP_017790872.1	XP_026296028.1	40.000	20	12	0	55	74	183	202	0.006	24.6
XP_017790872.1	XP_026296027.1	40.000	20	12	0	55	74	183	202	0.006	24.6
XP_017790872.1	XP_026296026.1	40.000	20	12	0	55	74	183	202	0.006	24.6
XP_017790872.1	XP_026296025.1	40.000	20	12	0	55	74	195	214	0.007	24.3
XP_017791104.1	XP_001122546.4	24.752	101	58	5	19	106	450	545	0.019	22.7
XP_017791168.1	XP_001122546.4	26.214	103	54	5	182	271	238	331	0.017	26.6
XP_017791168.1	XP_016767396.2	26.214	103	54	5	182	271	238	331	0.017	26.6
XP_017791186.1	XP_016767396.2	31.507	73	44	2	233	304	567	634	0.037	24.6
XP_017791186.1	XP_001122546.4	31.507	73	44	2	233	304	547	614	0.042	24.6
XP_017791231.1	XP_016767396.2	21.212	66	43	2	36	101	198	254	0.050	21.9
XP_017791324.1	XP_016767396.2	29.412	51	36	0	317	367	365	415	0.047	24.6
XP_017791367.1	XP_026296025.1	26.389	72	47	2	228	294	149	219	0.020	25.8
XP_017791367.1	XP_026296028.1	26.389	72	47	2	228	294	137	207	0.026	25.4
XP_017791367.1	XP_026296027.1	26.389	72	47	2	228	294	137	207	0.026	25.4
XP_017791367.1	XP_026296026.1	26.389	72	47	2	228	294	137	207	0.026	25.4
XP_017791368.1	XP_026296025.1	26.389	72	47	2	192	258	149	219	0.020	25.4
XP_017791368.1	XP_026296028.1	26.389	72	47	2	192	258	137	207	0.023	25.4
XP_017791368.1	XP_026296027.1	26.389	72	47	2	192	258	137	207	0.023	25.4
XP_017791368.1	XP_026296026.1	26.389	72	47	2	192	258	137	207	0.023	25.4
XP_017791598.1	XP_016767396.2	32.203	59	39	1	240	298	48	105	0.004	28.5
XP_017791598.1	XP_001122546.4	32.203	59	39	1	240	298	48	105	0.005	28.1
XP_017791658.1	XP_001122546.4	31.148	61	34	2	1	55	614	672	0.016	26.9
XP_017791658.1	XP_016767396.2	31.148	61	34	2	1	55	634	692	0.018	26.9
XP_017791661.1	XP_001122571.3	36.667	30	17	1	36	65	1	28	0.030	22.7
XP_017791697.1	XP_016767396.2	29.870	77	52	1	1098	1172	156	232	0.032	26.9
XP_017791697.1	XP_001122546.4	29.870	77	52	1	1098	1172	156	232	0.039	26.9
XP_017791729.1	XP_001122546.4	42.424	33	18	1	162	193	35	67	0.029	24.6
XP_017791729.1	XP_016767396.2	34.667	75	39	4	163	236	36	101	0.030	24.6
XP_017791874.1	XP_001122546.4	29.412	51	36	0	286	336	249	299	0.001	30.0
XP_017791874.1	XP_016767396.2	29.412	51	36	0	286	336	249	299	0.001	30.0
XP_017791940.1	XP_001122546.4	31.250	48	33	0	158	205	247	294	0.049	23.1
XP_017791940.1	XP_016767396.2	31.250	48	33	0	158	205	247	294	0.049	23.1
XP_017792082.1	XP_016767396.2	35.484	31	20	0	210	240	158	188	0.041	24.3
XP_017792082.1	XP_001122546.4	35.484	31	20	0	210	240	158	188	0.045	23.9
XP_017792104.1	XP_001122546.4	31.746	63	40	2	85	145	535	596	0.030	23.9
XP_017792199.1	XP_016767396.2	31.579	57	32	2	28	84	578	627	0.023	22.3
XP_017792199.1	XP_001122546.4	31.579	57	32	2	28	84	558	607	0.026	22.3
XP_017792200.1	XP_016767396.2	31.579	57	32	2	28	84	578	627	0.023	22.3
XP_017792200.1	XP_001122546.4	31.579	57	32	2	28	84	558	607	0.026	22.3
XP_017792201.1	XP_016767396.2	31.579	57	32	2	28	84	578	627	0.023	22.3
XP_017792201.1	XP_001122546.4	31.579	57	32	2	28	84	558	607	0.026	22.3
XP_017792203.1	XP_016767396.2	31.579	57	32	2	28	84	578	627	0.023	22.3
XP_017792203.1	XP_001122546.4	31.579	57	32	2	28	84	558	607	0.026	22.3
XP_017792243.1	XP_001122546.4	27.820	133	79	5	155	287	535	650	0.025	25.0
XP_017792261.1	XP_001122546.4	25.714	70	49	2	87	154	187	255	0.013	25.0
XP_017792261.1	XP_016767396.2	25.714	70	49	2	87	154	187	255	0.014	25.0
XP_017792349.1	XP_001122571.3	48.000	25	13	0	349	373	36	60	0.037	25.4
XP_017792712.1	XP_016767396.2	25.641	78	53	1	207	284	136	208	0.007	26.9
XP_017792712.1	XP_001122546.4	25.641	78	53	1	207	284	136	208	0.008	26.6
XP_017792758.1	XP_016767396.2	31.667	60	37	2	1073	1128	109	168	0.015	28.5
XP_017792758.1	XP_001122546.4	31.667	60	37	2	1073	1128	109	168	0.016	28.1
XP_017793003.1	XP_016767396.2	26.582	79	54	1	107	185	380	454	0.012	26.6
XP_017793003.1	XP_001122546.4	26.582	79	54	1	107	185	380	454	0.012	26.6
XP_017793114.1	XP_001122546.4	25.490	51	33	1	41	91	654	699	0.039	23.9
XP_017793114.1	XP_016767396.2	25.490	51	33	1	41	91	674	719	0.045	23.5
XP_017793172.1	XP_016767396.2	28.512	242	150	7	1495	1717	50	287	2.31e-04	34.3
XP_017793172.1	XP_001122546.4	28.512	242	150	7	1495	1717	50	287	3.19e-04	33.9
XP_017793174.1	XP_016767396.2	28.512	242	150	7	1508	1730	50	287	2.08e-04	34.3
XP_017793174.1	XP_001122546.4	28.512	242	150	7	1508	1730	50	287	3.50e-04	33.5
XP_017793175.1	XP_016767396.2	28.512	242	150	7	1505	1727	50	287	2.20e-04	34.3
XP_017793175.1	XP_001122546.4	28.512	242	150	7	1505	1727	50	287	3.56e-04	33.5
XP_017793176.1	XP_016767396.2	28.512	242	150	7	1500	1722	50	287	2.54e-04	34.3
XP_017793176.1	XP_001122546.4	28.512	242	150	7	1500	1722	50	287	3.49e-04	33.5
XP_017793526.1	XP_016767396.2	34.146	41	20	1	43	83	262	295	0.019	22.7
XP_017793526.1	XP_001122546.4	34.146	41	20	1	43	83	262	295	0.019	22.7
XP_017793577.1	XP_016767396.2	23.704	270	176	8	638	885	2	263	0.002	31.2
XP_017793577.1	XP_001122546.4	23.704	270	176	8	638	885	2	263	0.002	31.2
XP_017794087.1	XP_016767396.2	21.538	65	37	1	89	139	101	165	0.018	23.5
XP_017794087.1	XP_001122546.4	21.538	65	37	1	89	139	101	165	0.019	23.5
XP_017794154.1	XP_001122571.3	37.500	24	15	0	3	26	327	350	0.012	23.1
XP_017794194.1	XP_016767396.2	27.536	69	41	1	36	104	519	578	0.037	21.9
XP_017794194.1	XP_001122546.4	27.536	69	41	1	36	104	499	558	0.039	21.9
XP_017794212.1	XP_001122571.3	25.333	75	47	2	150	224	257	322	0.020	25.4
XP_017794213.1	XP_001122571.3	25.333	75	47	2	151	225	257	322	0.020	25.4
XP_017794214.1	XP_001122571.3	25.333	75	47	2	135	209	257	322	0.014	25.8
XP_017794223.1	XP_026296025.1	37.500	32	20	0	340	371	99	130	0.029	25.4
XP_017794223.1	XP_026296028.1	37.500	32	20	0	340	371	87	118	0.033	25.4
XP_017794223.1	XP_026296027.1	37.500	32	20	0	340	371	87	118	0.033	25.4
XP_017794223.1	XP_026296026.1	37.500	32	20	0	340	371	87	118	0.033	25.4
XP_017794224.1	XP_026296025.1	37.500	32	20	0	340	371	99	130	0.029	25.4
XP_017794224.1	XP_026296028.1	37.500	32	20	0	340	371	87	118	0.033	25.4
XP_017794224.1	XP_026296027.1	37.500	32	20	0	340	371	87	118	0.033	25.4
XP_017794224.1	XP_026296026.1	37.500	32	20	0	340	371	87	118	0.033	25.4
XP_017794257.1	XP_016767396.2	35.897	39	22	1	548	586	9	44	0.027	25.8
XP_017794257.1	XP_001122546.4	35.897	39	22	1	548	586	9	44	0.030	25.4
XP_017794259.1	XP_016767396.2	24.752	101	67	3	143	240	600	694	7.58e-04	29.6
XP_017794259.1	XP_001122546.4	24.752	101	67	3	143	240	580	674	0.001	29.3
XP_017794437.1	XP_001122546.4	20.470	298	197	9	1079	1348	246	531	0.004	29.6
XP_017794437.1	XP_016767396.2	19.786	187	126	4	1079	1244	246	429	0.041	26.6
XP_017794463.1	XP_016767396.2	20.779	77	60	1	95	170	138	214	0.017	23.9
XP_017794463.1	XP_001122546.4	20.779	77	60	1	95	170	138	214	0.017	23.9
XP_017794581.1	XP_016767396.2	32.000	100	57	5	1134	1227	589	683	0.038	26.9
XP_017794581.1	XP_001122546.4	32.000	100	57	5	1134	1227	569	663	0.039	26.9
XP_017794582.1	XP_016767396.2	32.000	100	57	5	938	1031	589	683	0.036	26.6
XP_017794582.1	XP_001122546.4	32.000	100	57	5	938	1031	569	663	0.040	26.6
XP_017794595.1	XP_026296025.1	34.783	23	15	0	113	135	158	180	0.034	22.7
XP_017794595.1	XP_026296028.1	34.783	23	15	0	113	135	146	168	0.035	22.3
XP_017794595.1	XP_026296027.1	34.783	23	15	0	113	135	146	168	0.035	22.3
XP_017794595.1	XP_026296026.1	34.783	23	15	0	113	135	146	168	0.035	22.3
XP_017794631.1	XP_026296025.1	32.258	31	21	0	105	135	188	218	0.033	24.6
XP_017794631.1	XP_026296028.1	32.258	31	21	0	105	135	176	206	0.036	24.6
XP_017794631.1	XP_026296027.1	32.258	31	21	0	105	135	176	206	0.036	24.6
XP_017794631.1	XP_026296026.1	32.258	31	21	0	105	135	176	206	0.036	24.6
XP_017794633.1	XP_001122546.4	40.000	30	6	1	473	502	711	728	0.027	25.4
XP_017794633.1	XP_016767396.2	40.000	30	6	1	473	502	731	748	0.030	25.4
XP_017794690.1	XP_026296025.1	32.000	50	32	2	60	109	81	128	0.002	27.7
XP_017794690.1	XP_026296028.1	32.000	50	32	2	60	109	69	116	0.002	27.3
XP_017794690.1	XP_026296027.1	32.000	50	32	2	60	109	69	116	0.002	27.3
XP_017794690.1	XP_026296026.1	32.000	50	32	2	60	109	69	116	0.002	27.3
XP_017794726.1	XP_001122571.3	35.000	20	13	0	210	229	22	41	0.021	25.0
XP_017794735.1	XP_001122571.3	35.000	20	13	0	206	225	22	41	0.021	25.0
XP_017794756.1	XP_001122571.3	35.484	31	17	1	78	108	322	349	0.017	22.7
XP_017795023.1	XP_001122571.3	38.235	34	19	1	123	156	29	60	0.008	26.9
XP_017795080.1	XP_026296025.1	24.074	54	37	1	138	187	158	211	0.018	24.3
XP_017795080.1	XP_026296028.1	24.074	54	37	1	138	187	146	199	0.020	23.9
XP_017795080.1	XP_026296027.1	24.074	54	37	1	138	187	146	199	0.020	23.9
XP_017795080.1	XP_026296026.1	24.074	54	37	1	138	187	146	199	0.020	23.9
XP_017795499.1	XP_016767396.2	31.579	57	38	1	306	361	333	389	0.001	30.4
XP_017795499.1	XP_001122546.4	31.579	57	38	1	306	361	333	389	0.002	30.0
XP_017795620.1	XP_001122546.4	29.545	44	16	1	245	288	713	741	0.006	27.7
XP_017795620.1	XP_001122546.4	47.619	21	11	0	464	484	201	221	0.034	25.4
XP_017795620.1	XP_016767396.2	29.545	44	16	1	245	288	733	761	0.008	27.3
XP_017795620.1	XP_016767396.2	47.619	21	11	0	464	484	201	221	0.034	25.4
XP_017795687.1	XP_016767396.2	47.826	23	12	0	76	98	497	519	0.036	21.9
XP_017795846.1	XP_001122546.4	29.032	31	22	0	37	67	652	682	0.043	22.3
XP_017795846.1	XP_016767396.2	29.032	31	22	0	37	67	672	702	0.045	22.3
XP_017795865.1	XP_001122571.3	43.478	23	13	0	39	61	300	322	0.019	22.7
XP_017795951.1	XP_001122546.4	38.462	26	16	0	54	79	151	176	0.007	27.7
XP_017795951.1	XP_016767396.2	38.462	26	16	0	54	79	151	176	0.007	27.7
XP_017795952.1	XP_001122546.4	38.462	26	16	0	46	71	151	176	0.007	27.7
XP_017795952.1	XP_016767396.2	38.462	26	16	0	46	71	151	176	0.007	27.7
XP_017796194.1	XP_016767396.2	32.812	64	36	3	56	116	545	604	0.012	26.2
XP_017796194.1	XP_001122546.4	32.812	64	36	3	56	116	525	584	0.012	26.2
XP_017796217.1	XP_001122546.4	27.711	83	51	2	97	177	438	513	0.010	25.4
XP_017796218.1	XP_001122546.4	27.711	83	51	2	97	177	438	513	0.010	25.4
XP_017796307.1	XP_016767396.2	26.042	96	53	4	286	374	609	693	0.005	27.7
XP_017796307.1	XP_016767396.2	34.615	26	17	0	286	311	512	537	0.046	24.6
XP_017796307.1	XP_001122546.4	26.042	96	53	4	286	374	589	673	0.006	27.3
XP_017796307.1	XP_001122546.4	34.615	26	17	0	286	311	492	517	0.047	24.6
XP_017796486.1	XP_016767396.2	33.065	124	69	6	290	404	215	333	0.007	27.7
XP_017796486.1	XP_001122546.4	33.065	124	69	6	290	404	215	333	0.008	27.3
XP_017796582.1	XP_016767396.2	23.404	94	63	1	2	95	36	120	3.84e-04	28.9
XP_017796582.1	XP_001122546.4	23.656	93	62	1	2	94	36	119	0.006	25.0
XP_017796707.1	XP_016767396.2	30.667	75	36	2	309	379	57	119	0.041	26.6
XP_017796707.1	XP_001122546.4	30.667	75	36	2	309	379	57	119	0.044	26.6
XP_017796890.1	XP_001122546.4	18.919	37	30	0	64	100	352	388	0.013	24.6
XP_017796890.1	XP_016767396.2	18.919	37	30	0	64	100	352	388	0.013	24.6
XP_017797064.1	XP_001122546.4	28.814	59	38	1	451	509	43	97	0.040	25.4
XP_017797064.1	XP_016767396.2	29.310	58	37	1	451	508	43	96	0.048	25.4
XP_017797326.1	XP_026296028.1	38.095	42	25	1	397	438	105	145	0.043	24.6
XP_017797326.1	XP_026296027.1	38.095	42	25	1	397	438	105	145	0.043	24.6
XP_017797326.1	XP_026296026.1	38.095	42	25	1	397	438	105	145	0.043	24.6
XP_017797326.1	XP_026296025.1	38.095	42	25	1	397	438	117	157	0.047	24.6
XP_017797441.1	XP_001122546.4	28.571	70	35	3	93	147	448	517	0.045	25.0
XP_017797725.1	XP_016767396.2	44.828	29	16	0	397	425	221	249	0.043	26.2
XP_017797725.1	XP_001122546.4	44.828	29	16	0	397	425	221	249	0.045	26.2
XP_017797757.1	XP_016767396.2	30.769	117	57	7	98	214	501	593	0.010	27.3
XP_017797757.1	XP_001122546.4	30.631	111	55	6	104	214	485	573	0.012	26.9
XP_017797972.1	XP_001122546.4	42.857	35	17	1	146	177	568	602	0.036	24.6
XP_017797972.1	XP_016767396.2	42.857	35	17	1	146	177	588	622	0.037	24.6
XP_017797973.1	XP_001122546.4	42.857	35	17	1	146	177	568	602	0.036	24.3
XP_017797973.1	XP_016767396.2	42.857	35	17	1	146	177	588	622	0.039	24.3
XP_017797974.1	XP_001122546.4	42.857	35	17	1	146	177	568	602	0.033	24.6
XP_017797974.1	XP_016767396.2	40.000	50	25	2	133	177	573	622	0.035	24.3
XP_017798063.1	XP_001122546.4	32.000	50	27	2	88	134	257	302	0.046	22.3
XP_017798063.1	XP_016767396.2	32.000	50	27	2	88	134	257	302	0.047	22.3
XP_017798067.1	XP_001122546.4	71.822	763	182	6	3	740	2	756	0.0	1063
XP_017798067.1	XP_016767396.2	69.987	783	182	6	3	740	2	776	0.0	1056
XP_017798111.1	XP_016767396.2	24.324	111	63	4	583	684	420	518	0.029	26.6
XP_017798159.1	XP_026296025.1	98.155	271	3	2	1	270	13	282	0.0	540
XP_017798159.1	XP_026296028.1	98.155	271	3	2	1	270	1	270	0.0	538
XP_017798159.1	XP_026296027.1	98.155	271	3	2	1	270	1	270	0.0	538
XP_017798159.1	XP_026296026.1	98.155	271	3	2	1	270	1	270	0.0	538
XP_017798228.1	XP_001122571.3	23.529	51	39	0	12	62	1	51	5.95e-04	25.4
XP_017798471.1	XP_001122546.4	40.000	30	18	0	512	541	10	39	0.037	26.2
XP_017798471.1	XP_016767396.2	40.000	30	18	0	512	541	10	39	0.043	25.8
XP_017798652.1	XP_016767396.2	25.974	77	47	3	547	620	482	551	0.044	25.4
XP_017798671.1	XP_016767396.2	31.250	32	22	0	51	82	78	109	0.028	22.7
XP_017798671.1	XP_016767396.2	34.211	38	21	1	46	79	143	180	0.040	22.3
XP_017798671.1	XP_001122546.4	30.952	42	25	1	42	79	139	180	0.045	21.9
XP_017798695.1	XP_001122571.3	34.375	32	21	0	3	34	315	346	0.043	21.6
XP_017798810.1	XP_001122546.4	34.483	29	19	0	32	60	661	689	0.032	23.1
XP_017798810.1	XP_016767396.2	34.483	29	19	0	32	60	681	709	0.032	23.1
XP_017799025.1	XP_001122546.4	23.529	119	78	4	134	240	95	212	0.017	25.8
XP_017799025.1	XP_016767396.2	23.529	119	78	4	134	240	95	212	0.019	25.8
XP_017799038.1	XP_016767396.2	26.168	107	66	4	118	216	320	421	0.003	26.9
XP_017799038.1	XP_001122546.4	26.168	107	66	4	118	216	320	421	0.003	26.9
XP_017799039.1	XP_016767396.2	26.168	107	66	4	118	216	320	421	0.003	26.9
XP_017799039.1	XP_001122546.4	26.168	107	66	4	118	216	320	421	0.003	26.9
XP_017799040.1	XP_016767396.2	26.168	107	66	4	118	216	320	421	0.003	26.9
XP_017799040.1	XP_001122546.4	26.168	107	66	4	118	216	320	421	0.003	26.9
XP_017799041.1	XP_016767396.2	26.168	107	66	4	118	216	320	421	0.003	26.9
XP_017799041.1	XP_001122546.4	26.168	107	66	4	118	216	320	421	0.003	26.9
XP_017799042.1	XP_016767396.2	26.168	107	66	4	118	216	320	421	0.003	26.9
XP_017799042.1	XP_001122546.4	26.168	107	66	4	118	216	320	421	0.003	26.9
XP_017799043.1	XP_016767396.2	26.168	107	66	4	110	208	320	421	0.006	25.8
XP_017799043.1	XP_001122546.4	26.168	107	66	4	110	208	320	421	0.006	25.8
XP_017799044.1	XP_001122546.4	26.168	107	66	4	104	202	320	421	0.006	25.8
XP_017799044.1	XP_016767396.2	26.168	107	66	4	104	202	320	421	0.006	25.8
XP_017799045.1	XP_001122546.4	27.000	100	59	5	118	209	320	413	0.002	26.9
XP_017799045.1	XP_016767396.2	27.000	100	59	5	118	209	320	413	0.002	26.9
XP_017799046.1	XP_016767396.2	26.168	107	66	4	97	195	320	421	0.007	25.8
XP_017799046.1	XP_001122546.4	26.168	107	66	4	97	195	320	421	0.007	25.8
XP_017799047.1	XP_016767396.2	26.168	107	66	4	97	195	320	421	0.007	25.8
XP_017799047.1	XP_001122546.4	26.168	107	66	4	97	195	320	421	0.007	25.8
XP_017799049.1	XP_016767396.2	26.168	107	66	4	97	195	320	421	0.007	25.8
XP_017799049.1	XP_001122546.4	26.168	107	66	4	97	195	320	421	0.007	25.8
XP_017799050.1	XP_001122546.4	27.000	100	59	5	118	209	320	413	0.002	26.9
XP_017799050.1	XP_016767396.2	27.000	100	59	5	118	209	320	413	0.002	26.9
XP_017799249.1	XP_016767396.2	33.333	51	19	2	77	112	277	327	0.004	28.9
XP_017799249.1	XP_001122546.4	33.333	51	19	2	77	112	277	327	0.004	28.9
XP_017799302.1	XP_016767396.2	47.826	23	12	0	76	98	497	519	0.036	21.9
XP_017799307.1	XP_016767396.2	47.826	23	12	0	76	98	497	519	0.036	21.9
XP_017799308.1	XP_016767396.2	47.826	23	12	0	76	98	497	519	0.036	21.9
XP_017799309.1	XP_001122546.4	32.353	68	34	2	281	340	469	532	0.031	25.0
XP_017799458.1	XP_016767396.2	37.143	35	22	0	209	243	279	313	0.028	24.3
XP_017799458.1	XP_001122546.4	37.143	35	22	0	209	243	279	313	0.030	24.3
XP_017799469.1	XP_016767396.2	38.776	49	30	0	428	476	198	246	0.040	25.0
XP_017799469.1	XP_001122546.4	38.776	49	30	0	428	476	198	246	0.042	25.0
XP_017799560.1	XP_016767396.2	25.000	120	73	5	452	554	56	175	0.009	27.7
XP_017799560.1	XP_001122546.4	25.000	120	73	5	452	554	56	175	0.011	27.3
XP_017799593.1	NP_001011607.1	42.308	26	14	1	59	83	44	69	0.007	24.3
