XP_003699387.1	XP_001122546.4	28.440	109	65	5	93	191	474	579	0.006	26.2
XP_003699543.1	XP_001122571.3	29.545	44	31	0	124	167	2	45	0.043	25.0
XP_003699699.1	XP_001122546.4	32.558	43	29	0	930	972	388	430	0.024	26.6
XP_003699699.1	XP_016767396.2	32.558	43	29	0	930	972	388	430	0.026	26.6
XP_003699841.1	XP_016767396.2	42.308	26	15	0	598	623	501	526	0.045	25.0
XP_003700024.1	XP_016767396.2	27.350	117	69	4	463	563	56	172	0.007	28.1
XP_003700024.1	XP_001122546.4	27.350	117	69	4	463	563	56	172	0.008	28.1
XP_003700060.2	XP_026296028.1	26.596	94	64	2	323	414	116	206	4.39e-05	33.9
XP_003700060.2	XP_026296027.1	26.596	94	64	2	323	414	116	206	4.39e-05	33.9
XP_003700060.2	XP_026296026.1	26.596	94	64	2	323	414	116	206	4.39e-05	33.9
XP_003700060.2	XP_026296025.1	26.596	94	64	2	323	414	128	218	5.11e-05	33.9
XP_003700073.1	XP_016767396.2	36.111	36	23	0	41	76	237	272	0.042	22.3
XP_003700073.1	XP_001122546.4	36.111	36	23	0	41	76	237	272	0.043	22.3
XP_003700102.1	NP_001011607.1	46.154	13	7	0	67	79	57	69	0.018	23.1
XP_003700178.1	NP_001011607.1	38.889	18	11	0	83	100	46	63	0.035	23.1
XP_003700178.1	XP_016767396.2	45.455	22	12	0	388	409	676	697	0.039	24.6
XP_003700178.1	XP_001122546.4	45.455	22	12	0	388	409	656	677	0.042	24.6
XP_003700180.1	XP_001122571.3	35.714	42	26	1	360	401	309	349	0.045	24.3
XP_003700692.1	XP_001122571.3	43.478	23	13	0	39	61	300	322	0.037	23.1
XP_003700765.1	XP_016767396.2	31.944	72	45	2	247	318	567	634	0.019	25.8
XP_003700765.1	XP_001122546.4	31.944	72	45	2	247	318	547	614	0.021	25.4
XP_003700862.1	XP_001122546.4	22.078	77	59	1	91	166	138	214	0.004	25.8
XP_003700862.1	XP_016767396.2	22.078	77	59	1	91	166	138	214	0.004	25.8
XP_003700923.1	XP_016767396.2	32.000	25	17	0	226	250	97	121	0.025	25.0
XP_003700923.1	XP_001122546.4	32.000	25	17	0	226	250	97	121	0.025	25.0
XP_003700993.1	XP_001122546.4	50.000	22	11	0	204	225	365	386	0.009	25.4
XP_003700993.1	XP_016767396.2	50.000	22	11	0	204	225	365	386	0.009	25.4
XP_003701010.1	XP_016767396.2	28.226	248	143	9	1495	1717	50	287	0.001	31.6
XP_003701010.1	XP_001122546.4	28.226	248	143	9	1495	1717	50	287	0.002	31.2
XP_003701038.1	XP_001122546.4	32.857	70	43	1	132	201	603	668	0.015	24.6
XP_003701038.1	XP_016767396.2	32.857	70	43	1	132	201	623	688	0.015	24.6
XP_003701053.1	XP_001122571.3	29.787	47	31	1	91	137	306	350	0.007	24.6
XP_003701054.1	XP_001122571.3	37.705	61	30	3	84	141	291	346	1.05e-05	33.1
XP_003701279.1	XP_016767396.2	56.250	16	7	0	578	593	498	513	0.022	26.2
XP_003701283.1	XP_016767396.2	22.222	63	47	1	2019	2079	490	552	0.045	26.9
XP_003701283.1	XP_001122546.4	26.190	42	31	0	2038	2079	491	532	0.045	26.9
XP_003701374.1	XP_001122546.4	25.556	90	63	2	37	122	426	515	0.045	24.3
XP_003701407.1	XP_026296028.1	30.556	36	25	0	1207	1242	155	190	0.016	27.3
XP_003701407.1	XP_026296027.1	30.556	36	25	0	1207	1242	155	190	0.016	27.3
XP_003701407.1	XP_026296026.1	30.556	36	25	0	1207	1242	155	190	0.016	27.3
XP_003701407.1	XP_026296025.1	30.556	36	25	0	1207	1242	167	202	0.020	26.9
XP_003701706.1	XP_001122546.4	32.432	74	44	2	450	521	39	108	0.029	26.9
XP_003701706.1	XP_016767396.2	32.432	74	44	2	450	521	39	108	0.030	26.9
XP_003701897.2	XP_016767396.2	31.343	67	29	2	237	303	117	166	0.018	26.2
XP_003701897.2	XP_001122546.4	31.343	67	29	2	237	303	117	166	0.020	26.2
XP_003701927.2	XP_016767396.2	31.373	51	33	1	449	497	137	187	0.027	25.4
XP_003701927.2	XP_001122546.4	31.373	51	33	1	449	497	137	187	0.031	25.0
XP_003702052.1	XP_001122546.4	43.750	32	16	1	332	361	467	498	0.034	25.0
XP_003702200.1	XP_001122546.4	57.143	21	9	0	387	407	201	221	0.004	28.1
XP_003702200.1	XP_016767396.2	57.143	21	9	0	387	407	201	221	0.004	28.1
XP_003702209.1	XP_026296028.1	33.333	33	22	0	91	123	150	182	0.046	25.0
XP_003702209.1	XP_026296027.1	33.333	33	22	0	91	123	150	182	0.046	25.0
XP_003702209.1	XP_026296026.1	33.333	33	22	0	91	123	150	182	0.046	25.0
XP_003702222.1	XP_001122546.4	40.000	35	20	1	134	167	91	125	0.032	25.4
XP_003702222.1	XP_016767396.2	40.000	35	20	1	134	167	91	125	0.033	25.4
XP_003702484.1	XP_001122546.4	27.273	121	74	3	427	536	198	315	0.013	26.9
XP_003702484.1	XP_016767396.2	27.273	121	74	3	427	536	198	315	0.014	26.6
XP_003702525.1	XP_016767396.2	42.000	50	24	2	133	177	573	622	0.016	25.4
XP_003702525.1	XP_001122546.4	42.000	50	24	2	133	177	553	602	0.017	25.4
XP_003702551.2	XP_026296028.1	31.818	44	30	0	2	45	93	136	0.014	25.0
XP_003702551.2	XP_026296027.1	31.818	44	30	0	2	45	93	136	0.014	25.0
XP_003702551.2	XP_026296026.1	31.818	44	30	0	2	45	93	136	0.014	25.0
XP_003702551.2	XP_026296025.1	31.818	44	30	0	2	45	105	148	0.020	24.6
XP_003702843.2	XP_016767396.2	30.631	111	53	7	98	208	501	587	0.031	25.8
XP_003702843.2	XP_001122546.4	30.476	105	51	6	104	208	485	567	0.035	25.8
XP_003702941.1	XP_001122546.4	28.736	87	52	3	96	172	429	515	2.45e-05	33.5
XP_003702944.1	XP_016767396.2	31.250	32	22	0	51	82	78	109	0.031	22.3
XP_003702944.1	XP_016767396.2	34.211	38	21	1	46	79	143	180	0.046	21.9
XP_003702944.1	XP_001122546.4	31.250	32	22	0	51	82	78	109	0.033	22.3
XP_003702944.1	XP_001122546.4	34.211	38	21	1	46	79	143	180	0.049	21.9
XP_003702988.1	XP_016767396.2	25.974	77	47	3	545	618	482	551	0.035	25.8
XP_003703307.2	XP_001122546.4	27.500	80	53	2	135	209	431	510	0.011	26.6
XP_003703402.1	XP_001122546.4	30.769	26	18	0	33	58	702	727	0.050	20.8
XP_003703402.1	XP_016767396.2	30.769	26	18	0	33	58	722	747	0.050	20.8
XP_003703527.1	XP_016767396.2	35.000	80	47	3	310	389	533	607	0.049	24.6
XP_003703626.2	XP_001122571.3	30.233	43	30	0	49	91	17	59	0.028	23.9
XP_003703669.1	XP_016767396.2	28.261	46	33	0	712	757	490	535	0.007	28.5
XP_003703730.1	XP_016767396.2	47.826	23	12	0	76	98	497	519	0.036	21.9
XP_003703732.1	XP_016767396.2	47.826	23	12	0	76	98	497	519	0.038	21.9
XP_003703782.1	XP_001122546.4	25.581	43	32	0	138	180	611	653	0.011	24.6
XP_003703782.1	XP_016767396.2	25.581	43	32	0	138	180	631	673	0.012	24.6
XP_003703850.1	XP_016767396.2	25.373	67	43	2	21	80	235	301	0.046	22.7
XP_003703923.1	XP_016767396.2	26.667	30	22	0	26	55	397	426	0.040	23.5
XP_003703923.1	XP_001122546.4	26.667	30	22	0	26	55	397	426	0.041	23.5
XP_003703971.1	XP_016767396.2	29.070	86	59	1	1082	1165	147	232	0.011	28.5
XP_003703971.1	XP_001122546.4	29.070	86	59	1	1082	1165	147	232	0.014	28.1
XP_003704126.1	XP_016767396.2	40.741	27	16	0	155	181	511	537	0.020	25.8
XP_003704126.1	XP_001122546.4	40.741	27	16	0	155	181	491	517	0.021	25.8
XP_003704153.1	XP_016767396.2	25.263	95	53	4	286	373	609	692	0.023	25.4
XP_003704153.1	XP_016767396.2	34.615	26	17	0	286	311	512	537	0.044	24.6
XP_003704153.1	XP_001122546.4	25.263	95	53	4	286	373	589	672	0.027	25.4
XP_003704153.1	XP_001122546.4	34.615	26	17	0	286	311	492	517	0.044	24.6
XP_003704158.1	XP_026296025.1	21.359	103	68	1	164	253	108	210	0.006	26.9
XP_003704158.1	XP_026296028.1	21.359	103	68	1	164	253	96	198	0.007	26.6
XP_003704158.1	XP_026296027.1	21.359	103	68	1	164	253	96	198	0.007	26.6
XP_003704158.1	XP_026296026.1	21.359	103	68	1	164	253	96	198	0.007	26.6
XP_003704412.1	XP_016767396.2	25.758	66	48	1	274	338	269	334	0.026	25.4
XP_003704412.1	XP_001122546.4	25.758	66	48	1	274	338	269	334	0.030	25.4
XP_003704533.1	XP_001122546.4	26.282	156	75	6	844	985	411	540	0.027	26.6
XP_003704764.1	XP_001122571.3	21.333	75	55	1	1	75	258	328	0.010	25.0
XP_003704846.1	XP_016767396.2	26.667	105	70	1	374	478	582	679	0.004	30.0
XP_003704846.1	XP_001122546.4	26.667	105	70	1	374	478	562	659	0.004	29.6
XP_003704968.1	XP_016767396.2	41.463	41	20	2	45	83	279	317	0.022	24.6
XP_003704968.1	XP_001122546.4	41.463	41	20	2	45	83	279	317	0.023	24.6
XP_003705089.1	XP_001122546.4	25.490	102	56	4	182	271	238	331	0.011	26.9
XP_003705089.1	XP_016767396.2	25.490	102	56	4	182	271	238	331	0.012	26.9
XP_003705306.1	XP_001122546.4	24.074	108	67	3	85	184	413	513	0.019	24.6
XP_003705396.2	XP_016767396.2	25.641	117	79	3	218	329	138	251	0.041	24.3
XP_003705396.2	XP_001122546.4	25.641	117	79	3	218	329	138	251	0.045	24.3
XP_003705614.1	XP_016767396.2	24.675	231	160	5	778	996	189	417	0.001	31.6
XP_003705614.1	XP_001122546.4	24.675	231	160	5	778	996	189	417	0.001	31.2
XP_003705668.2	XP_016767396.2	48.276	29	15	0	1962	1990	57	85	0.008	29.3
XP_003705668.2	XP_001122546.4	48.276	29	15	0	1962	1990	57	85	0.009	29.3
XP_003705842.1	XP_001122546.4	22.603	146	107	2	559	704	401	540	0.023	26.6
XP_003705898.1	XP_001122546.4	52.632	19	8	1	324	342	724	741	0.026	25.0
XP_003705898.1	XP_016767396.2	52.632	19	8	1	324	342	744	761	0.027	25.0
XP_003706026.1	XP_016767396.2	26.496	351	186	19	257	583	14	316	3.60e-04	32.7
XP_003706026.1	XP_001122546.4	26.136	352	186	19	257	583	14	316	5.20e-04	32.3
XP_003706094.1	XP_016767396.2	43.333	30	17	0	5	34	648	677	0.011	25.0
XP_003706094.1	XP_001122546.4	43.333	30	17	0	5	34	628	657	0.012	25.0
XP_003706109.1	XP_016767396.2	25.333	75	49	3	19	87	692	765	0.037	24.6
XP_003706109.1	XP_001122546.4	25.333	75	49	3	19	87	672	745	0.043	24.3
XP_003706137.1	XP_001122546.4	30.909	55	30	2	126	175	352	403	0.020	26.6
XP_003706137.1	XP_016767396.2	30.909	55	30	2	126	175	352	403	0.021	26.2
XP_003706178.1	XP_016767396.2	33.333	33	22	0	124	156	2	34	0.025	25.4
XP_003706178.1	XP_001122546.4	33.333	33	22	0	124	156	2	34	0.027	25.0
XP_003706189.1	XP_026296025.1	96.667	270	7	1	1	268	13	282	0.0	532
XP_003706189.1	XP_026296028.1	96.667	270	7	1	1	268	1	270	0.0	531
XP_003706189.1	XP_026296027.1	96.667	270	7	1	1	268	1	270	0.0	531
XP_003706189.1	XP_026296026.1	96.667	270	7	1	1	268	1	270	0.0	531
XP_003706386.1	XP_016767396.2	32.500	80	43	2	63	134	503	579	0.020	25.8
XP_003706485.1	XP_001122546.4	30.000	100	53	3	181	279	469	552	0.029	25.0
XP_003706526.1	XP_001122546.4	23.529	51	34	1	41	91	654	699	0.029	24.3
XP_003706526.1	XP_016767396.2	23.529	51	34	1	41	91	674	719	0.032	24.3
XP_003706552.1	XP_016767396.2	30.928	97	60	3	573	662	499	595	0.026	26.2
XP_003706552.1	XP_001122546.4	30.556	108	70	2	560	662	468	575	0.049	25.4
XP_003706867.1	XP_001122546.4	30.357	56	26	2	423	476	640	684	0.006	27.7
XP_003706867.1	XP_016767396.2	30.357	56	26	2	423	476	660	704	0.006	27.7
XP_003706913.1	XP_016767396.2	25.954	131	72	6	279	398	377	493	0.020	26.2
XP_003707222.2	XP_001122571.3	34.211	38	17	1	136	165	286	323	0.024	23.9
XP_003707375.2	XP_026296028.1	35.897	39	24	1	322	359	85	123	0.009	27.3
XP_003707375.2	XP_026296027.1	35.897	39	24	1	322	359	85	123	0.009	27.3
XP_003707375.2	XP_026296026.1	35.897	39	24	1	322	359	85	123	0.009	27.3
XP_003707375.2	XP_026296025.1	35.897	39	24	1	322	359	97	135	0.012	26.9
XP_003707523.2	XP_026296028.1	44.000	25	14	0	151	175	70	94	0.045	22.7
XP_003707523.2	XP_026296027.1	44.000	25	14	0	151	175	70	94	0.045	22.7
XP_003707523.2	XP_026296026.1	44.000	25	14	0	151	175	70	94	0.045	22.7
XP_003707523.2	XP_026296025.1	44.000	25	14	0	151	175	82	106	0.049	22.7
XP_003707929.1	XP_016767396.2	28.261	46	32	1	304	349	66	110	0.047	25.0
XP_003707929.1	XP_001122546.4	28.261	46	32	1	304	349	66	110	0.048	25.0
XP_003708147.1	XP_016767396.2	34.884	43	25	1	692	734	40	79	0.037	25.8
XP_003708147.1	XP_001122546.4	34.884	43	25	1	692	734	40	79	0.040	25.8
XP_003708424.1	XP_001122571.3	37.500	56	34	1	1028	1082	244	299	0.018	27.3
XP_003708524.1	XP_016767396.2	23.958	96	64	3	148	240	605	694	0.003	27.3
XP_003708524.1	XP_001122546.4	23.958	96	64	3	148	240	585	674	0.004	27.3
XP_003708572.2	XP_016767396.2	26.923	182	89	7	322	486	512	666	0.006	29.3
XP_003708572.2	XP_001122546.4	26.923	182	89	7	322	486	492	646	0.006	28.9
XP_012134914.1	XP_001122571.3	43.478	23	13	0	55	77	300	322	0.040	23.1
XP_012134915.1	XP_001122571.3	43.478	23	13	0	39	61	300	322	0.037	23.1
XP_012134931.1	XP_016767396.2	31.944	72	45	2	247	318	567	634	0.019	25.8
XP_012134931.1	XP_001122546.4	31.944	72	45	2	247	318	547	614	0.021	25.4
XP_012134936.1	XP_016767396.2	21.935	155	106	7	127	269	55	206	0.026	27.7
XP_012134936.1	XP_001122546.4	21.935	155	106	7	127	269	55	206	0.030	27.3
XP_012135172.1	XP_001122546.4	22.078	77	59	1	91	166	138	214	0.004	25.8
XP_012135172.1	XP_016767396.2	22.078	77	59	1	91	166	138	214	0.004	25.8
XP_012135173.1	XP_001122546.4	22.078	77	59	1	91	166	138	214	0.004	25.8
XP_012135173.1	XP_016767396.2	22.078	77	59	1	91	166	138	214	0.004	25.8
XP_012135174.1	XP_001122546.4	22.078	77	59	1	91	166	138	214	0.004	25.8
XP_012135174.1	XP_016767396.2	22.078	77	59	1	91	166	138	214	0.004	25.8
XP_012135179.1	XP_016767396.2	20.913	263	141	9	659	880	506	742	0.015	28.1
XP_012135324.1	XP_016767396.2	28.226	248	143	9	1495	1717	50	287	0.001	31.6
XP_012135324.1	XP_001122546.4	28.226	248	143	9	1495	1717	50	287	0.002	31.2
XP_012135325.1	XP_016767396.2	28.235	255	147	10	1487	1716	50	293	0.001	31.6
XP_012135325.1	XP_001122546.4	28.226	248	143	9	1487	1709	50	287	0.002	31.2
XP_012135326.1	XP_016767396.2	28.226	248	143	9	1495	1717	50	287	0.001	31.6
XP_012135326.1	XP_001122546.4	28.226	248	143	9	1495	1717	50	287	0.002	31.2
XP_012135391.1	XP_001122571.3	29.787	47	31	1	92	138	306	350	0.007	24.6
XP_012135392.1	XP_001122571.3	29.787	47	31	1	91	137	306	350	0.007	24.6
XP_012135467.1	XP_001122546.4	32.857	70	43	1	132	201	603	668	0.015	24.6
XP_012135467.1	XP_016767396.2	32.857	70	43	1	132	201	623	688	0.015	24.6
XP_012135468.1	XP_001122546.4	32.857	70	43	1	132	201	603	668	0.015	24.6
XP_012135468.1	XP_016767396.2	32.857	70	43	1	132	201	623	688	0.015	24.6
XP_012136001.1	XP_016767396.2	37.500	32	17	1	578	609	498	526	0.007	27.7
XP_012136123.1	XP_001122546.4	26.190	42	31	0	2027	2068	491	532	0.044	26.9
XP_012136123.1	XP_016767396.2	22.222	63	47	1	2008	2068	490	552	0.044	26.9
XP_012136365.1	XP_016767396.2	18.182	44	36	0	69	112	345	388	0.015	24.6
XP_012136367.1	XP_001122546.4	18.182	44	36	0	57	100	345	388	0.011	24.6
XP_012136367.1	XP_016767396.2	18.182	44	36	0	57	100	345	388	0.012	24.6
XP_012136779.1	XP_001122546.4	17.442	258	172	4	610	828	123	378	0.037	29.3
XP_012136779.1	XP_016767396.2	17.442	258	172	4	610	828	123	378	0.047	28.9
XP_012136795.1	XP_016767396.2	24.409	127	87	3	705	824	178	302	0.016	28.1
XP_012136795.1	XP_016767396.2	27.619	105	69	2	922	1026	197	294	0.023	27.7
XP_012136795.1	XP_001122546.4	24.603	126	86	3	705	823	178	301	0.021	28.1
XP_012136795.1	XP_001122546.4	27.619	105	69	2	922	1026	197	294	0.026	27.7
XP_012136868.1	XP_026296025.1	27.869	61	43	1	535	594	141	201	0.028	25.4
XP_012136868.1	XP_026296028.1	27.869	61	43	1	535	594	129	189	0.028	25.4
XP_012136868.1	XP_026296027.1	27.869	61	43	1	535	594	129	189	0.028	25.4
XP_012136868.1	XP_026296026.1	27.869	61	43	1	535	594	129	189	0.028	25.4
XP_012137023.1	XP_001122571.3	30.435	23	16	0	2	24	1	23	0.031	23.5
XP_012137154.1	XP_016767396.2	32.258	31	21	0	226	256	439	469	0.049	24.3
XP_012137396.1	XP_016767396.2	31.343	67	29	2	233	299	117	166	0.018	26.2
XP_012137396.1	XP_001122546.4	31.343	67	29	2	233	299	117	166	0.020	26.2
XP_012137397.1	XP_016767396.2	31.343	67	29	2	233	299	117	166	0.018	26.2
XP_012137397.1	XP_001122546.4	31.343	67	29	2	233	299	117	166	0.020	26.2
XP_012137398.1	XP_016767396.2	31.343	67	29	2	237	303	117	166	0.021	25.8
XP_012137398.1	XP_001122546.4	31.343	67	29	2	237	303	117	166	0.024	25.8
XP_012137399.1	XP_016767396.2	31.343	67	29	2	237	303	117	166	0.019	25.8
XP_012137399.1	XP_001122546.4	31.343	67	29	2	237	303	117	166	0.020	25.8
XP_012137429.1	XP_016767396.2	31.373	51	33	1	551	599	137	187	0.026	25.8
XP_012137429.1	XP_001122546.4	31.373	51	33	1	551	599	137	187	0.029	25.4
XP_012137430.1	XP_016767396.2	31.373	51	33	1	551	599	137	187	0.026	25.8
XP_012137430.1	XP_001122546.4	31.373	51	33	1	551	599	137	187	0.029	25.4
XP_012137431.1	XP_016767396.2	31.373	51	33	1	551	599	137	187	0.026	25.8
XP_012137431.1	XP_001122546.4	31.373	51	33	1	551	599	137	187	0.029	25.4
XP_012137432.1	XP_016767396.2	31.373	51	33	1	551	599	137	187	0.026	25.8
XP_012137432.1	XP_001122546.4	31.373	51	33	1	551	599	137	187	0.029	25.4
XP_012137433.1	XP_016767396.2	31.373	51	33	1	507	555	137	187	0.025	25.8
XP_012137433.1	XP_001122546.4	31.373	51	33	1	507	555	137	187	0.029	25.4
XP_012137477.1	XP_001122546.4	40.000	30	6	1	406	435	711	728	0.038	25.0
XP_012137477.1	XP_016767396.2	40.000	30	6	1	406	435	731	748	0.042	24.6
XP_012137772.1	XP_016767396.2	22.609	115	82	1	414	528	51	158	0.007	28.5
XP_012137772.1	XP_001122546.4	30.189	53	37	0	414	466	51	103	0.009	28.1
XP_012137782.1	XP_016767396.2	47.826	23	12	0	76	98	497	519	0.036	21.9
XP_012137788.1	XP_001122546.4	57.143	21	9	0	387	407	201	221	0.004	28.1
XP_012137788.1	XP_016767396.2	57.143	21	9	0	387	407	201	221	0.004	28.1
XP_012138174.1	XP_026296028.1	38.462	26	16	0	415	440	179	204	0.028	25.4
XP_012138174.1	XP_026296027.1	38.462	26	16	0	415	440	179	204	0.028	25.4
XP_012138174.1	XP_026296026.1	38.462	26	16	0	415	440	179	204	0.028	25.4
XP_012138174.1	XP_026296025.1	38.462	26	16	0	415	440	191	216	0.031	25.0
XP_012138175.1	XP_026296028.1	38.462	26	16	0	415	440	179	204	0.028	25.4
XP_012138175.1	XP_026296027.1	38.462	26	16	0	415	440	179	204	0.028	25.4
XP_012138175.1	XP_026296026.1	38.462	26	16	0	415	440	179	204	0.028	25.4
XP_012138175.1	XP_026296025.1	38.462	26	16	0	415	440	191	216	0.031	25.0
XP_012138176.1	XP_026296028.1	38.462	26	16	0	415	440	179	204	0.028	25.4
XP_012138176.1	XP_026296027.1	38.462	26	16	0	415	440	179	204	0.028	25.4
XP_012138176.1	XP_026296026.1	38.462	26	16	0	415	440	179	204	0.028	25.4
XP_012138176.1	XP_026296025.1	38.462	26	16	0	415	440	191	216	0.031	25.0
XP_012138177.1	XP_026296028.1	38.462	26	16	0	415	440	179	204	0.028	25.4
XP_012138177.1	XP_026296027.1	38.462	26	16	0	415	440	179	204	0.028	25.4
XP_012138177.1	XP_026296026.1	38.462	26	16	0	415	440	179	204	0.028	25.4
XP_012138177.1	XP_026296025.1	38.462	26	16	0	415	440	191	216	0.031	25.0
XP_012138178.1	XP_026296028.1	38.462	26	16	0	415	440	179	204	0.028	25.4
XP_012138178.1	XP_026296027.1	38.462	26	16	0	415	440	179	204	0.028	25.4
XP_012138178.1	XP_026296026.1	38.462	26	16	0	415	440	179	204	0.028	25.4
XP_012138178.1	XP_026296025.1	38.462	26	16	0	415	440	191	216	0.031	25.0
XP_012138179.1	XP_026296028.1	38.462	26	16	0	414	439	179	204	0.027	25.4
XP_012138179.1	XP_026296027.1	38.462	26	16	0	414	439	179	204	0.027	25.4
XP_012138179.1	XP_026296026.1	38.462	26	16	0	414	439	179	204	0.027	25.4
XP_012138179.1	XP_026296025.1	38.462	26	16	0	414	439	191	216	0.032	25.0
XP_012138180.1	XP_026296028.1	38.462	26	16	0	332	357	179	204	0.021	25.4
XP_012138180.1	XP_026296027.1	38.462	26	16	0	332	357	179	204	0.021	25.4
XP_012138180.1	XP_026296026.1	38.462	26	16	0	332	357	179	204	0.021	25.4
XP_012138180.1	XP_026296025.1	38.462	26	16	0	332	357	191	216	0.023	25.4
XP_012138431.1	XP_001122546.4	38.462	26	16	0	46	71	151	176	0.007	27.7
XP_012138431.1	XP_016767396.2	38.462	26	16	0	46	71	151	176	0.007	27.7
XP_012138612.1	XP_001122546.4	35.000	20	13	0	90	109	670	689	0.028	23.9
XP_012138612.1	XP_016767396.2	35.000	20	13	0	90	109	690	709	0.031	23.5
XP_012138614.1	XP_016767396.2	23.333	90	62	1	94	176	334	423	0.017	25.8
XP_012138614.1	XP_001122546.4	31.373	51	28	1	94	137	334	384	0.017	25.8
XP_012138615.1	XP_001122546.4	31.373	51	28	1	47	90	334	384	0.015	25.8
XP_012138615.1	XP_016767396.2	31.373	51	28	1	47	90	334	384	0.015	25.8
XP_012138616.1	XP_016767396.2	23.333	90	62	1	9	91	334	423	0.009	26.2
XP_012138616.1	XP_001122546.4	23.333	90	62	1	9	91	334	423	0.010	26.2
XP_012138684.1	XP_001122571.3	28.302	53	37	1	49	100	246	298	0.012	23.9
XP_012138812.1	XP_001122546.4	27.273	121	74	3	427	536	198	315	0.013	26.9
XP_012138812.1	XP_016767396.2	27.273	121	74	3	427	536	198	315	0.014	26.6
XP_012138813.1	XP_001122546.4	27.273	121	74	3	427	536	198	315	0.013	26.9
XP_012138813.1	XP_016767396.2	27.273	121	74	3	427	536	198	315	0.014	26.6
XP_012138814.1	XP_001122546.4	27.273	121	74	3	427	536	198	315	0.013	26.9
XP_012138814.1	XP_016767396.2	27.273	121	74	3	427	536	198	315	0.014	26.6
XP_012138815.1	XP_016767396.2	27.273	121	74	3	423	532	198	315	0.013	26.9
XP_012138815.1	XP_001122546.4	27.273	121	74	3	423	532	198	315	0.014	26.6
XP_012138816.1	XP_001122546.4	27.273	121	74	3	393	502	198	315	0.009	27.3
XP_012138816.1	XP_016767396.2	27.273	121	74	3	393	502	198	315	0.009	27.3
XP_012138852.1	XP_001122546.4	23.077	169	122	2	797	964	219	380	1.94e-04	34.3
XP_012138852.1	XP_016767396.2	23.077	169	122	2	797	964	219	380	2.05e-04	34.3
XP_012138853.1	XP_016767396.2	23.077	169	122	2	797	964	219	380	1.86e-04	34.3
XP_012138853.1	XP_001122546.4	23.077	169	122	2	797	964	219	380	1.87e-04	34.3
XP_012138857.1	XP_016767396.2	23.077	169	122	2	797	964	219	380	1.86e-04	34.3
XP_012138857.1	XP_001122546.4	23.077	169	122	2	797	964	219	380	1.87e-04	34.3
XP_012138865.1	XP_001122546.4	23.077	169	122	2	797	964	219	380	2.01e-04	34.3
XP_012138865.1	XP_016767396.2	23.077	169	122	2	797	964	219	380	2.09e-04	34.3
XP_012138875.1	XP_016767396.2	23.077	169	122	2	797	964	219	380	1.81e-04	34.3
XP_012138875.1	XP_001122546.4	23.077	169	122	2	797	964	219	380	2.01e-04	34.3
XP_012138884.1	XP_016767396.2	23.077	169	122	2	797	964	219	380	1.81e-04	34.3
XP_012138884.1	XP_001122546.4	23.077	169	122	2	797	964	219	380	2.01e-04	34.3
XP_012138892.1	XP_026296028.1	29.545	44	31	0	78	121	93	136	0.034	24.3
XP_012138892.1	XP_026296027.1	29.545	44	31	0	78	121	93	136	0.034	24.3
XP_012138892.1	XP_026296026.1	29.545	44	31	0	78	121	93	136	0.034	24.3
XP_012138892.1	XP_026296025.1	29.545	44	31	0	78	121	105	148	0.049	23.9
XP_012138893.1	XP_026296028.1	30.233	43	30	0	1	43	94	136	0.027	24.3
XP_012138893.1	XP_026296027.1	30.233	43	30	0	1	43	94	136	0.027	24.3
XP_012138893.1	XP_026296026.1	30.233	43	30	0	1	43	94	136	0.027	24.3
XP_012138893.1	XP_026296025.1	30.233	43	30	0	1	43	106	148	0.041	23.5
XP_012138927.1	XP_001122546.4	42.000	50	24	2	133	177	553	602	0.016	25.4
XP_012138927.1	XP_016767396.2	42.000	50	24	2	133	177	573	622	0.017	25.4
XP_012138929.1	XP_001122546.4	42.000	50	24	2	133	177	553	602	0.016	25.4
XP_012138929.1	XP_016767396.2	42.000	50	24	2	133	177	573	622	0.016	25.4
XP_012138931.1	XP_001122546.4	42.000	50	24	2	133	177	553	602	0.012	25.8
XP_012138931.1	XP_016767396.2	42.000	50	24	2	133	177	573	622	0.013	25.8
XP_012139058.1	XP_016767396.2	39.130	23	14	0	163	185	727	749	0.005	28.5
XP_012139058.1	XP_001122546.4	39.130	23	14	0	163	185	707	729	0.005	28.5
XP_012139206.1	XP_001122546.4	28.169	71	36	3	150	205	447	517	0.033	25.4
XP_012139207.1	XP_001122546.4	28.169	71	36	3	150	205	447	517	0.032	25.4
XP_012139421.1	XP_016767396.2	25.974	77	47	3	545	618	482	551	0.036	25.8
XP_012139515.1	XP_016767396.2	27.273	66	47	1	392	457	518	582	0.019	26.9
XP_012139515.1	XP_001122546.4	27.273	66	47	1	392	457	498	562	0.021	26.9
XP_012139522.1	XP_016767396.2	27.273	66	47	1	337	402	518	582	0.015	27.3
XP_012139522.1	XP_001122546.4	27.273	66	47	1	337	402	498	562	0.017	26.9
XP_012139528.1	XP_016767396.2	27.273	66	47	1	331	396	518	582	0.014	27.3
XP_012139528.1	XP_001122546.4	27.273	66	47	1	331	396	498	562	0.017	26.9
XP_012139533.1	XP_016767396.2	27.273	66	47	1	331	396	518	582	0.014	27.3
XP_012139533.1	XP_001122546.4	27.273	66	47	1	331	396	498	562	0.017	26.9
XP_012139539.1	XP_016767396.2	27.273	66	47	1	290	355	518	582	0.013	27.3
XP_012139539.1	XP_001122546.4	27.273	66	47	1	290	355	498	562	0.014	27.3
XP_012139545.1	XP_016767396.2	27.273	66	47	1	278	343	518	582	0.011	27.7
XP_012139545.1	XP_001122546.4	27.273	66	47	1	278	343	498	562	0.013	27.3
XP_012139554.1	XP_016767396.2	27.273	66	47	1	267	332	518	582	0.011	27.7
XP_012139554.1	XP_001122546.4	27.273	66	47	1	267	332	498	562	0.012	27.3
XP_012139565.1	XP_016767396.2	27.273	66	47	1	267	332	518	582	0.011	27.7
XP_012139565.1	XP_001122546.4	27.273	66	47	1	267	332	498	562	0.012	27.3
XP_012139568.1	XP_016767396.2	27.273	66	47	1	267	332	518	582	0.011	27.7
XP_012139568.1	XP_001122546.4	27.273	66	47	1	267	332	498	562	0.012	27.3
XP_012139574.1	XP_016767396.2	27.273	66	47	1	267	332	518	582	0.011	27.7
XP_012139574.1	XP_001122546.4	27.273	66	47	1	267	332	498	562	0.012	27.3
XP_012139679.1	XP_001122546.4	28.736	87	52	3	96	172	429	515	2.45e-05	33.5
XP_012139694.1	XP_016767396.2	31.250	32	22	0	51	82	78	109	0.031	22.3
XP_012139694.1	XP_016767396.2	34.211	38	21	1	46	79	143	180	0.046	21.9
XP_012139694.1	XP_001122546.4	31.250	32	22	0	51	82	78	109	0.033	22.3
XP_012139694.1	XP_001122546.4	34.211	38	21	1	46	79	143	180	0.049	21.9
XP_012139695.1	XP_016767396.2	31.250	32	22	0	51	82	78	109	0.031	22.3
XP_012139695.1	XP_016767396.2	34.211	38	21	1	46	79	143	180	0.046	21.9
XP_012139695.1	XP_001122546.4	31.250	32	22	0	51	82	78	109	0.033	22.3
XP_012139695.1	XP_001122546.4	34.211	38	21	1	46	79	143	180	0.049	21.9
XP_012139696.1	XP_016767396.2	31.250	32	22	0	51	82	78	109	0.031	22.3
XP_012139696.1	XP_016767396.2	34.211	38	21	1	46	79	143	180	0.046	21.9
XP_012139696.1	XP_001122546.4	31.250	32	22	0	51	82	78	109	0.033	22.3
XP_012139696.1	XP_001122546.4	34.211	38	21	1	46	79	143	180	0.049	21.9
XP_012139816.1	XP_001122546.4	30.476	105	51	6	48	152	485	567	0.020	26.2
XP_012139816.1	XP_016767396.2	30.631	111	53	7	42	152	501	587	0.020	26.2
XP_012140131.1	XP_016767396.2	33.784	74	44	2	219	292	355	423	0.034	26.2
XP_012140131.1	XP_001122546.4	33.784	74	44	2	219	292	355	423	0.038	26.2
XP_012140132.1	XP_016767396.2	33.784	74	44	2	219	292	355	423	0.034	26.2
XP_012140132.1	XP_001122546.4	33.784	74	44	2	219	292	355	423	0.038	26.2
XP_012140133.1	XP_016767396.2	33.784	74	44	2	219	292	355	423	0.032	26.2
XP_012140133.1	XP_001122546.4	33.784	74	44	2	219	292	355	423	0.037	26.2
XP_012140134.1	XP_016767396.2	33.784	74	44	2	219	292	355	423	0.028	26.2
XP_012140134.1	XP_001122546.4	33.784	74	44	2	219	292	355	423	0.029	26.2
XP_012140135.1	XP_016767396.2	33.784	74	44	2	219	292	355	423	0.026	26.2
XP_012140135.1	XP_001122546.4	33.784	74	44	2	219	292	355	423	0.028	26.2
XP_012140471.1	XP_026296025.1	46.154	26	14	0	46	71	162	187	5.61e-04	26.6
XP_012140471.1	XP_026296028.1	46.154	26	14	0	46	71	150	175	6.65e-04	26.2
XP_012140471.1	XP_026296027.1	46.154	26	14	0	46	71	150	175	6.65e-04	26.2
XP_012140471.1	XP_026296026.1	46.154	26	14	0	46	71	150	175	6.65e-04	26.2
XP_012140790.1	XP_001122546.4	27.848	79	52	2	135	208	431	509	0.011	26.6
XP_012140931.1	XP_001122546.4	23.750	80	59	1	169	246	230	309	0.043	23.9
XP_012140931.1	XP_016767396.2	23.750	80	59	1	169	246	230	309	0.045	23.9
XP_012140960.1	XP_016767396.2	38.710	31	19	0	390	420	663	693	0.038	25.0
XP_012140960.1	XP_001122546.4	38.710	31	19	0	390	420	643	673	0.040	25.0
XP_012140961.1	XP_016767396.2	38.710	31	19	0	390	420	663	693	0.038	25.0
XP_012140961.1	XP_001122546.4	38.710	31	19	0	390	420	643	673	0.040	25.0
XP_012140962.1	XP_016767396.2	38.710	31	19	0	390	420	663	693	0.038	25.0
XP_012140962.1	XP_001122546.4	38.710	31	19	0	390	420	643	673	0.040	25.0
XP_012141370.1	XP_016767396.2	22.785	79	44	3	209	287	283	344	0.027	24.6
XP_012141370.1	XP_001122546.4	22.785	79	44	3	209	287	283	344	0.028	24.6
XP_012141371.1	XP_016767396.2	28.261	46	33	0	712	757	490	535	0.007	28.5
XP_012141372.1	XP_016767396.2	28.261	46	33	0	589	634	490	535	0.008	28.5
XP_012141815.1	XP_001122546.4	25.373	67	42	2	43	104	55	118	0.027	22.3
XP_012141815.1	XP_016767396.2	25.373	67	42	2	43	104	55	118	0.027	22.3
XP_012141821.1	XP_001122546.4	20.319	251	156	9	481	706	304	535	0.024	26.9
XP_012141828.1	XP_001122546.4	20.319	251	156	9	481	706	304	535	0.021	26.9
XP_012141837.1	XP_001122546.4	20.319	251	156	9	481	706	304	535	0.025	26.6
XP_012141841.1	XP_001122546.4	20.319	251	156	9	481	706	304	535	0.019	26.9
XP_012141848.1	XP_001122546.4	20.319	251	156	9	481	706	304	535	0.023	26.6
XP_012141856.1	XP_001122546.4	20.319	251	156	9	481	706	304	535	0.021	26.9
XP_012141874.1	XP_016767396.2	33.333	36	18	1	21	50	235	270	0.048	22.7
XP_012141875.1	XP_001122546.4	36.364	33	15	1	24	50	238	270	0.020	23.9
XP_012141875.1	XP_016767396.2	36.364	33	15	1	24	50	238	270	0.021	23.9
XP_012141876.1	XP_001122546.4	36.364	33	15	1	1	27	238	270	0.030	23.1
XP_012141877.1	XP_001122546.4	36.364	33	15	1	1	27	238	270	0.030	23.1
XP_012142073.1	XP_016767396.2	26.667	30	22	0	26	55	397	426	0.040	23.5
XP_012142073.1	XP_001122546.4	26.667	30	22	0	26	55	397	426	0.041	23.5
XP_012142074.1	XP_016767396.2	26.667	30	22	0	26	55	397	426	0.040	23.5
XP_012142074.1	XP_001122546.4	26.667	30	22	0	26	55	397	426	0.041	23.5
XP_012142323.1	XP_016767396.2	25.000	180	108	7	544	714	262	423	0.011	27.3
XP_012142323.1	XP_001122546.4	25.000	180	108	7	544	714	262	423	0.012	27.3
XP_012142324.1	XP_016767396.2	25.000	180	108	7	544	714	262	423	0.010	27.3
XP_012142324.1	XP_001122546.4	25.000	180	108	7	544	714	262	423	0.012	27.3
XP_012142397.1	XP_016767396.2	33.333	27	18	0	24	50	321	347	0.044	23.1
XP_012142397.1	XP_001122546.4	33.333	27	18	0	24	50	321	347	0.045	23.1
XP_012142581.1	XP_016767396.2	25.263	95	53	4	286	373	609	692	0.023	25.4
XP_012142581.1	XP_016767396.2	34.615	26	17	0	286	311	512	537	0.044	24.6
XP_012142581.1	XP_001122546.4	25.263	95	53	4	286	373	589	672	0.027	25.4
XP_012142581.1	XP_001122546.4	34.615	26	17	0	286	311	492	517	0.044	24.6
XP_012142582.1	XP_016767396.2	25.263	95	53	4	286	373	609	692	0.023	25.4
XP_012142582.1	XP_016767396.2	34.615	26	17	0	286	311	512	537	0.044	24.6
XP_012142582.1	XP_001122546.4	25.263	95	53	4	286	373	589	672	0.027	25.4
XP_012142582.1	XP_001122546.4	34.615	26	17	0	286	311	492	517	0.044	24.6
XP_012142583.1	XP_016767396.2	25.263	95	53	4	286	373	609	692	0.023	25.4
XP_012142583.1	XP_016767396.2	34.615	26	17	0	286	311	512	537	0.044	24.6
XP_012142583.1	XP_001122546.4	25.263	95	53	4	286	373	589	672	0.027	25.4
XP_012142583.1	XP_001122546.4	34.615	26	17	0	286	311	492	517	0.044	24.6
XP_012142584.1	XP_016767396.2	25.263	95	53	4	286	373	609	692	0.023	25.4
XP_012142584.1	XP_016767396.2	34.615	26	17	0	286	311	512	537	0.044	24.6
XP_012142584.1	XP_001122546.4	25.263	95	53	4	286	373	589	672	0.027	25.4
XP_012142584.1	XP_001122546.4	34.615	26	17	0	286	311	492	517	0.044	24.6
XP_012142586.1	XP_016767396.2	25.263	95	53	4	286	373	609	692	0.023	25.4
XP_012142586.1	XP_016767396.2	34.615	26	17	0	286	311	512	537	0.044	24.6
XP_012142586.1	XP_001122546.4	25.263	95	53	4	286	373	589	672	0.027	25.4
XP_012142586.1	XP_001122546.4	34.615	26	17	0	286	311	492	517	0.044	24.6
XP_012142587.1	XP_016767396.2	25.263	95	53	4	286	373	609	692	0.023	25.4
XP_012142587.1	XP_016767396.2	34.615	26	17	0	286	311	512	537	0.044	24.6
XP_012142587.1	XP_001122546.4	25.263	95	53	4	286	373	589	672	0.027	25.4
XP_012142587.1	XP_001122546.4	34.615	26	17	0	286	311	492	517	0.044	24.6
XP_012142588.1	XP_016767396.2	25.263	95	53	4	286	373	609	692	0.023	25.4
XP_012142588.1	XP_016767396.2	34.615	26	17	0	286	311	512	537	0.044	24.6
XP_012142588.1	XP_001122546.4	25.263	95	53	4	286	373	589	672	0.027	25.4
XP_012142588.1	XP_001122546.4	34.615	26	17	0	286	311	492	517	0.044	24.6
XP_012142726.1	XP_016767396.2	28.333	60	31	3	59	114	236	287	0.050	23.1
XP_012142734.1	XP_001122546.4	27.397	73	44	2	1533	1596	104	176	0.017	28.5
XP_012142734.1	XP_016767396.2	27.397	73	44	2	1533	1596	104	176	0.018	28.5
XP_012142735.1	XP_001122546.4	27.397	73	44	2	1532	1595	104	176	0.017	28.5
XP_012142735.1	XP_016767396.2	27.397	73	44	2	1532	1595	104	176	0.018	28.5
XP_012142736.1	XP_001122546.4	27.397	73	44	2	1523	1586	104	176	0.017	28.5
XP_012142736.1	XP_016767396.2	27.397	73	44	2	1523	1586	104	176	0.018	28.5
XP_012142737.1	XP_001122546.4	27.397	73	44	2	1522	1585	104	176	0.017	28.5
XP_012142737.1	XP_016767396.2	27.397	73	44	2	1522	1585	104	176	0.017	28.5
XP_012142738.1	XP_001122546.4	27.397	73	44	2	1521	1584	104	176	0.017	28.5
XP_012142738.1	XP_016767396.2	27.397	73	44	2	1521	1584	104	176	0.017	28.5
XP_012142739.1	XP_001122546.4	27.397	73	44	2	1512	1575	104	176	0.017	28.5
XP_012142739.1	XP_016767396.2	27.397	73	44	2	1512	1575	104	176	0.017	28.5
XP_012142740.1	XP_016767396.2	27.397	73	44	2	1533	1596	104	176	0.017	28.5
XP_012142740.1	XP_001122546.4	27.397	73	44	2	1533	1596	104	176	0.017	28.5
XP_012142741.1	XP_001122546.4	27.397	73	44	2	1482	1545	104	176	0.014	28.9
XP_012142741.1	XP_016767396.2	27.397	73	44	2	1482	1545	104	176	0.017	28.5
XP_012142742.1	XP_001122546.4	27.397	73	44	2	1481	1544	104	176	0.014	28.9
XP_012142742.1	XP_016767396.2	27.397	73	44	2	1481	1544	104	176	0.017	28.5
XP_012142743.1	XP_001122546.4	27.723	101	60	3	1450	1537	76	176	7.80e-04	32.7
XP_012142743.1	XP_016767396.2	27.723	101	60	3	1450	1537	76	176	7.83e-04	32.7
XP_012142744.1	XP_001122546.4	27.397	73	44	2	1466	1529	104	176	0.014	28.9
XP_012142744.1	XP_016767396.2	27.397	73	44	2	1466	1529	104	176	0.015	28.9
XP_012142745.1	XP_001122546.4	26.042	96	55	3	1440	1526	88	176	0.003	31.2
XP_012142745.1	XP_016767396.2	26.042	96	55	3	1440	1526	88	176	0.003	31.2
XP_012143118.1	XP_016767396.2	27.545	167	93	7	58	200	223	385	0.004	26.9
XP_012143118.1	XP_016767396.2	31.183	93	58	4	94	181	304	395	0.041	23.9
XP_012143118.1	XP_001122546.4	27.545	167	93	7	58	200	223	385	0.004	26.9
XP_012143118.1	XP_001122546.4	31.183	93	58	4	94	181	304	395	0.046	23.5
XP_012143447.1	XP_001122546.4	26.282	156	75	6	844	985	411	540	0.027	26.6
XP_012143448.1	XP_001122546.4	26.282	156	75	6	844	985	411	540	0.027	26.6
XP_012143449.1	XP_001122546.4	26.282	156	75	6	844	985	411	540	0.027	26.6
XP_012143450.1	XP_001122546.4	26.282	156	75	6	844	985	411	540	0.027	26.6
XP_012143451.1	XP_001122546.4	26.282	156	75	6	844	985	411	540	0.027	26.6
XP_012143452.1	XP_001122546.4	26.282	156	75	6	758	899	411	540	0.025	26.6
XP_012143453.1	XP_001122546.4	26.282	156	75	6	758	899	411	540	0.025	26.6
XP_012143454.1	XP_001122546.4	26.282	156	75	6	758	899	411	540	0.025	26.6
XP_012143455.1	XP_001122546.4	26.282	156	75	6	758	899	411	540	0.025	26.6
XP_012143456.1	XP_001122546.4	26.282	156	75	6	758	899	411	540	0.025	26.6
XP_012143457.1	XP_001122546.4	26.282	156	75	6	698	839	411	540	0.021	26.6
XP_012143531.1	XP_001122546.4	29.524	105	67	3	338	436	473	576	6.32e-04	31.6
XP_012143531.1	XP_016767396.2	31.461	89	54	3	354	436	509	596	0.002	30.0
XP_012143800.1	XP_016767396.2	27.778	126	69	4	423	530	397	518	0.041	25.0
XP_012143800.1	XP_001122546.4	36.232	69	41	2	423	490	397	463	0.049	24.6
XP_012143801.1	XP_016767396.2	27.778	126	69	4	423	530	397	518	0.041	25.0
XP_012143801.1	XP_001122546.4	36.232	69	41	2	423	490	397	463	0.049	24.6
XP_012143802.1	XP_016767396.2	27.778	126	69	4	384	491	397	518	0.028	25.4
XP_012143802.1	XP_001122546.4	36.232	69	41	2	384	451	397	463	0.045	24.6
XP_012143803.1	XP_016767396.2	27.778	126	69	4	329	436	397	518	0.026	25.4
XP_012143803.1	XP_001122546.4	36.232	69	41	2	329	396	397	463	0.037	24.6
XP_012143804.1	XP_016767396.2	27.778	126	69	4	329	436	397	518	0.026	25.4
XP_012143804.1	XP_001122546.4	36.232	69	41	2	329	396	397	463	0.037	24.6
XP_012143805.1	XP_016767396.2	27.778	126	69	4	329	436	397	518	0.026	25.4
XP_012143805.1	XP_001122546.4	36.232	69	41	2	329	396	397	463	0.037	24.6
XP_012143806.1	XP_016767396.2	27.778	126	69	4	329	436	397	518	0.026	25.4
XP_012143806.1	XP_001122546.4	36.232	69	41	2	329	396	397	463	0.037	24.6
XP_012143934.1	XP_001122571.3	21.333	75	55	1	1	75	258	328	0.010	25.0
XP_012144131.1	XP_001122571.3	37.255	51	26	2	424	474	257	301	0.029	25.4
XP_012144375.1	XP_016767396.2	41.463	41	20	2	45	83	279	317	0.022	24.6
XP_012144375.1	XP_001122546.4	41.463	41	20	2	45	83	279	317	0.023	24.6
XP_012144666.1	XP_001122546.4	33.333	69	41	2	261	328	468	532	0.039	24.6
XP_012144667.1	XP_001122546.4	33.333	69	41	2	261	328	468	532	0.039	24.6
XP_012144672.1	XP_001122546.4	33.333	69	41	2	261	328	468	532	0.037	25.0
XP_012144673.1	XP_001122546.4	33.333	69	41	2	261	328	468	532	0.035	24.6
XP_012144821.1	XP_001122546.4	25.490	102	56	4	182	271	238	331	0.011	26.9
XP_012144821.1	XP_016767396.2	25.490	102	56	4	182	271	238	331	0.012	26.9
XP_012144822.1	XP_001122546.4	25.490	102	56	4	182	271	238	331	0.011	26.9
XP_012144822.1	XP_016767396.2	25.490	102	56	4	182	271	238	331	0.012	26.9
XP_012145251.1	XP_001122546.4	24.074	108	67	3	78	177	413	513	0.015	25.0
XP_012145266.1	XP_016767396.2	23.148	216	118	5	2673	2848	132	339	0.006	30.8
XP_012145266.1	XP_001122546.4	23.148	216	118	5	2673	2848	132	339	0.006	30.4
XP_012145267.1	XP_016767396.2	23.148	216	118	5	2673	2848	132	339	0.006	30.4
XP_012145267.1	XP_001122546.4	23.148	216	118	5	2673	2848	132	339	0.006	30.4
XP_012145268.1	XP_001122546.4	23.148	216	118	5	2659	2834	132	339	0.006	30.4
XP_012145268.1	XP_016767396.2	23.148	216	118	5	2659	2834	132	339	0.006	30.4
XP_012145269.1	XP_001122546.4	23.148	216	118	5	2649	2824	132	339	0.005	30.8
XP_012145269.1	XP_016767396.2	23.148	216	118	5	2649	2824	132	339	0.006	30.4
XP_012145270.1	XP_001122546.4	23.148	216	118	5	2649	2824	132	339	0.005	30.8
XP_012145270.1	XP_016767396.2	23.148	216	118	5	2649	2824	132	339	0.006	30.4
XP_012145271.1	XP_016767396.2	23.148	216	118	5	2637	2812	132	339	0.006	30.4
XP_012145271.1	XP_001122546.4	23.148	216	118	5	2637	2812	132	339	0.006	30.4
XP_012145272.1	XP_016767396.2	23.148	216	118	5	2637	2812	132	339	0.006	30.4
XP_012145272.1	XP_001122546.4	23.148	216	118	5	2637	2812	132	339	0.006	30.4
XP_012145273.1	XP_016767396.2	23.148	216	118	5	2637	2812	132	339	0.006	30.4
XP_012145273.1	XP_001122546.4	23.148	216	118	5	2637	2812	132	339	0.006	30.4
XP_012145274.1	XP_016767396.2	23.148	216	118	5	2630	2805	132	339	0.005	30.8
XP_012145274.1	XP_001122546.4	23.148	216	118	5	2630	2805	132	339	0.006	30.4
XP_012145275.1	XP_016767396.2	23.148	216	118	5	2616	2791	132	339	0.006	30.4
XP_012145275.1	XP_001122546.4	23.148	216	118	5	2616	2791	132	339	0.006	30.4
XP_012145337.1	XP_026296028.1	34.615	26	17	0	710	735	223	248	0.031	25.8
XP_012145337.1	XP_026296027.1	34.615	26	17	0	710	735	223	248	0.031	25.8
XP_012145337.1	XP_026296026.1	34.615	26	17	0	710	735	223	248	0.031	25.8
XP_012145338.1	XP_026296028.1	34.615	26	17	0	710	735	223	248	0.031	25.8
XP_012145338.1	XP_026296027.1	34.615	26	17	0	710	735	223	248	0.031	25.8
XP_012145338.1	XP_026296026.1	34.615	26	17	0	710	735	223	248	0.031	25.8
XP_012145349.1	XP_001122546.4	25.862	58	36	2	13	69	687	738	0.009	23.9
XP_012145349.1	XP_016767396.2	25.862	58	36	2	13	69	707	758	0.009	23.9
XP_012145461.1	XP_026296025.1	34.783	23	15	0	108	130	158	180	0.022	23.1
XP_012145461.1	XP_026296028.1	34.783	23	15	0	108	130	146	168	0.024	23.1
XP_012145461.1	XP_026296027.1	34.783	23	15	0	108	130	146	168	0.024	23.1
XP_012145461.1	XP_026296026.1	34.783	23	15	0	108	130	146	168	0.024	23.1
XP_012145493.1	XP_001122546.4	29.630	27	19	0	43	69	309	335	0.050	23.9
XP_012145494.1	XP_001122546.4	29.630	27	19	0	43	69	309	335	0.050	23.9
XP_012145495.1	XP_001122546.4	29.630	27	19	0	43	69	309	335	0.050	23.9
XP_012145496.1	XP_001122546.4	29.630	27	19	0	43	69	309	335	0.050	23.9
XP_012145497.1	XP_001122546.4	29.630	27	19	0	43	69	309	335	0.050	23.9
XP_012145579.1	XP_001122546.4	36.957	46	29	0	314	359	277	322	0.050	28.1
XP_012145703.1	XP_001122546.4	43.750	16	9	0	86	101	724	739	0.025	22.7
XP_012145703.1	XP_016767396.2	43.750	16	9	0	86	101	744	759	0.026	22.7
XP_012145809.1	XP_001122546.4	26.613	124	72	5	824	935	442	558	0.020	26.9
XP_012145941.1	XP_016767396.2	23.810	126	80	5	1152	1270	54	170	0.021	27.7
XP_012145941.1	XP_001122546.4	23.810	126	80	5	1152	1270	54	170	0.027	27.3
XP_012145942.1	XP_016767396.2	23.810	126	80	5	1152	1270	54	170	0.021	27.7
XP_012145942.1	XP_001122546.4	23.810	126	80	5	1152	1270	54	170	0.027	27.3
XP_012145945.1	XP_016767396.2	28.205	78	51	1	204	281	136	208	7.88e-04	30.0
XP_012145945.1	XP_001122546.4	28.205	78	51	1	204	281	136	208	8.13e-04	30.0
XP_012146124.1	XP_001122571.3	25.333	75	47	2	151	225	257	322	0.018	25.4
XP_012146199.1	XP_016767396.2	48.276	29	15	0	2100	2128	57	85	0.009	29.3
XP_012146199.1	XP_001122546.4	48.276	29	15	0	2100	2128	57	85	0.010	29.3
XP_012146200.1	XP_016767396.2	48.276	29	15	0	1949	1977	57	85	0.008	29.3
XP_012146200.1	XP_001122546.4	48.276	29	15	0	1949	1977	57	85	0.009	29.3
XP_012146201.1	XP_016767396.2	48.276	29	15	0	1933	1961	57	85	0.009	29.3
XP_012146201.1	XP_001122546.4	48.276	29	15	0	1933	1961	57	85	0.009	29.3
XP_012146202.1	XP_016767396.2	48.276	29	15	0	1933	1961	57	85	0.009	29.3
XP_012146202.1	XP_001122546.4	48.276	29	15	0	1933	1961	57	85	0.009	29.3
XP_012146203.1	XP_016767396.2	48.276	29	15	0	1712	1740	57	85	0.008	29.3
XP_012146203.1	XP_001122546.4	48.276	29	15	0	1712	1740	57	85	0.008	29.3
XP_012146204.1	XP_016767396.2	48.276	29	15	0	1712	1740	57	85	0.008	29.3
XP_012146204.1	XP_001122546.4	48.276	29	15	0	1712	1740	57	85	0.008	29.3
XP_012146205.1	XP_016767396.2	48.276	29	15	0	1712	1740	57	85	0.008	29.3
XP_012146205.1	XP_001122546.4	48.276	29	15	0	1712	1740	57	85	0.008	29.3
XP_012146206.1	XP_016767396.2	48.276	29	15	0	1712	1740	57	85	0.008	29.3
XP_012146206.1	XP_001122546.4	48.276	29	15	0	1712	1740	57	85	0.008	29.3
XP_012146322.1	XP_026296025.1	57.143	21	9	0	174	194	45	65	0.029	23.9
XP_012146322.1	XP_026296028.1	57.143	21	9	0	174	194	33	53	0.033	23.9
XP_012146322.1	XP_026296027.1	57.143	21	9	0	174	194	33	53	0.033	23.9
XP_012146322.1	XP_026296026.1	57.143	21	9	0	174	194	33	53	0.033	23.9
XP_012146553.1	XP_001122546.4	29.268	82	39	4	74	154	632	695	0.015	26.9
XP_012146553.1	XP_016767396.2	29.268	82	39	4	74	154	652	715	0.016	26.6
XP_012146555.1	XP_001122546.4	29.268	82	39	4	74	154	632	695	0.015	26.9
XP_012146555.1	XP_016767396.2	29.268	82	39	4	74	154	652	715	0.016	26.6
XP_012146566.1	XP_016767396.2	24.211	95	58	3	861	948	219	306	1.61e-04	34.7
XP_012146566.1	XP_016767396.2	26.236	263	136	12	1085	1341	215	425	0.003	30.4
XP_012146566.1	XP_001122546.4	24.211	95	58	3	861	948	219	306	1.77e-04	34.3
XP_012146566.1	XP_001122546.4	26.236	263	136	12	1085	1341	215	425	0.004	30.0
XP_012146567.1	XP_016767396.2	24.211	95	58	3	861	948	219	306	1.55e-04	34.7
XP_012146567.1	XP_016767396.2	26.236	263	136	12	1085	1341	215	425	0.003	30.4
XP_012146567.1	XP_001122546.4	24.211	95	58	3	861	948	219	306	1.67e-04	34.3
XP_012146567.1	XP_001122546.4	26.693	251	126	12	1097	1341	227	425	0.004	30.0
XP_012146568.1	XP_016767396.2	24.211	95	58	3	854	941	219	306	1.55e-04	34.7
XP_012146568.1	XP_016767396.2	26.236	263	136	12	1078	1334	215	425	0.003	30.4
XP_012146568.1	XP_001122546.4	24.211	95	58	3	854	941	219	306	1.72e-04	34.3
XP_012146568.1	XP_001122546.4	26.236	263	136	12	1078	1334	215	425	0.004	30.0
XP_012146569.1	XP_016767396.2	24.211	95	58	3	846	933	219	306	1.54e-04	34.7
XP_012146569.1	XP_016767396.2	26.236	263	136	12	1070	1326	215	425	0.003	30.4
XP_012146569.1	XP_001122546.4	24.211	95	58	3	846	933	219	306	1.71e-04	34.3
XP_012146569.1	XP_001122546.4	26.236	263	136	12	1070	1326	215	425	0.004	30.0
XP_012146570.1	XP_016767396.2	24.211	95	58	3	838	925	219	306	1.42e-04	34.7
XP_012146570.1	XP_016767396.2	26.236	263	136	12	1062	1318	215	425	0.003	30.4
XP_012146570.1	XP_001122546.4	24.211	95	58	3	838	925	219	306	1.66e-04	34.3
XP_012146570.1	XP_001122546.4	26.693	251	126	12	1074	1318	227	425	0.004	30.0
XP_012146571.1	XP_016767396.2	24.211	95	58	3	822	909	219	306	1.68e-04	34.3
XP_012146571.1	XP_016767396.2	26.236	263	136	12	1046	1302	215	425	0.004	29.6
XP_012146571.1	XP_001122546.4	24.211	95	58	3	822	909	219	306	1.77e-04	34.3
XP_012146571.1	XP_001122546.4	26.236	263	136	12	1046	1302	215	425	0.004	29.6
XP_012146574.1	XP_016767396.2	24.211	95	58	3	748	835	219	306	1.36e-04	34.7
XP_012146574.1	XP_016767396.2	26.236	263	136	12	972	1228	215	425	0.002	30.8
XP_012146574.1	XP_001122546.4	24.211	95	58	3	748	835	219	306	1.51e-04	34.7
XP_012146574.1	XP_001122546.4	26.236	263	136	12	972	1228	215	425	0.003	30.4
XP_012146575.1	XP_016767396.2	24.211	95	58	3	709	796	219	306	1.61e-04	34.3
XP_012146575.1	XP_016767396.2	26.236	263	136	12	933	1189	215	425	0.004	30.0
XP_012146575.1	XP_001122546.4	24.211	95	58	3	709	796	219	306	1.62e-04	34.3
XP_012146575.1	XP_001122546.4	26.236	263	136	12	933	1189	215	425	0.003	30.0
XP_012146710.1	XP_016767396.2	42.308	26	15	0	562	587	501	526	0.044	25.0
XP_012146718.1	XP_016767396.2	42.308	26	15	0	562	587	501	526	0.044	25.0
XP_012146818.1	XP_016767396.2	30.667	75	36	2	309	379	57	119	0.018	27.7
XP_012146818.1	XP_001122546.4	30.667	75	36	2	309	379	57	119	0.019	27.7
XP_012146819.1	XP_016767396.2	30.667	75	36	2	309	379	57	119	0.018	27.7
XP_012146819.1	XP_001122546.4	30.667	75	36	2	309	379	57	119	0.020	27.7
XP_012146891.1	XP_001122546.4	52.632	19	8	1	324	342	724	741	0.026	25.0
XP_012146891.1	XP_016767396.2	52.632	19	8	1	324	342	744	761	0.027	25.0
XP_012146892.1	XP_001122546.4	52.632	19	8	1	324	342	724	741	0.026	25.0
XP_012146892.1	XP_016767396.2	52.632	19	8	1	324	342	744	761	0.027	25.0
XP_012146893.1	XP_001122546.4	52.632	19	8	1	324	342	724	741	0.026	25.0
XP_012146893.1	XP_016767396.2	52.632	19	8	1	324	342	744	761	0.027	25.0
XP_012146894.1	XP_001122546.4	52.632	19	8	1	324	342	724	741	0.026	25.0
XP_012146894.1	XP_016767396.2	52.632	19	8	1	324	342	744	761	0.027	25.0
XP_012146978.1	XP_001122546.4	36.842	38	24	0	172	209	559	596	0.005	27.7
XP_012146978.1	XP_016767396.2	36.842	38	24	0	172	209	579	616	0.006	27.3
XP_012146979.1	XP_001122546.4	36.842	38	24	0	172	209	559	596	0.005	27.7
XP_012146979.1	XP_016767396.2	36.842	38	24	0	172	209	579	616	0.006	27.3
XP_012146980.1	XP_001122546.4	36.842	38	24	0	172	209	559	596	0.005	27.7
XP_012146980.1	XP_016767396.2	36.842	38	24	0	172	209	579	616	0.006	27.3
XP_012146981.1	XP_001122546.4	36.842	38	24	0	172	209	559	596	0.005	27.7
XP_012146981.1	XP_016767396.2	36.842	38	24	0	172	209	579	616	0.006	27.3
XP_012146982.1	XP_001122546.4	36.842	38	24	0	172	209	559	596	0.005	27.7
XP_012146982.1	XP_016767396.2	36.842	38	24	0	172	209	579	616	0.006	27.3
XP_012146983.1	XP_001122546.4	36.842	38	24	0	172	209	559	596	0.005	27.7
XP_012146983.1	XP_016767396.2	36.842	38	24	0	172	209	579	616	0.006	27.3
XP_012146984.1	XP_001122546.4	36.842	38	24	0	172	209	559	596	0.005	27.7
XP_012146984.1	XP_016767396.2	36.842	38	24	0	172	209	579	616	0.006	27.3
XP_012146985.1	XP_001122546.4	36.842	38	24	0	155	192	559	596	0.005	27.7
XP_012146985.1	XP_016767396.2	36.842	38	24	0	155	192	579	616	0.005	27.3
XP_012146986.1	XP_001122546.4	36.842	38	24	0	146	183	559	596	0.004	27.7
XP_012146986.1	XP_016767396.2	36.842	38	24	0	146	183	579	616	0.005	27.7
XP_012147035.1	XP_026296028.1	40.476	42	24	1	325	366	105	145	0.019	25.4
XP_012147035.1	XP_026296027.1	40.476	42	24	1	325	366	105	145	0.019	25.4
XP_012147035.1	XP_026296026.1	40.476	42	24	1	325	366	105	145	0.019	25.4
XP_012147035.1	XP_026296025.1	40.476	42	24	1	325	366	117	157	0.022	25.4
XP_012147036.1	XP_026296028.1	40.476	42	24	1	284	325	105	145	0.019	25.4
XP_012147036.1	XP_026296027.1	40.476	42	24	1	284	325	105	145	0.019	25.4
XP_012147036.1	XP_026296026.1	40.476	42	24	1	284	325	105	145	0.019	25.4
XP_012147036.1	XP_026296025.1	40.476	42	24	1	284	325	117	157	0.022	25.0
XP_012147037.1	XP_026296028.1	40.476	42	24	1	325	366	105	145	0.015	25.4
XP_012147037.1	XP_026296027.1	40.476	42	24	1	325	366	105	145	0.015	25.4
XP_012147037.1	XP_026296026.1	40.476	42	24	1	325	366	105	145	0.015	25.4
XP_012147037.1	XP_026296025.1	40.476	42	24	1	325	366	117	157	0.018	25.4
XP_012147056.1	XP_016767396.2	26.496	351	186	19	257	583	14	316	3.60e-04	32.7
XP_012147056.1	XP_001122546.4	26.136	352	186	19	257	583	14	316	5.20e-04	32.3
XP_012147057.1	XP_016767396.2	26.496	351	186	19	257	583	14	316	3.60e-04	32.7
XP_012147057.1	XP_001122546.4	26.136	352	186	19	257	583	14	316	5.20e-04	32.3
XP_012147058.1	XP_016767396.2	26.496	351	186	19	257	583	14	316	3.60e-04	32.7
XP_012147058.1	XP_001122546.4	26.136	352	186	19	257	583	14	316	5.20e-04	32.3
XP_012147325.1	XP_016767396.2	20.332	241	135	10	327	518	464	696	0.021	26.2
XP_012147333.1	XP_016767396.2	20.747	241	134	10	327	518	464	696	0.019	26.2
XP_012147349.1	XP_016767396.2	30.909	55	30	2	78	127	352	403	0.020	26.2
XP_012147349.1	XP_001122546.4	30.909	55	30	2	78	127	352	403	0.021	26.2
XP_012147357.1	XP_001122546.4	37.838	37	23	0	74	110	400	436	0.028	22.3
XP_012147357.1	XP_016767396.2	37.838	37	23	0	74	110	400	436	0.029	22.3
XP_012147409.1	XP_016767396.2	33.333	33	22	0	103	135	2	34	0.027	25.0
XP_012147409.1	XP_001122546.4	33.333	33	22	0	103	135	2	34	0.028	25.0
XP_012147432.1	XP_001122546.4	77.371	738	147	2	14	751	39	756	0.0	1144
XP_012147432.1	XP_016767396.2	75.330	758	147	3	14	751	39	776	0.0	1130
XP_012147433.1	XP_001122546.4	79.306	720	147	1	14	733	39	756	0.0	1155
XP_012147433.1	XP_016767396.2	77.162	740	147	2	14	733	39	776	0.0	1142
XP_012147473.1	XP_001122571.3	25.281	178	83	8	243	409	213	351	6.98e-05	33.1
XP_012147799.1	XP_016767396.2	32.500	80	43	2	63	134	503	579	0.013	26.2
XP_012147799.1	XP_001122546.4	32.432	74	39	2	69	134	489	559	0.050	24.3
XP_012147839.1	XP_016767396.2	21.965	173	116	4	1262	1427	373	533	0.034	26.9
XP_012147840.1	XP_016767396.2	21.965	173	116	4	1261	1426	373	533	0.035	26.9
XP_012147842.1	XP_016767396.2	21.965	173	116	4	1262	1427	373	533	0.032	26.9
XP_012147843.1	XP_016767396.2	21.965	173	116	4	1230	1395	373	533	0.032	26.9
XP_012148049.1	XP_001122546.4	20.879	91	68	2	412	498	141	231	0.021	26.9
XP_012148049.1	XP_016767396.2	20.879	91	68	2	412	498	141	231	0.023	26.6
XP_012148050.1	XP_001122546.4	20.879	91	68	2	412	498	141	231	0.021	26.9
XP_012148050.1	XP_016767396.2	20.879	91	68	2	412	498	141	231	0.023	26.6
XP_012148051.1	XP_001122546.4	20.879	91	68	2	412	498	141	231	0.021	26.9
XP_012148051.1	XP_016767396.2	20.879	91	68	2	412	498	141	231	0.023	26.6
XP_012148089.1	XP_001122546.4	23.529	170	103	6	143	307	27	174	0.017	26.6
XP_012148089.1	XP_016767396.2	23.529	170	103	6	143	307	27	174	0.018	26.6
XP_012148090.1	XP_016767396.2	23.529	170	103	6	141	305	27	174	0.018	26.6
XP_012148090.1	XP_001122546.4	23.529	170	103	6	141	305	27	174	0.019	26.6
XP_012148091.1	XP_016767396.2	23.529	170	103	6	128	292	27	174	0.018	26.6
XP_012148091.1	XP_001122546.4	23.529	170	103	6	128	292	27	174	0.020	26.2
XP_012148218.1	XP_016767396.2	31.633	98	58	4	573	662	499	595	0.018	26.6
XP_012148218.1	XP_001122546.4	31.193	109	68	3	560	662	468	575	0.036	25.8
XP_012148219.1	XP_016767396.2	31.633	98	58	4	573	662	499	595	0.018	26.6
XP_012148219.1	XP_001122546.4	31.193	109	68	3	560	662	468	575	0.036	25.8
XP_012148220.1	XP_016767396.2	31.633	98	58	4	538	627	499	595	0.022	26.2
XP_012148220.1	XP_001122546.4	32.941	85	50	3	549	627	492	575	0.050	25.0
XP_012148303.1	XP_001122546.4	27.160	81	36	3	160	220	641	718	0.004	28.5
XP_012148303.1	XP_016767396.2	27.160	81	36	3	160	220	661	738	0.004	28.5
XP_012148304.1	XP_001122546.4	27.160	81	36	3	160	220	641	718	0.004	28.5
XP_012148304.1	XP_016767396.2	27.160	81	36	3	160	220	661	738	0.004	28.5
XP_012148305.1	XP_001122546.4	27.160	81	36	3	159	219	641	718	0.004	28.5
XP_012148305.1	XP_016767396.2	27.160	81	36	3	159	219	661	738	0.004	28.5
XP_012148307.1	XP_001122546.4	27.160	81	36	3	159	219	641	718	0.004	28.5
XP_012148307.1	XP_016767396.2	27.160	81	36	3	159	219	661	738	0.004	28.5
XP_012148308.1	XP_001122546.4	27.160	81	36	3	160	220	641	718	0.004	28.5
XP_012148308.1	XP_016767396.2	27.160	81	36	3	160	220	661	738	0.004	28.5
XP_012148310.1	XP_001122546.4	27.160	81	36	3	160	220	641	718	0.003	28.5
XP_012148310.1	XP_016767396.2	27.160	81	36	3	160	220	661	738	0.004	28.5
XP_012149130.1	XP_016767396.2	45.161	31	15	1	380	408	673	703	0.024	25.8
XP_012149130.1	XP_001122546.4	45.161	31	15	1	380	408	653	683	0.024	25.8
XP_012149322.1	XP_016767396.2	25.954	131	72	6	279	398	377	493	0.020	26.2
XP_012149323.1	XP_016767396.2	25.954	131	72	6	279	398	377	493	0.020	26.2
XP_012149324.1	XP_016767396.2	25.954	131	72	6	279	398	377	493	0.020	26.2
XP_012149325.1	XP_016767396.2	25.954	131	72	6	278	397	377	493	0.019	26.2
XP_012149472.1	XP_026296025.1	26.389	72	47	2	225	291	149	219	0.010	26.6
XP_012149472.1	XP_026296028.1	26.389	72	47	2	225	291	137	207	0.012	26.6
XP_012149472.1	XP_026296027.1	26.389	72	47	2	225	291	137	207	0.012	26.6
XP_012149472.1	XP_026296026.1	26.389	72	47	2	225	291	137	207	0.012	26.6
XP_012149473.1	XP_026296025.1	26.389	72	47	2	191	257	149	219	0.009	26.6
XP_012149473.1	XP_026296028.1	26.389	72	47	2	191	257	137	207	0.010	26.6
XP_012149473.1	XP_026296027.1	26.389	72	47	2	191	257	137	207	0.010	26.6
XP_012149473.1	XP_026296026.1	26.389	72	47	2	191	257	137	207	0.010	26.6
XP_012149474.1	XP_026296025.1	26.389	72	47	2	191	257	149	219	0.009	26.6
XP_012149474.1	XP_026296028.1	26.389	72	47	2	191	257	137	207	0.010	26.6
XP_012149474.1	XP_026296027.1	26.389	72	47	2	191	257	137	207	0.010	26.6
XP_012149474.1	XP_026296026.1	26.389	72	47	2	191	257	137	207	0.010	26.6
XP_012149485.1	XP_016767396.2	22.826	92	56	1	1017	1108	63	139	0.049	25.8
XP_012149738.1	XP_016767396.2	24.176	91	65	2	78	168	53	139	0.006	25.4
XP_012149738.1	XP_001122546.4	24.176	91	65	2	78	168	53	139	0.007	25.0
XP_012149949.1	XP_026296028.1	35.897	39	24	1	322	359	85	123	0.009	27.3
XP_012149949.1	XP_026296027.1	35.897	39	24	1	322	359	85	123	0.009	27.3
XP_012149949.1	XP_026296026.1	35.897	39	24	1	322	359	85	123	0.009	27.3
XP_012149949.1	XP_026296025.1	35.897	39	24	1	322	359	97	135	0.011	26.9
XP_012150012.1	XP_016767396.2	23.881	201	115	7	277	470	347	516	0.043	24.6
XP_012150013.1	XP_016767396.2	23.881	201	115	7	277	470	347	516	0.043	24.6
XP_012150129.1	XP_016767396.2	25.792	221	117	10	845	1050	142	330	0.002	30.4
XP_012150129.1	XP_001122546.4	28.188	149	74	7	921	1050	196	330	0.002	30.0
XP_012150420.1	XP_001122546.4	21.622	111	74	5	74	172	128	237	0.038	23.9
XP_012150420.1	XP_016767396.2	21.622	111	74	5	74	172	128	237	0.039	23.9
XP_012150421.1	XP_016767396.2	29.412	51	34	1	17	67	345	393	0.032	25.4
XP_012150421.1	XP_001122546.4	29.412	51	34	1	17	67	345	393	0.033	25.4
XP_012150914.1	XP_016767396.2	30.769	104	50	5	53	134	400	503	0.009	26.6
XP_012150915.1	XP_016767396.2	30.769	104	50	5	53	134	400	503	0.007	26.9
XP_012150916.1	XP_016767396.2	30.769	104	50	5	53	134	400	503	0.007	26.9
XP_012150917.1	XP_016767396.2	30.769	104	50	5	53	134	400	503	0.005	26.2
XP_012151557.1	XP_001122546.4	26.000	100	60	5	142	233	320	413	0.015	25.0
XP_012151557.1	XP_016767396.2	26.000	100	60	5	142	233	320	413	0.015	25.0
XP_012151558.1	XP_001122546.4	26.000	100	60	5	118	209	320	413	0.006	25.8
XP_012151558.1	XP_016767396.2	26.000	100	60	5	118	209	320	413	0.006	25.8
XP_012151559.1	XP_001122546.4	26.000	100	60	5	118	209	320	413	0.006	25.8
XP_012151559.1	XP_016767396.2	26.000	100	60	5	118	209	320	413	0.006	25.8
XP_012151560.1	XP_001122546.4	26.000	100	60	5	118	209	320	413	0.006	25.8
XP_012151560.1	XP_016767396.2	26.000	100	60	5	118	209	320	413	0.006	25.8
XP_012151561.1	XP_016767396.2	26.000	100	60	5	97	188	320	413	0.014	24.6
XP_012151561.1	XP_001122546.4	26.000	100	60	5	97	188	320	413	0.014	24.6
XP_012151562.1	XP_016767396.2	26.000	100	60	5	97	188	320	413	0.014	24.6
XP_012151562.1	XP_001122546.4	26.000	100	60	5	97	188	320	413	0.014	24.6
XP_012151563.1	XP_016767396.2	26.000	100	60	5	97	188	320	413	0.014	24.6
XP_012151563.1	XP_001122546.4	26.000	100	60	5	97	188	320	413	0.014	24.6
XP_012151723.1	XP_016767396.2	47.826	23	12	0	76	98	497	519	0.036	21.9
XP_012151785.1	XP_016767396.2	28.261	46	32	1	305	350	66	110	0.046	25.0
XP_012151785.1	XP_001122546.4	28.261	46	32	1	305	350	66	110	0.049	25.0
XP_012152150.1	XP_016767396.2	26.923	52	38	0	133	184	456	507	0.021	25.0
XP_012152213.1	XP_016767396.2	34.884	43	25	1	667	709	40	79	0.037	25.8
XP_012152213.1	XP_001122546.4	34.884	43	25	1	667	709	40	79	0.041	25.4
XP_012152214.1	XP_016767396.2	34.884	43	25	1	627	669	40	79	0.031	25.8
XP_012152214.1	XP_001122546.4	34.884	43	25	1	627	669	40	79	0.035	25.8
XP_012152302.1	XP_001122546.4	39.286	28	17	0	19	46	517	544	0.038	24.6
XP_012152302.1	XP_016767396.2	39.286	28	17	0	19	46	537	564	0.038	24.6
XP_012152303.1	XP_001122546.4	39.286	28	17	0	19	46	517	544	0.038	24.6
XP_012152303.1	XP_016767396.2	39.286	28	17	0	19	46	537	564	0.038	24.6
XP_012152362.1	XP_001122546.4	27.879	165	84	9	2	151	37	181	0.009	25.0
XP_012152362.1	XP_016767396.2	27.879	165	84	9	2	151	37	181	0.010	25.0
XP_012152505.1	XP_001122546.4	26.852	108	65	4	1959	2056	480	583	0.009	29.6
XP_012152505.1	XP_016767396.2	25.532	94	58	3	1973	2056	512	603	0.031	27.7
XP_012152574.1	XP_016767396.2	27.225	191	112	9	606	785	515	689	0.036	27.7
XP_012152574.1	XP_001122546.4	27.225	191	112	9	606	785	495	669	0.037	27.7
XP_012152609.1	XP_026296028.1	31.250	32	22	0	376	407	236	267	0.022	25.8
XP_012152609.1	XP_026296027.1	31.250	32	22	0	376	407	236	267	0.022	25.8
XP_012152609.1	XP_026296026.1	31.250	32	22	0	376	407	236	267	0.022	25.8
XP_012152609.1	XP_026296025.1	31.250	32	22	0	376	407	248	279	0.022	25.8
XP_012152709.1	XP_001122546.4	28.814	59	33	1	149	198	198	256	0.028	24.3
XP_012152709.1	XP_016767396.2	28.814	59	33	1	149	198	198	256	0.030	23.9
XP_012152777.1	XP_016767396.2	40.000	20	12	0	165	184	185	204	0.042	24.3
XP_012152777.1	XP_001122546.4	40.000	20	12	0	165	184	185	204	0.042	24.3
XP_012152778.1	XP_016767396.2	40.000	20	12	0	165	184	185	204	0.042	24.3
XP_012152778.1	XP_001122546.4	40.000	20	12	0	165	184	185	204	0.042	24.3
XP_012152779.1	XP_016767396.2	40.000	20	12	0	165	184	185	204	0.042	24.3
XP_012152779.1	XP_001122546.4	40.000	20	12	0	165	184	185	204	0.042	24.3
XP_012152780.1	XP_016767396.2	40.000	20	12	0	165	184	185	204	0.042	24.3
XP_012152780.1	XP_001122546.4	40.000	20	12	0	165	184	185	204	0.042	24.3
XP_012152781.1	XP_016767396.2	40.000	20	12	0	165	184	185	204	0.042	24.3
XP_012152781.1	XP_001122546.4	40.000	20	12	0	165	184	185	204	0.042	24.3
XP_012152782.1	XP_016767396.2	40.000	20	12	0	106	125	185	204	0.038	24.3
XP_012152782.1	XP_001122546.4	40.000	20	12	0	106	125	185	204	0.039	24.3
XP_012152849.1	XP_001122571.3	37.500	56	34	1	1013	1067	244	299	0.019	26.9
XP_012152850.1	XP_001122571.3	37.500	56	34	1	990	1044	244	299	0.016	27.3
XP_012152851.1	XP_001122571.3	37.500	56	34	1	979	1033	244	299	0.016	27.3
XP_012153006.1	XP_016767396.2	29.032	93	53	4	1	85	27	114	0.003	28.5
XP_012153006.1	XP_001122546.4	29.032	93	53	4	1	85	27	114	0.003	28.1
XP_012153029.1	XP_001122546.4	20.870	230	132	8	507	727	438	626	0.006	28.5
XP_012153029.1	XP_016767396.2	21.097	237	143	9	507	727	438	646	0.029	26.6
XP_012153057.1	XP_001122546.4	20.870	230	132	8	475	695	438	626	0.007	28.5
XP_012153057.1	XP_016767396.2	21.097	237	143	9	475	695	438	646	0.030	26.2
XP_012153063.1	XP_001122546.4	20.870	230	132	8	507	727	438	626	0.005	28.9
XP_012153063.1	XP_016767396.2	21.097	237	143	9	507	727	438	646	0.024	26.6
XP_012153064.1	XP_016767396.2	23.711	97	65	3	153	246	604	694	0.004	27.3
XP_012153064.1	XP_001122546.4	23.958	96	64	3	154	246	585	674	0.004	27.3
XP_012153065.1	XP_016767396.2	23.958	96	64	3	121	213	605	694	0.003	27.3
XP_012153065.1	XP_001122546.4	23.958	96	64	3	121	213	585	674	0.004	27.3
XP_012153066.1	XP_016767396.2	23.958	96	64	3	121	213	605	694	0.003	27.3
XP_012153066.1	XP_001122546.4	23.958	96	64	3	121	213	585	674	0.004	27.3
XP_012153078.1	XP_001122546.4	20.870	230	132	8	507	727	438	626	0.005	28.9
XP_012153078.1	XP_016767396.2	21.097	237	143	9	507	727	438	646	0.026	26.6
XP_012153093.1	XP_001122546.4	20.870	230	132	8	316	536	438	626	0.008	28.1
XP_012153093.1	XP_016767396.2	21.097	237	143	9	316	536	438	646	0.024	26.2
XP_012153222.1	XP_016767396.2	41.667	36	15	1	177	212	545	574	0.015	24.6
XP_012153222.1	XP_001122546.4	41.667	36	15	1	177	212	525	554	0.016	24.6
XP_012153414.1	XP_001122546.4	19.388	98	79	0	127	224	486	583	0.029	23.9
XP_012153415.1	XP_001122546.4	19.388	98	79	0	127	224	486	583	0.029	23.9
XP_012153416.1	XP_001122546.4	19.388	98	79	0	127	224	486	583	0.029	23.9
XP_012153417.1	XP_001122546.4	19.388	98	79	0	127	224	486	583	0.029	23.9
XP_012153418.1	XP_001122546.4	19.388	98	79	0	127	224	486	583	0.029	23.9
XP_012153419.1	XP_001122546.4	19.388	98	79	0	127	224	486	583	0.029	23.9
XP_012153420.1	XP_001122546.4	19.388	98	79	0	127	224	486	583	0.029	23.9
XP_012153421.1	XP_001122546.4	19.388	98	79	0	127	224	486	583	0.029	23.9
XP_012153500.1	XP_016767396.2	26.923	182	89	7	301	465	512	666	0.006	28.9
XP_012153500.1	XP_001122546.4	26.923	182	89	7	301	465	492	646	0.007	28.9
XP_012153528.1	XP_001122546.4	29.412	51	36	0	305	355	249	299	8.77e-04	30.0
XP_012153528.1	XP_016767396.2	29.412	51	36	0	305	355	249	299	8.95e-04	30.0
XP_012153684.1	XP_001122571.3	45.833	24	13	0	195	218	1	24	7.58e-04	28.9
XP_012154075.1	XP_016767396.2	28.395	81	55	1	223	300	533	613	0.018	27.7
XP_012154075.1	XP_001122546.4	28.395	81	55	1	223	300	513	593	0.023	27.3
XP_012154481.1	XP_016767396.2	44.828	29	16	0	41	69	222	250	0.002	25.8
XP_012154481.1	XP_001122546.4	44.828	29	16	0	41	69	222	250	0.002	25.8
