NP_001154975.1	XP_016767396.2	31.250	32	22	0	144	175	52	83	0.029	25.0
NP_001154975.1	XP_001122546.4	35.714	28	18	0	144	171	52	79	0.030	25.0
NP_001155161.1	XP_016767396.2	51.852	27	10	1	135	158	142	168	0.022	23.5
NP_001155161.1	XP_001122546.4	51.852	27	10	1	135	158	142	168	0.022	23.5
NP_001155981.1	XP_016767396.2	27.536	69	46	2	150	215	197	264	0.027	24.3
NP_001155981.1	XP_001122546.4	27.536	69	46	2	150	215	197	264	0.027	24.3
NP_001177940.1	XP_001122546.4	40.000	30	18	0	4	33	97	126	0.014	24.3
NP_001177940.1	XP_016767396.2	40.000	30	18	0	4	33	97	126	0.015	24.3
NP_001180193.1	XP_016767396.2	37.500	40	20	2	26	64	739	774	0.015	22.3
NP_001180193.1	XP_001122546.4	37.500	40	20	2	26	64	719	754	0.017	21.9
NP_001239114.1	XP_001122571.3	46.154	26	9	1	122	147	322	342	0.021	23.5
XP_001599220.1	XP_016767396.2	47.826	23	12	0	76	98	497	519	0.036	21.9
XP_001599230.1	XP_016767396.2	47.826	23	12	0	76	98	497	519	0.036	21.9
XP_001599773.3	XP_026296028.1	24.444	90	54	3	19	105	112	190	0.009	26.9
XP_001599773.3	XP_026296027.1	24.444	90	54	3	19	105	112	190	0.009	26.9
XP_001599773.3	XP_026296026.1	24.444	90	54	3	19	105	112	190	0.009	26.9
XP_001599773.3	XP_026296025.1	24.444	90	54	3	19	105	124	202	0.010	26.9
XP_001599832.1	XP_016767396.2	47.826	23	12	0	76	98	497	519	0.036	21.9
XP_001599990.2	XP_016767396.2	41.176	51	16	3	25	70	388	429	0.023	24.6
XP_001599990.2	XP_001122546.4	41.176	51	16	3	25	70	388	429	0.024	24.6
XP_001600071.1	XP_001122546.4	26.562	64	43	2	6	69	117	176	0.010	23.5
XP_001600071.1	XP_016767396.2	26.562	64	43	2	6	69	117	176	0.011	23.5
XP_001600260.1	XP_001122571.3	31.818	44	27	2	23	63	257	300	0.014	23.9
XP_001600445.1	XP_026296025.1	35.294	34	22	0	397	430	249	282	0.037	24.6
XP_001600445.1	XP_026296028.1	35.294	34	22	0	397	430	237	270	0.041	24.6
XP_001600445.1	XP_026296027.1	35.294	34	22	0	397	430	237	270	0.041	24.6
XP_001600445.1	XP_026296026.1	35.294	34	22	0	397	430	237	270	0.041	24.6
XP_001600535.1	XP_001122546.4	18.919	37	30	0	64	100	352	388	0.016	24.3
XP_001600535.1	XP_016767396.2	18.919	37	30	0	64	100	352	388	0.018	24.3
XP_001600568.1	XP_016767396.2	25.000	96	63	3	148	240	605	694	0.012	25.8
XP_001600568.1	XP_001122546.4	25.000	96	63	3	148	240	585	674	0.014	25.4
XP_001600600.1	XP_016767396.2	23.611	72	48	1	7	78	34	98	0.044	21.9
XP_001600600.1	XP_001122546.4	23.611	72	48	1	7	78	34	98	0.049	21.9
XP_001601217.3	XP_001122571.3	55.556	18	8	0	355	372	280	297	0.032	25.0
XP_001601386.4	XP_016767396.2	47.059	17	9	0	2	18	710	726	0.047	21.6
XP_001601386.4	XP_001122546.4	47.059	17	9	0	2	18	690	706	0.047	21.6
XP_001601387.1	XP_016767396.2	23.585	106	72	2	366	471	66	162	0.012	26.9
XP_001601387.1	XP_001122546.4	23.585	106	72	2	366	471	66	162	0.013	26.9
XP_001601543.2	XP_001122546.4	34.146	41	27	0	836	876	486	526	0.024	26.6
XP_001601543.2	XP_016767396.2	34.146	41	27	0	836	876	506	546	0.028	26.6
XP_001602117.1	XP_001122546.4	26.667	75	33	3	180	245	695	756	0.022	25.8
XP_001602117.1	XP_016767396.2	26.667	75	33	3	180	245	715	776	0.022	25.8
XP_001602131.2	XP_001122546.4	20.833	144	103	3	130	272	287	420	0.016	26.9
XP_001602131.2	XP_016767396.2	20.833	144	103	3	130	272	287	420	0.019	26.9
XP_001602138.1	XP_001122546.4	35.000	20	13	0	160	179	732	751	0.050	25.0
XP_001602195.1	XP_016767396.2	34.884	43	21	1	184	226	341	376	0.008	26.2
XP_001602195.1	XP_001122546.4	34.884	43	21	1	184	226	341	376	0.008	26.2
XP_001602519.1	XP_026296025.1	41.667	24	14	0	39	62	259	282	0.012	24.6
XP_001602519.1	XP_026296028.1	41.667	24	14	0	39	62	247	270	0.013	24.6
XP_001602519.1	XP_026296027.1	41.667	24	14	0	39	62	247	270	0.013	24.6
XP_001602519.1	XP_026296026.1	41.667	24	14	0	39	62	247	270	0.013	24.6
XP_001603354.2	XP_016767396.2	23.256	86	59	1	431	509	201	286	0.043	25.0
XP_001603354.2	XP_001122546.4	23.256	86	59	1	431	509	201	286	0.049	24.6
XP_001603550.2	XP_016767396.2	22.727	88	63	1	70	152	331	418	0.014	26.2
XP_001603550.2	XP_001122546.4	28.571	49	35	0	70	118	331	379	0.017	25.8
XP_001603899.2	XP_016767396.2	44.737	38	18	2	162	198	290	325	0.044	25.8
XP_001603899.2	XP_001122546.4	44.737	38	18	2	162	198	290	325	0.045	25.8
XP_001604042.1	XP_016767396.2	21.687	83	59	1	158	240	50	126	0.003	28.5
XP_001604042.1	XP_001122546.4	22.078	77	54	1	158	234	50	120	0.004	28.1
XP_001604614.2	XP_001122546.4	30.556	72	35	3	199	255	446	517	0.001	30.4
XP_001605308.2	XP_016767396.2	32.558	43	28	1	31	73	69	110	0.049	22.7
XP_001605308.2	XP_001122546.4	32.558	43	28	1	31	73	69	110	0.050	22.7
XP_001605320.2	XP_016767396.2	30.189	106	68	2	820	922	201	303	0.003	29.6
XP_001605320.2	XP_001122546.4	30.189	106	68	2	820	922	201	303	0.003	29.6
XP_001605346.2	XP_016767396.2	22.689	119	83	2	391	500	145	263	0.049	24.6
XP_001605347.1	XP_001122546.4	25.882	85	58	1	5	84	471	555	0.023	24.6
XP_001605347.1	XP_016767396.2	27.692	65	42	1	25	84	511	575	0.038	23.9
XP_001605396.1	XP_001122571.3	33.333	24	16	0	119	142	322	345	0.042	22.3
XP_001605436.3	XP_001122546.4	27.523	109	63	5	6	105	644	745	0.036	24.3
XP_001605436.3	XP_016767396.2	27.523	109	63	5	6	105	664	765	0.044	24.3
XP_001605476.2	XP_016767396.2	28.333	60	36	1	712	771	483	535	0.021	26.9
XP_001605720.1	XP_001122546.4	26.957	115	69	4	167	268	512	624	0.040	24.3
XP_001605720.1	XP_016767396.2	26.957	115	69	4	167	268	532	644	0.047	24.3
XP_001605764.1	XP_016767396.2	33.333	45	28	1	155	197	511	555	0.023	25.8
XP_001605764.1	XP_001122546.4	33.333	45	28	1	155	197	491	535	0.024	25.8
XP_001606131.2	XP_016767396.2	26.020	196	123	5	318	506	513	693	0.026	27.3
XP_001606131.2	XP_001122546.4	26.020	196	123	5	318	506	493	673	0.030	26.9
XP_001606234.1	XP_001122571.3	38.095	21	13	0	172	192	24	44	0.049	23.1
XP_001606525.1	XP_001122571.3	30.769	52	28	2	102	153	308	351	0.015	23.9
XP_001606619.1	XP_016767396.2	30.909	55	34	2	131	181	489	543	0.011	26.2
XP_001606729.2	XP_001122571.3	36.667	30	19	0	1	30	1	30	0.040	22.7
XP_001606748.2	XP_016767396.2	30.120	83	48	3	177	252	641	720	0.016	25.8
XP_001606748.2	XP_001122546.4	30.120	83	48	3	177	252	621	700	0.017	25.8
XP_001607145.3	XP_001122546.4	36.667	30	19	0	337	366	663	692	0.015	26.6
XP_001607145.3	XP_016767396.2	36.667	30	19	0	337	366	683	712	0.017	26.6
XP_001607199.1	XP_016767396.2	47.826	23	12	0	76	98	497	519	0.036	21.9
XP_001607286.1	XP_016767396.2	34.722	72	43	2	254	325	567	634	0.013	26.2
XP_001607286.1	XP_001122546.4	34.722	72	43	2	254	325	547	614	0.014	26.2
XP_001607366.1	XP_016767396.2	47.826	23	12	0	76	98	497	519	0.036	21.9
XP_001607543.1	XP_001122546.4	35.088	57	35	2	47	102	338	393	0.004	26.6
XP_001607543.1	XP_016767396.2	35.088	57	35	2	47	102	338	393	0.004	26.6
XP_001607554.1	XP_016767396.2	47.826	23	12	0	76	98	497	519	0.036	21.9
XP_001607558.2	XP_001122546.4	26.829	41	30	0	163	203	81	121	0.016	25.0
XP_001607663.1	XP_016767396.2	28.358	67	45	2	124	190	474	537	0.008	26.6
XP_001607770.1	XP_001122571.3	19.388	98	70	2	1	98	258	346	0.022	23.9
XP_001607894.1	XP_016767396.2	47.826	23	12	0	76	98	497	519	0.036	21.9
XP_001607925.1	XP_016767396.2	47.826	23	12	0	76	98	497	519	0.036	21.9
XP_001608005.2	XP_016767396.2	26.804	97	66	3	175	267	140	235	0.022	25.8
XP_001608005.2	XP_001122546.4	26.804	97	66	3	175	267	140	235	0.026	25.4
XP_001608170.1	XP_026296025.1	27.273	99	59	3	15	104	84	178	0.004	27.7
XP_001608170.1	XP_026296028.1	27.273	99	59	3	15	104	72	166	0.004	27.7
XP_001608170.1	XP_026296027.1	27.273	99	59	3	15	104	72	166	0.004	27.7
XP_001608170.1	XP_026296026.1	27.273	99	59	3	15	104	72	166	0.004	27.7
XP_003423904.2	XP_016767396.2	20.952	105	74	2	550	654	44	139	0.049	26.2
XP_003424041.1	XP_016767396.2	37.838	37	22	1	551	587	491	526	0.007	27.7
XP_003424166.1	XP_001122571.3	26.984	63	37	2	4	66	3	56	0.024	23.1
XP_003424434.1	XP_016767396.2	27.174	92	47	4	124	201	480	565	0.022	26.9
XP_003424594.1	XP_016767396.2	30.612	49	33	1	501	548	669	717	0.013	27.7
XP_003424594.1	XP_001122546.4	30.612	49	33	1	501	548	649	697	0.013	27.7
XP_003424595.1	XP_016767396.2	47.826	23	12	0	76	98	497	519	0.036	21.9
XP_003424748.3	XP_016767396.2	29.412	102	59	4	84	176	163	260	2.19e-04	30.4
XP_003424748.3	XP_001122546.4	29.412	102	59	4	84	176	163	260	2.34e-04	30.0
XP_003424813.1	XP_016767396.2	30.000	50	26	1	100	140	409	458	0.021	24.3
XP_003424813.1	XP_001122546.4	30.000	50	26	1	100	140	409	458	0.021	24.3
XP_003424889.1	XP_026296025.1	26.316	38	28	0	2031	2068	86	123	0.037	26.9
XP_003424889.1	XP_026296028.1	26.316	38	28	0	2031	2068	74	111	0.038	26.9
XP_003424889.1	XP_026296027.1	26.316	38	28	0	2031	2068	74	111	0.038	26.9
XP_003424889.1	XP_026296026.1	26.316	38	28	0	2031	2068	74	111	0.038	26.9
XP_003425272.1	XP_001122546.4	22.152	158	81	5	211	328	12	167	0.019	26.6
XP_003425272.1	XP_016767396.2	22.152	158	81	5	211	328	12	167	0.019	26.6
XP_003425289.1	XP_026296025.1	27.632	76	48	3	53	123	129	202	0.024	25.4
XP_003425289.1	XP_026296028.1	27.632	76	48	3	53	123	117	190	0.030	25.0
XP_003425289.1	XP_026296027.1	27.632	76	48	3	53	123	117	190	0.030	25.0
XP_003425289.1	XP_026296026.1	27.632	76	48	3	53	123	117	190	0.030	25.0
XP_003425545.1	XP_001122546.4	28.571	84	58	1	35	116	355	438	0.045	22.3
XP_003425545.1	XP_016767396.2	28.571	84	58	1	35	116	355	438	0.050	21.9
XP_003426923.2	XP_001122571.3	55.556	18	8	0	417	434	280	297	0.032	25.0
XP_003426948.1	XP_001122546.4	44.444	27	15	0	70	96	316	342	0.009	25.4
XP_003426948.1	XP_016767396.2	44.444	27	15	0	70	96	316	342	0.009	25.4
XP_003427117.2	XP_026296025.1	29.825	57	32	1	5	53	160	216	7.85e-04	28.9
XP_003427117.2	XP_026296028.1	29.825	57	32	1	5	53	148	204	8.73e-04	28.9
XP_003427117.2	XP_026296027.1	29.825	57	32	1	5	53	148	204	8.73e-04	28.9
XP_003427117.2	XP_026296026.1	29.825	57	32	1	5	53	148	204	8.73e-04	28.9
XP_003427143.1	XP_026296025.1	64.286	14	5	0	107	120	12	25	0.050	23.1
XP_003427245.1	XP_001122546.4	34.884	43	24	1	127	169	540	578	0.044	25.0
XP_003427245.1	XP_016767396.2	34.884	43	24	1	127	169	560	598	0.046	25.0
XP_003427312.1	XP_016767396.2	28.571	56	33	1	357	405	52	107	0.032	25.0
XP_003427312.1	XP_001122546.4	28.571	56	33	1	357	405	52	107	0.036	24.6
XP_003427658.1	XP_016767396.2	32.895	76	44	2	246	316	110	183	0.033	24.6
XP_003427658.1	XP_001122546.4	32.895	76	44	2	246	316	110	183	0.037	24.6
XP_003427733.1	XP_001122571.3	33.333	48	27	1	328	375	17	59	0.016	25.4
XP_003427734.1	XP_001122571.3	33.333	48	27	1	328	375	17	59	0.016	25.4
XP_003428101.1	XP_001122571.3	48.649	37	15	3	135	169	317	351	0.014	24.3
XP_008201802.1	XP_001122546.4	22.152	158	81	5	211	328	12	167	0.018	26.6
XP_008201802.1	XP_016767396.2	22.152	158	81	5	211	328	12	167	0.020	26.6
XP_008201803.1	XP_001122546.4	22.152	158	81	5	211	328	12	167	0.018	26.6
XP_008201803.1	XP_016767396.2	22.152	158	81	5	211	328	12	167	0.020	26.6
XP_008201804.1	XP_001122546.4	22.152	158	81	5	211	328	12	167	0.018	26.6
XP_008201804.1	XP_016767396.2	22.152	158	81	5	211	328	12	167	0.020	26.6
XP_008201994.1	XP_026296025.1	26.667	45	27	1	13	51	145	189	0.024	22.7
XP_008201994.1	XP_026296028.1	26.667	45	27	1	13	51	133	177	0.027	22.7
XP_008201994.1	XP_026296027.1	26.667	45	27	1	13	51	133	177	0.027	22.7
XP_008201994.1	XP_026296026.1	26.667	45	27	1	13	51	133	177	0.027	22.7
XP_008202006.1	XP_016767396.2	27.957	93	55	4	163	254	622	703	0.036	24.3
XP_008202006.1	XP_001122546.4	27.957	93	55	4	163	254	602	683	0.044	23.9
XP_008202109.1	XP_001122546.4	52.000	25	12	0	281	305	13	37	0.008	28.1
XP_008202109.1	XP_016767396.2	52.000	25	12	0	281	305	13	37	0.008	28.1
XP_008202219.1	XP_016767396.2	32.877	73	41	2	10	78	97	165	0.017	26.6
XP_008202219.1	XP_001122546.4	32.877	73	41	2	10	78	97	165	0.019	26.6
XP_008202411.1	XP_016767396.2	34.783	46	29	1	160	204	108	153	0.043	24.3
XP_008202411.1	XP_001122546.4	34.783	46	29	1	160	204	108	153	0.044	24.3
XP_008202412.1	XP_016767396.2	34.783	46	29	1	160	204	108	153	0.043	24.3
XP_008202412.1	XP_001122546.4	34.783	46	29	1	160	204	108	153	0.044	24.3
XP_008202586.1	XP_001122546.4	64.286	14	5	0	26	39	248	261	0.036	22.7
XP_008202586.1	XP_016767396.2	64.286	14	5	0	26	39	248	261	0.036	22.7
XP_008202587.1	XP_016767396.2	64.286	14	5	0	26	39	248	261	0.010	22.3
XP_008202587.1	XP_001122546.4	64.286	14	5	0	26	39	248	261	0.010	22.3
XP_008202836.1	XP_016767396.2	28.205	78	51	1	223	300	136	208	5.93e-04	30.8
XP_008202836.1	XP_001122546.4	28.205	78	51	1	223	300	136	208	6.55e-04	30.4
XP_008202837.1	XP_016767396.2	28.205	78	51	1	223	300	136	208	5.93e-04	30.8
XP_008202837.1	XP_001122546.4	28.205	78	51	1	223	300	136	208	6.55e-04	30.4
XP_008202838.1	XP_016767396.2	28.205	78	51	1	223	300	136	208	5.93e-04	30.8
XP_008202838.1	XP_001122546.4	28.205	78	51	1	223	300	136	208	6.55e-04	30.4
XP_008202839.1	XP_016767396.2	28.205	78	51	1	223	300	136	208	5.93e-04	30.8
XP_008202839.1	XP_001122546.4	28.205	78	51	1	223	300	136	208	6.55e-04	30.4
XP_008202899.1	XP_016767396.2	27.869	61	38	1	32	86	319	379	0.006	26.2
XP_008202899.1	XP_001122546.4	27.869	61	38	1	32	86	319	379	0.006	25.8
XP_008202932.1	XP_016767396.2	34.722	72	43	2	232	303	567	634	0.011	26.2
XP_008202932.1	XP_001122546.4	34.722	72	43	2	232	303	547	614	0.013	26.2
XP_008203667.1	XP_001122571.3	41.176	34	13	2	112	145	266	292	0.025	23.5
XP_008203704.1	XP_001122546.4	21.176	85	58	1	107	191	45	120	0.017	25.8
XP_008203704.1	XP_016767396.2	21.176	85	58	1	107	191	45	120	0.017	25.8
XP_008204070.2	XP_016767396.2	22.901	131	80	3	424	548	495	610	0.002	29.6
XP_008204070.2	XP_001122546.4	21.849	119	78	2	430	548	487	590	0.008	27.7
XP_008204323.1	XP_001122571.3	27.500	40	27	1	7	44	289	328	0.026	20.8
XP_008205252.1	XP_001122571.3	29.730	37	26	0	2	38	249	285	0.024	25.0
XP_008205254.1	XP_001122571.3	29.730	37	26	0	2	38	249	285	0.024	25.0
XP_008205780.1	XP_016767396.2	30.000	50	26	1	100	140	409	458	0.021	24.3
XP_008205780.1	XP_001122546.4	30.000	50	26	1	100	140	409	458	0.021	24.3
XP_008205783.1	XP_016767396.2	30.000	50	26	1	100	140	409	458	0.021	24.3
XP_008205783.1	XP_001122546.4	30.000	50	26	1	100	140	409	458	0.021	24.3
XP_008205817.1	XP_026296025.1	35.294	34	22	0	397	430	249	282	0.037	24.6
XP_008205817.1	XP_026296028.1	35.294	34	22	0	397	430	237	270	0.041	24.6
XP_008205817.1	XP_026296027.1	35.294	34	22	0	397	430	237	270	0.041	24.6
XP_008205817.1	XP_026296026.1	35.294	34	22	0	397	430	237	270	0.041	24.6
XP_008206043.1	XP_001122546.4	44.737	38	18	2	162	198	290	325	0.047	25.8
XP_008206043.1	XP_016767396.2	44.737	38	18	2	162	198	290	325	0.048	25.8
XP_008206112.1	XP_016767396.2	30.189	53	37	0	200	252	89	141	0.005	26.9
XP_008206112.1	XP_001122546.4	30.189	53	37	0	200	252	89	141	0.006	26.6
XP_008206193.1	XP_001122546.4	29.730	111	56	6	100	210	485	573	0.021	26.6
XP_008206193.1	XP_016767396.2	29.915	117	58	7	94	210	501	593	0.021	26.6
XP_008206249.1	XP_016767396.2	30.159	63	35	3	138	192	108	169	0.031	23.9
XP_008206249.1	XP_001122546.4	30.159	63	35	3	138	192	108	169	0.036	23.5
XP_008206250.1	XP_016767396.2	30.159	63	35	3	138	192	108	169	0.031	23.9
XP_008206250.1	XP_001122546.4	30.159	63	35	3	138	192	108	169	0.036	23.5
XP_008206315.1	XP_016767396.2	33.766	77	33	3	2204	2280	225	283	0.027	28.1
XP_008206315.1	XP_001122546.4	33.766	77	33	3	2204	2280	225	283	0.028	28.1
XP_008206753.1	NP_001011607.1	45.455	22	12	0	144	165	45	66	0.018	23.1
XP_008207379.1	XP_001122546.4	34.146	41	27	0	836	876	486	526	0.024	26.6
XP_008207379.1	XP_016767396.2	34.146	41	27	0	836	876	506	546	0.028	26.6
XP_008207589.1	XP_016767396.2	26.804	97	66	3	140	232	140	235	0.018	25.8
XP_008207589.1	XP_001122546.4	26.804	97	66	3	140	232	140	235	0.025	25.4
XP_008207590.1	XP_016767396.2	27.835	97	65	3	117	209	140	235	0.018	25.8
XP_008207590.1	XP_001122546.4	27.835	97	65	3	117	209	140	235	0.020	25.4
XP_008208058.1	XP_001122546.4	27.397	73	47	2	97	164	497	568	0.022	26.9
XP_008208058.1	XP_016767396.2	27.397	73	47	2	97	164	517	588	0.023	26.9
XP_008208059.1	XP_001122546.4	27.397	73	47	2	97	164	497	568	0.022	26.9
XP_008208059.1	XP_016767396.2	27.397	73	47	2	97	164	517	588	0.023	26.9
XP_008208251.1	XP_016767396.2	48.276	29	15	0	1769	1797	57	85	0.011	28.9
XP_008208251.1	XP_001122546.4	48.276	29	15	0	1769	1797	57	85	0.012	28.5
XP_008208361.1	XP_016767396.2	28.378	74	39	1	20	93	202	261	0.033	25.0
XP_008208361.1	XP_001122546.4	28.378	74	39	1	20	93	202	261	0.035	25.0
XP_008208362.1	XP_016767396.2	28.378	74	39	1	11	84	202	261	0.033	25.0
XP_008208362.1	XP_001122546.4	28.378	74	39	1	11	84	202	261	0.035	24.6
XP_008208392.1	XP_001122571.3	55.556	18	8	0	355	372	280	297	0.032	25.0
XP_008208528.1	XP_001122546.4	35.000	20	13	0	160	179	732	751	0.050	25.0
XP_008208529.1	XP_001122546.4	35.000	20	13	0	160	179	732	751	0.050	25.0
XP_008208756.1	XP_016767396.2	30.435	92	54	4	408	495	402	487	0.013	26.6
XP_008208756.1	XP_001122546.4	31.111	90	52	4	408	493	402	485	0.014	26.6
XP_008209241.1	XP_016767396.2	28.916	83	46	3	316	398	490	559	0.026	25.8
XP_008209466.1	XP_001122546.4	26.667	75	33	3	180	245	695	756	0.022	25.8
XP_008209466.1	XP_016767396.2	26.667	75	33	3	180	245	715	776	0.022	25.8
XP_008209517.1	XP_016767396.2	24.828	145	92	6	88	229	486	616	0.007	26.9
XP_008209537.1	XP_001122546.4	25.333	75	34	3	181	246	695	756	0.034	26.2
XP_008209537.1	XP_016767396.2	25.333	75	34	3	181	246	715	776	0.036	25.8
XP_008209617.1	XP_001122546.4	30.556	72	35	3	199	255	446	517	0.001	30.4
XP_008209618.2	XP_001122546.4	30.556	72	35	3	199	255	446	517	0.001	30.4
XP_008209803.1	XP_016767396.2	25.837	209	132	6	323	524	501	693	0.023	27.3
XP_008209803.1	XP_001122546.4	26.020	196	123	5	336	524	493	673	0.036	26.9
XP_008209804.1	XP_016767396.2	25.837	209	132	6	323	524	501	693	0.023	27.3
XP_008209804.1	XP_001122546.4	26.020	196	123	5	336	524	493	673	0.036	26.9
XP_008209805.1	XP_016767396.2	25.837	209	132	6	323	524	501	693	0.023	27.3
XP_008209805.1	XP_001122546.4	26.020	196	123	5	336	524	493	673	0.036	26.9
XP_008209806.1	XP_016767396.2	25.837	209	132	6	323	524	501	693	0.023	27.3
XP_008209806.1	XP_001122546.4	26.020	196	123	5	336	524	493	673	0.036	26.9
XP_008209807.1	XP_016767396.2	25.837	209	132	6	300	501	501	693	0.026	27.3
XP_008209807.1	XP_001122546.4	26.020	196	123	5	313	501	493	673	0.042	26.6
XP_008209808.1	XP_016767396.2	25.837	209	132	6	284	485	501	693	0.028	27.3
XP_008209808.1	XP_001122546.4	26.020	196	123	5	297	485	493	673	0.035	26.9
XP_008210024.1	XP_016767396.2	33.333	36	22	1	280	313	502	537	0.018	25.8
XP_008210024.1	XP_001122546.4	34.615	26	17	0	288	313	492	517	0.037	25.0
XP_008210141.1	XP_001122546.4	34.884	43	24	1	127	169	540	578	0.012	25.0
XP_008210141.1	XP_016767396.2	34.884	43	24	1	127	169	560	598	0.012	25.0
XP_008210294.1	XP_026296025.1	26.316	38	28	0	2060	2097	86	123	0.038	26.9
XP_008210294.1	XP_026296028.1	26.316	38	28	0	2060	2097	74	111	0.039	26.9
XP_008210294.1	XP_026296027.1	26.316	38	28	0	2060	2097	74	111	0.039	26.9
XP_008210294.1	XP_026296026.1	26.316	38	28	0	2060	2097	74	111	0.039	26.9
XP_008210304.1	XP_001122546.4	34.884	43	21	1	137	179	341	376	0.007	26.2
XP_008210304.1	XP_016767396.2	34.884	43	21	1	137	179	341	376	0.019	24.6
XP_008210310.1	XP_026296025.1	26.316	38	28	0	2060	2097	86	123	0.038	26.9
XP_008210310.1	XP_026296028.1	26.316	38	28	0	2060	2097	74	111	0.039	26.9
XP_008210310.1	XP_026296027.1	26.316	38	28	0	2060	2097	74	111	0.039	26.9
XP_008210310.1	XP_026296026.1	26.316	38	28	0	2060	2097	74	111	0.039	26.9
XP_008210317.1	XP_026296025.1	26.316	38	28	0	2060	2097	86	123	0.038	26.9
XP_008210317.1	XP_026296028.1	26.316	38	28	0	2060	2097	74	111	0.039	26.9
XP_008210317.1	XP_026296027.1	26.316	38	28	0	2060	2097	74	111	0.039	26.9
XP_008210317.1	XP_026296026.1	26.316	38	28	0	2060	2097	74	111	0.039	26.9
XP_008210320.1	XP_026296025.1	26.316	38	28	0	2060	2097	86	123	0.038	26.9
XP_008210320.1	XP_026296028.1	26.316	38	28	0	2060	2097	74	111	0.039	26.9
XP_008210320.1	XP_026296027.1	26.316	38	28	0	2060	2097	74	111	0.039	26.9
XP_008210320.1	XP_026296026.1	26.316	38	28	0	2060	2097	74	111	0.039	26.9
XP_008210328.1	XP_026296025.1	26.316	38	28	0	2057	2094	86	123	0.039	26.9
XP_008210328.1	XP_026296028.1	26.316	38	28	0	2057	2094	74	111	0.040	26.6
XP_008210328.1	XP_026296027.1	26.316	38	28	0	2057	2094	74	111	0.040	26.6
XP_008210328.1	XP_026296026.1	26.316	38	28	0	2057	2094	74	111	0.040	26.6
XP_008210334.1	XP_026296025.1	26.316	38	28	0	2053	2090	86	123	0.037	26.9
XP_008210334.1	XP_026296028.1	26.316	38	28	0	2053	2090	74	111	0.040	26.6
XP_008210334.1	XP_026296027.1	26.316	38	28	0	2053	2090	74	111	0.040	26.6
XP_008210334.1	XP_026296026.1	26.316	38	28	0	2053	2090	74	111	0.040	26.6
XP_008210348.1	XP_026296025.1	26.316	38	28	0	2028	2065	86	123	0.037	26.9
XP_008210348.1	XP_026296028.1	26.316	38	28	0	2028	2065	74	111	0.038	26.9
XP_008210348.1	XP_026296027.1	26.316	38	28	0	2028	2065	74	111	0.038	26.9
XP_008210348.1	XP_026296026.1	26.316	38	28	0	2028	2065	74	111	0.038	26.9
XP_008210372.1	XP_001122546.4	38.462	26	16	0	46	71	151	176	0.009	27.3
XP_008210372.1	XP_016767396.2	38.462	26	16	0	46	71	151	176	0.010	27.3
XP_008210417.1	XP_001122546.4	33.333	27	18	0	25	51	321	347	0.041	23.5
XP_008210417.1	XP_016767396.2	33.333	27	18	0	25	51	321	347	0.042	23.1
XP_008210448.1	XP_016767396.2	28.571	56	33	1	372	420	52	107	0.038	24.6
XP_008210448.1	XP_001122546.4	28.571	56	33	1	372	420	52	107	0.040	24.6
XP_008210450.1	XP_016767396.2	28.571	56	33	1	365	413	52	107	0.035	24.6
XP_008210450.1	XP_001122546.4	28.571	56	33	1	365	413	52	107	0.039	24.6
XP_008210451.1	XP_016767396.2	28.571	56	33	1	364	412	52	107	0.036	24.6
XP_008210451.1	XP_001122546.4	28.571	56	33	1	364	412	52	107	0.039	24.6
XP_008210650.1	XP_016767396.2	32.099	162	70	7	278	408	77	229	0.009	26.9
XP_008210650.1	XP_001122546.4	32.099	162	70	7	278	408	77	229	0.009	26.9
XP_008210986.1	XP_001122546.4	26.957	115	69	4	146	247	512	624	0.037	24.3
XP_008210986.1	XP_016767396.2	26.957	115	69	4	146	247	532	644	0.042	24.3
XP_008211112.1	XP_016767396.2	23.611	72	48	1	7	78	34	98	0.044	21.9
XP_008211112.1	XP_001122546.4	23.611	72	48	1	7	78	34	98	0.049	21.9
XP_008211286.1	XP_001122546.4	23.585	106	72	2	337	442	66	162	0.011	26.9
XP_008211286.1	XP_016767396.2	23.585	106	72	2	337	442	66	162	0.011	26.9
XP_008211287.1	XP_001122546.4	37.778	45	24	2	136	180	255	295	0.016	24.6
XP_008211287.1	XP_016767396.2	37.778	45	24	2	136	180	255	295	0.017	24.6
XP_008211288.1	XP_001122546.4	37.778	45	24	2	136	180	255	295	0.016	24.6
XP_008211288.1	XP_016767396.2	37.778	45	24	2	136	180	255	295	0.017	24.6
XP_008211289.1	XP_001122546.4	37.778	45	24	2	136	180	255	295	0.016	24.6
XP_008211289.1	XP_016767396.2	37.778	45	24	2	136	180	255	295	0.017	24.6
XP_008211326.1	XP_016767396.2	66.667	15	5	0	359	373	404	418	0.048	24.6
XP_008211326.1	XP_001122546.4	66.667	15	5	0	359	373	404	418	0.048	24.6
XP_008211373.1	XP_001122546.4	34.375	32	20	1	151	182	331	361	0.035	24.3
XP_008211373.1	XP_016767396.2	34.375	32	20	1	151	182	331	361	0.037	23.9
XP_008211620.1	XP_016767396.2	29.070	86	51	2	127	202	424	509	0.032	25.0
XP_008211623.1	XP_016767396.2	29.070	86	51	2	127	202	424	509	0.032	25.0
XP_008211703.1	XP_016767396.2	26.087	46	30	1	3	48	109	150	0.021	24.3
XP_008211703.1	XP_001122546.4	26.087	46	30	1	3	48	109	150	0.022	23.9
XP_008212482.1	XP_016767396.2	30.120	83	49	4	84	165	656	730	0.033	23.1
XP_008212482.1	XP_001122546.4	30.120	83	49	4	84	165	636	710	0.038	23.1
XP_008213490.1	XP_016767396.2	28.333	60	36	1	712	771	483	535	0.021	26.9
XP_008213491.1	XP_016767396.2	28.333	60	36	1	712	771	483	535	0.021	26.9
XP_008213492.1	XP_016767396.2	28.333	60	36	1	712	771	483	535	0.021	26.9
XP_008213493.1	XP_016767396.2	28.333	60	36	1	710	769	483	535	0.022	26.9
XP_008213494.1	XP_016767396.2	28.333	60	36	1	577	636	483	535	0.024	26.9
XP_008214541.1	XP_016767396.2	32.143	28	19	0	214	241	562	589	0.049	23.5
XP_008214542.1	XP_016767396.2	32.143	28	19	0	214	241	562	589	0.047	23.5
XP_008214542.1	XP_001122546.4	32.143	28	19	0	214	241	542	569	0.048	23.5
XP_008214839.1	XP_016767396.2	30.909	55	34	2	131	181	489	543	0.015	25.8
XP_008214868.1	XP_001122546.4	38.710	31	19	0	92	122	647	677	0.037	23.5
XP_008214868.1	XP_016767396.2	38.710	31	19	0	92	122	667	697	0.037	23.5
XP_008214888.2	XP_001122571.3	37.209	43	25	1	1	43	1	41	0.012	25.4
XP_008214914.1	XP_016767396.2	32.000	75	51	0	371	445	306	380	0.040	26.2
XP_008214914.1	XP_001122546.4	32.000	75	51	0	371	445	306	380	0.042	26.2
XP_008214915.1	XP_016767396.2	32.000	75	51	0	371	445	306	380	0.040	26.2
XP_008214915.1	XP_001122546.4	32.000	75	51	0	371	445	306	380	0.042	26.2
XP_008214916.1	XP_016767396.2	32.000	75	51	0	371	445	306	380	0.040	26.2
XP_008214916.1	XP_001122546.4	32.000	75	51	0	371	445	306	380	0.042	26.2
XP_008214917.1	XP_016767396.2	32.000	75	51	0	371	445	306	380	0.040	26.2
XP_008214917.1	XP_001122546.4	32.000	75	51	0	371	445	306	380	0.042	26.2
XP_008214920.1	XP_016767396.2	32.000	75	51	0	287	361	306	380	0.035	26.2
XP_008214920.1	XP_001122546.4	32.000	75	51	0	287	361	306	380	0.039	26.2
XP_008215084.1	XP_001122546.4	26.446	121	75	3	393	502	198	315	0.036	25.4
XP_008215084.1	XP_016767396.2	26.446	121	75	3	393	502	198	315	0.042	25.0
XP_008215159.1	XP_026296028.1	57.895	19	8	0	29	47	123	141	0.036	22.7
XP_008215159.1	XP_026296027.1	57.895	19	8	0	29	47	123	141	0.036	22.7
XP_008215159.1	XP_026296026.1	57.895	19	8	0	29	47	123	141	0.036	22.7
XP_008215159.1	XP_026296025.1	57.895	19	8	0	29	47	135	153	0.037	22.7
XP_008215209.1	XP_016767396.2	20.952	105	74	2	550	654	44	139	0.049	26.2
XP_008215459.1	XP_016767396.2	27.749	191	111	9	508	687	515	689	0.036	26.9
XP_008215459.1	XP_001122546.4	27.749	191	111	9	508	687	495	669	0.038	26.9
XP_008216259.1	XP_001122546.4	22.078	77	54	1	188	264	50	120	0.004	28.5
XP_008216259.1	XP_016767396.2	22.078	77	54	1	188	264	50	120	0.004	28.5
XP_008216445.1	XP_016767396.2	37.500	56	34	1	211	265	79	134	0.036	25.0
XP_008216445.1	XP_001122546.4	37.500	56	34	1	211	265	79	134	0.041	25.0
XP_008216446.1	XP_016767396.2	37.500	56	34	1	211	265	79	134	0.036	25.0
XP_008216446.1	XP_001122546.4	37.500	56	34	1	211	265	79	134	0.041	25.0
XP_008216448.1	XP_016767396.2	22.727	88	63	1	70	152	331	418	0.014	26.2
XP_008216448.1	XP_001122546.4	28.571	49	35	0	70	118	331	379	0.017	25.8
XP_008216451.1	XP_016767396.2	22.727	88	63	1	70	152	331	418	0.014	26.2
XP_008216451.1	XP_001122546.4	28.571	49	35	0	70	118	331	379	0.017	25.8
XP_008216452.1	XP_016767396.2	22.727	88	63	1	70	152	331	418	0.014	26.2
XP_008216452.1	XP_001122546.4	28.571	49	35	0	70	118	331	379	0.017	25.8
XP_008216589.1	XP_001122546.4	31.429	35	24	0	80	114	554	588	0.049	24.3
XP_008217449.1	XP_001122546.4	35.484	31	20	0	165	195	719	749	0.033	23.9
XP_008217449.1	XP_016767396.2	35.484	31	20	0	165	195	739	769	0.033	23.9
XP_016836796.1	XP_016767396.2	47.826	23	12	0	76	98	497	519	0.036	21.9
XP_016836908.1	XP_001122546.4	27.200	125	73	5	1	122	42	151	0.050	22.3
XP_016837156.1	XP_016767396.2	30.189	106	68	2	820	922	201	303	0.003	29.6
XP_016837156.1	XP_001122546.4	30.189	106	68	2	820	922	201	303	0.003	29.6
XP_016837615.1	XP_026296025.1	27.451	51	35	1	55	105	102	150	0.033	24.3
XP_016837615.1	XP_026296028.1	27.451	51	35	1	55	105	90	138	0.036	24.3
XP_016837615.1	XP_026296027.1	27.451	51	35	1	55	105	90	138	0.036	24.3
XP_016837615.1	XP_026296026.1	27.451	51	35	1	55	105	90	138	0.036	24.3
XP_016837616.1	XP_026296025.1	27.451	51	35	1	55	105	102	150	0.033	24.3
XP_016837616.1	XP_026296028.1	27.451	51	35	1	55	105	90	138	0.036	24.3
XP_016837616.1	XP_026296027.1	27.451	51	35	1	55	105	90	138	0.036	24.3
XP_016837616.1	XP_026296026.1	27.451	51	35	1	55	105	90	138	0.036	24.3
XP_016837635.1	XP_001122546.4	30.556	72	35	3	199	255	446	517	0.001	30.4
XP_016837636.1	XP_001122546.4	30.556	72	35	3	199	255	446	517	0.001	30.8
XP_016837637.1	XP_001122546.4	30.556	72	35	3	163	219	446	517	0.001	30.4
XP_016837639.1	XP_001122546.4	30.556	72	35	3	163	219	446	517	0.001	30.4
XP_016837640.1	XP_001122546.4	30.556	72	35	3	163	219	446	517	0.001	30.4
XP_016837641.1	XP_001122546.4	30.556	72	35	3	137	193	446	517	0.001	30.0
XP_016838086.1	XP_016767396.2	27.749	191	111	9	512	691	515	689	0.037	26.9
XP_016838086.1	XP_001122546.4	27.749	191	111	9	512	691	495	669	0.040	26.9
XP_016838154.1	XP_016767396.2	25.837	209	132	6	284	485	501	693	0.028	27.3
XP_016838154.1	XP_001122546.4	26.020	196	123	5	297	485	493	673	0.035	26.9
XP_016838179.1	XP_026296025.1	26.316	38	28	0	2060	2097	86	123	0.038	26.9
XP_016838179.1	XP_026296028.1	26.316	38	28	0	2060	2097	74	111	0.039	26.9
XP_016838179.1	XP_026296027.1	26.316	38	28	0	2060	2097	74	111	0.039	26.9
XP_016838179.1	XP_026296026.1	26.316	38	28	0	2060	2097	74	111	0.039	26.9
XP_016838515.1	XP_026296028.1	52.381	21	9	1	139	158	70	90	0.046	22.3
XP_016838515.1	XP_026296027.1	52.381	21	9	1	139	158	70	90	0.046	22.3
XP_016838515.1	XP_026296026.1	52.381	21	9	1	139	158	70	90	0.046	22.3
XP_016838515.1	XP_026296025.1	52.381	21	9	1	139	158	82	102	0.046	22.3
XP_016838586.1	XP_016767396.2	23.611	72	48	1	7	78	34	98	0.044	21.9
XP_016838586.1	XP_001122546.4	23.611	72	48	1	7	78	34	98	0.049	21.9
XP_016838654.1	XP_016767396.2	24.432	176	102	7	116	280	547	702	0.003	27.3
XP_016838654.1	XP_001122546.4	24.432	176	102	7	116	280	527	682	0.003	27.3
XP_016838655.1	XP_016767396.2	24.432	176	102	7	116	280	547	702	0.003	27.3
XP_016838655.1	XP_001122546.4	24.432	176	102	7	116	280	527	682	0.003	27.3
XP_016838917.1	XP_001122546.4	31.034	58	28	1	38	95	699	744	0.005	25.4
XP_016838917.1	XP_016767396.2	31.034	58	28	1	38	95	719	764	0.005	25.4
XP_016839247.1	XP_016767396.2	33.766	77	33	3	2217	2293	225	283	0.027	28.1
XP_016839247.1	XP_001122546.4	33.766	77	33	3	2217	2293	225	283	0.029	28.1
XP_016839248.1	XP_016767396.2	33.766	77	33	3	2203	2279	225	283	0.027	28.1
XP_016839248.1	XP_001122546.4	33.766	77	33	3	2203	2279	225	283	0.028	28.1
XP_016839249.1	XP_016767396.2	33.766	77	33	3	2217	2293	225	283	0.027	28.1
XP_016839249.1	XP_001122546.4	33.766	77	33	3	2217	2293	225	283	0.027	28.1
XP_016839251.1	XP_016767396.2	33.766	77	33	3	2174	2250	225	283	0.027	28.1
XP_016839251.1	XP_001122546.4	33.766	77	33	3	2174	2250	225	283	0.028	28.1
XP_016839252.1	XP_016767396.2	33.766	77	33	3	2160	2236	225	283	0.027	28.1
XP_016839252.1	XP_001122546.4	33.766	77	33	3	2160	2236	225	283	0.027	28.1
XP_016839321.1	XP_016767396.2	28.571	56	33	1	372	420	52	107	0.038	24.6
XP_016839321.1	XP_001122546.4	28.571	56	33	1	372	420	52	107	0.040	24.6
XP_016839322.1	XP_016767396.2	28.571	56	33	1	372	420	52	107	0.038	24.6
XP_016839322.1	XP_001122546.4	28.571	56	33	1	372	420	52	107	0.040	24.6
XP_016839323.1	XP_001122571.3	45.455	22	12	0	1	22	1	22	0.026	25.0
XP_016839469.1	XP_016767396.2	28.333	60	36	1	712	771	483	535	0.021	26.9
XP_016839990.1	XP_016767396.2	37.838	37	22	1	590	626	491	526	0.006	27.7
XP_016839991.1	XP_016767396.2	37.838	37	22	1	590	626	491	526	0.006	27.7
XP_016840146.1	XP_016767396.2	33.333	54	33	1	467	517	633	686	0.028	27.3
XP_016840146.1	XP_001122546.4	33.333	54	33	1	467	517	613	666	0.030	27.3
XP_016840381.2	XP_001122546.4	32.927	82	46	4	2479	2551	639	720	0.009	30.4
XP_016840381.2	XP_016767396.2	32.927	82	46	4	2479	2551	659	740	0.010	30.4
XP_016840382.2	XP_001122546.4	32.927	82	46	4	2479	2551	639	720	0.009	30.4
XP_016840382.2	XP_016767396.2	32.927	82	46	4	2479	2551	659	740	0.010	30.4
XP_016840520.1	XP_001122546.4	20.339	236	145	6	611	819	4	223	0.007	31.6
XP_016840520.1	XP_016767396.2	20.339	236	145	6	611	819	4	223	0.007	31.6
XP_016840741.1	XP_016767396.2	29.070	86	51	2	150	225	424	509	0.033	25.0
XP_016840742.1	XP_016767396.2	29.070	86	51	2	127	202	424	509	0.032	25.0
XP_016841133.1	XP_001122546.4	35.593	59	31	2	200	257	224	276	0.018	26.6
XP_016841133.1	XP_016767396.2	35.593	59	31	2	200	257	224	276	0.019	26.6
XP_016841168.1	XP_026296025.1	25.000	44	33	0	324	367	153	196	0.042	25.0
XP_016841168.1	XP_026296028.1	25.000	44	33	0	324	367	141	184	0.048	25.0
XP_016841168.1	XP_026296027.1	25.000	44	33	0	324	367	141	184	0.048	25.0
XP_016841168.1	XP_026296026.1	25.000	44	33	0	324	367	141	184	0.048	25.0
XP_016842298.1	XP_016767396.2	28.070	114	65	6	481	580	105	215	0.003	30.0
XP_016842298.1	XP_001122546.4	28.070	114	65	6	481	580	105	215	0.005	29.3
XP_016842388.1	XP_001122546.4	22.152	158	81	5	211	328	12	167	0.018	26.6
XP_016842388.1	XP_016767396.2	22.152	158	81	5	211	328	12	167	0.020	26.6
XP_016842468.1	XP_001122546.4	18.919	37	30	0	64	100	352	388	0.016	24.3
XP_016842468.1	XP_016767396.2	18.919	37	30	0	64	100	352	388	0.018	24.3
XP_016842589.1	XP_016767396.2	32.895	76	43	2	29	100	94	165	0.005	28.5
XP_016842589.1	XP_001122546.4	32.895	76	43	2	29	100	94	165	0.005	28.1
XP_016842668.1	XP_016767396.2	29.348	92	56	3	39	127	131	216	0.049	23.1
XP_016842760.2	XP_001122571.3	45.455	22	12	0	1	22	1	22	0.042	22.3
XP_016842863.1	XP_001122546.4	21.176	85	58	1	107	191	45	120	0.017	25.8
XP_016842863.1	XP_016767396.2	21.176	85	58	1	107	191	45	120	0.017	25.8
XP_016843411.1	XP_026296025.1	45.833	24	13	0	103	126	251	274	0.018	23.5
XP_016843411.1	XP_026296028.1	45.833	24	13	0	103	126	239	262	0.019	23.5
XP_016843411.1	XP_026296027.1	45.833	24	13	0	103	126	239	262	0.019	23.5
XP_016843411.1	XP_026296026.1	45.833	24	13	0	103	126	239	262	0.019	23.5
XP_016843440.1	XP_001122571.3	55.556	18	8	0	355	372	280	297	0.032	25.0
XP_016843441.1	XP_001122571.3	55.556	18	8	0	355	372	280	297	0.032	25.0
XP_016843669.1	XP_016767396.2	21.368	117	79	4	372	487	283	387	0.014	26.2
XP_016843669.1	XP_001122546.4	21.368	117	79	4	372	487	283	387	0.016	26.2
XP_016843746.1	XP_001122546.4	28.947	76	50	1	102	173	569	644	0.011	28.5
XP_016844161.1	XP_016767396.2	42.424	33	17	1	43	73	742	774	0.008	26.2
XP_016844161.1	XP_001122546.4	42.424	33	17	1	43	73	722	754	0.008	26.2
XP_016844422.1	XP_016767396.2	27.941	68	44	1	341	408	490	552	0.025	25.8
XP_016844944.1	XP_016767396.2	47.826	23	12	0	76	98	497	519	0.036	21.9
XP_016845117.1	XP_001122571.3	28.261	46	33	0	108	153	306	351	0.002	26.2
XP_016845215.1	XP_001122571.3	42.105	38	20	2	142	178	315	351	0.017	23.9
XP_016845217.1	XP_016767396.2	32.000	75	51	0	371	445	306	380	0.035	26.6
XP_016845217.1	XP_001122546.4	32.000	75	51	0	371	445	306	380	0.037	26.2
XP_016845219.1	XP_016767396.2	32.000	75	51	0	371	445	306	380	0.045	25.8
XP_016845219.1	XP_001122546.4	32.000	75	51	0	371	445	306	380	0.047	25.8
XP_016845220.1	XP_016767396.2	32.000	75	51	0	309	383	306	380	0.035	26.2
XP_016845220.1	XP_001122546.4	32.000	75	51	0	309	383	306	380	0.039	26.2
XP_016845221.1	XP_016767396.2	32.000	75	51	0	371	445	306	380	0.043	26.2
XP_016845221.1	XP_001122546.4	32.000	75	51	0	371	445	306	380	0.048	25.8
XP_016845336.1	XP_001122571.3	37.209	43	25	1	1	43	1	41	0.013	25.4
XP_016845350.1	XP_001122546.4	37.931	29	18	0	338	366	664	692	0.015	26.6
XP_016845350.1	XP_016767396.2	36.667	30	19	0	337	366	683	712	0.017	26.6
XP_016845656.1	XP_016767396.2	28.205	78	51	1	223	300	136	208	5.93e-04	30.8
XP_016845656.1	XP_001122546.4	28.205	78	51	1	223	300	136	208	6.55e-04	30.4
XP_016845657.1	XP_016767396.2	28.205	78	51	1	223	300	136	208	5.93e-04	30.8
XP_016845657.1	XP_001122546.4	28.205	78	51	1	223	300	136	208	6.55e-04	30.4
XP_016845658.1	XP_016767396.2	28.205	78	51	1	223	300	136	208	5.93e-04	30.8
XP_016845658.1	XP_001122546.4	28.205	78	51	1	223	300	136	208	6.55e-04	30.4
XP_016845934.1	XP_026296025.1	27.273	99	59	3	15	104	84	178	0.004	27.7
XP_016845934.1	XP_026296028.1	27.273	99	59	3	15	104	72	166	0.004	27.7
XP_016845934.1	XP_026296027.1	27.273	99	59	3	15	104	72	166	0.004	27.7
XP_016845934.1	XP_026296026.1	27.273	99	59	3	15	104	72	166	0.004	27.7
XP_031776755.1	XP_001122546.4	27.200	125	73	5	1	122	42	151	0.050	22.3
XP_031776756.1	XP_001122546.4	27.200	125	73	5	1	122	42	151	0.050	22.3
XP_031776757.1	XP_001122546.4	27.200	125	73	5	1	122	42	151	0.050	22.3
XP_031777009.1	XP_016767396.2	25.926	81	48	2	126	206	488	556	0.016	24.6
XP_031777130.1	XP_001122546.4	37.500	32	20	0	131	162	275	306	0.023	25.4
XP_031777130.1	XP_016767396.2	37.500	32	20	0	131	162	275	306	0.023	25.4
XP_031777131.1	XP_001122546.4	37.500	32	20	0	131	162	275	306	0.023	25.4
XP_031777131.1	XP_016767396.2	37.500	32	20	0	131	162	275	306	0.023	25.4
XP_031777132.1	XP_001122546.4	37.500	32	20	0	123	154	275	306	0.023	25.4
XP_031777132.1	XP_016767396.2	37.500	32	20	0	123	154	275	306	0.024	25.4
XP_031777133.1	XP_001122546.4	37.500	32	20	0	102	133	275	306	0.023	25.4
XP_031777133.1	XP_016767396.2	37.500	32	20	0	102	133	275	306	0.025	25.0
XP_031777217.1	XP_016767396.2	21.176	85	58	1	107	191	45	120	0.017	26.2
XP_031777217.1	XP_001122546.4	21.176	85	58	1	107	191	45	120	0.017	25.8
XP_031777238.1	XP_026296025.1	55.556	18	8	0	141	158	101	118	0.045	23.9
XP_031777715.1	XP_016767396.2	28.205	78	51	1	223	300	136	208	5.93e-04	30.8
XP_031777715.1	XP_001122546.4	28.205	78	51	1	223	300	136	208	6.55e-04	30.4
XP_031777716.1	XP_016767396.2	28.205	78	51	1	223	300	136	208	5.93e-04	30.8
XP_031777716.1	XP_001122546.4	28.205	78	51	1	223	300	136	208	6.55e-04	30.4
XP_031777717.1	XP_016767396.2	28.205	78	51	1	223	300	136	208	7.26e-04	30.4
XP_031777717.1	XP_001122546.4	28.205	78	51	1	223	300	136	208	7.68e-04	30.0
XP_031777718.1	XP_001122546.4	28.205	78	51	1	223	300	136	208	7.13e-04	30.4
XP_031777718.1	XP_016767396.2	28.205	78	51	1	223	300	136	208	7.35e-04	30.0
XP_031777719.1	XP_016767396.2	28.205	78	51	1	223	300	136	208	6.27e-04	30.4
XP_031777719.1	XP_001122546.4	28.205	78	51	1	223	300	136	208	6.87e-04	30.4
XP_031777919.1	XP_001122546.4	22.368	228	137	9	110	309	450	665	0.047	24.6
XP_031777924.1	XP_016767396.2	47.826	23	12	0	76	98	497	519	0.036	21.9
XP_031777925.1	XP_016767396.2	47.826	23	12	0	76	98	497	519	0.036	21.9
XP_031777964.1	XP_026296025.1	36.842	38	22	2	141	177	156	192	0.011	25.8
XP_031777964.1	XP_026296028.1	36.842	38	22	2	141	177	144	180	0.013	25.4
XP_031777964.1	XP_026296027.1	36.842	38	22	2	141	177	144	180	0.013	25.4
XP_031777964.1	XP_026296026.1	36.842	38	22	2	141	177	144	180	0.013	25.4
XP_031778003.1	XP_016767396.2	31.507	73	43	1	1830	1902	50	115	0.044	26.9
XP_031778003.1	XP_001122546.4	31.507	73	43	1	1830	1902	50	115	0.045	26.9
XP_031778004.1	XP_016767396.2	31.507	73	43	1	1819	1891	50	115	0.042	26.9
XP_031778004.1	XP_001122546.4	31.507	73	43	1	1819	1891	50	115	0.048	26.6
XP_031778005.1	XP_016767396.2	31.507	73	43	1	1830	1902	50	115	0.044	26.9
XP_031778006.1	XP_016767396.2	31.507	73	43	1	1819	1891	50	115	0.044	26.9
XP_031778033.1	XP_016767396.2	47.826	23	12	0	76	98	497	519	0.036	21.9
XP_031778034.1	XP_016767396.2	47.826	23	12	0	76	98	497	519	0.036	21.9
XP_031778035.1	XP_016767396.2	47.826	23	12	0	76	98	497	519	0.036	21.9
XP_031778147.1	XP_001122546.4	35.185	54	29	2	211	258	678	731	0.010	26.6
XP_031778147.1	XP_016767396.2	35.185	54	29	2	211	258	698	751	0.011	26.6
XP_031778167.1	XP_016767396.2	20.339	236	145	6	611	819	4	223	0.007	31.6
XP_031778167.1	XP_001122546.4	20.339	236	145	6	611	819	4	223	0.007	31.6
XP_031778168.1	XP_016767396.2	20.339	236	145	6	611	819	4	223	0.007	31.6
XP_031778168.1	XP_001122546.4	20.339	236	145	6	611	819	4	223	0.007	31.6
XP_031778169.1	XP_016767396.2	20.339	236	145	6	611	819	4	223	0.007	31.6
XP_031778169.1	XP_001122546.4	20.339	236	145	6	611	819	4	223	0.007	31.6
XP_031778170.1	XP_001122546.4	20.339	236	145	6	611	819	4	223	0.007	31.6
XP_031778170.1	XP_016767396.2	20.339	236	145	6	611	819	4	223	0.007	31.6
XP_031778171.1	XP_001122546.4	20.339	236	145	6	611	819	4	223	0.007	31.6
XP_031778171.1	XP_016767396.2	20.339	236	145	6	611	819	4	223	0.007	31.6
XP_031778172.1	XP_001122546.4	17.304	497	363	14	596	1057	104	587	2.94e-04	36.2
XP_031778172.1	XP_001122546.4	20.339	236	145	6	611	819	4	223	0.004	32.3
XP_031778172.1	XP_016767396.2	20.339	236	145	6	611	819	4	223	0.004	32.3
XP_031778172.1	XP_016767396.2	17.054	516	362	17	596	1057	104	607	0.042	28.9
XP_031778173.1	XP_016767396.2	16.453	468	345	16	581	1023	161	607	0.003	33.1
XP_031778173.1	XP_016767396.2	20.339	236	145	6	611	819	4	223	0.004	32.3
XP_031778173.1	XP_001122546.4	16.274	467	327	17	581	1023	161	587	0.003	32.7
XP_031778173.1	XP_001122546.4	20.339	236	145	6	611	819	4	223	0.004	32.3
XP_031778174.1	XP_016767396.2	21.324	272	197	7	630	896	348	607	3.34e-05	39.3
XP_031778174.1	XP_016767396.2	20.202	297	187	8	611	880	4	277	7.67e-04	34.7
XP_031778174.1	XP_001122546.4	20.202	297	187	8	611	880	4	277	6.39e-04	35.0
XP_031778174.1	XP_001122546.4	19.850	267	187	7	630	896	348	587	0.007	31.6
XP_031778175.1	XP_001122546.4	20.339	236	145	6	825	1033	4	223	0.007	31.6
XP_031778175.1	XP_016767396.2	20.339	236	145	6	825	1033	4	223	0.007	31.6
XP_031778432.1	XP_016767396.2	33.333	72	40	2	41	108	98	165	0.025	26.2
XP_031778432.1	XP_001122546.4	33.333	72	40	2	41	108	98	165	0.027	26.2
XP_031778553.1	XP_001122571.3	38.095	21	13	0	141	161	24	44	0.042	23.1
XP_031778653.1	XP_016767396.2	30.189	106	68	2	820	922	201	303	0.003	29.6
XP_031778653.1	XP_001122546.4	30.189	106	68	2	820	922	201	303	0.003	29.6
XP_031779013.1	XP_001122546.4	30.556	72	35	3	137	193	446	517	0.001	30.0
XP_031779014.1	XP_001122546.4	30.556	72	35	3	137	193	446	517	0.001	30.0
XP_031779016.1	XP_001122546.4	30.556	72	35	3	128	184	446	517	0.001	30.0
XP_031779255.1	XP_016767396.2	23.985	271	159	10	312	550	39	294	0.016	26.6
XP_031779255.1	XP_001122546.4	23.985	271	159	10	312	550	39	294	0.022	26.2
XP_031779328.1	XP_001122546.4	31.915	47	28	1	26	72	354	396	0.031	23.9
XP_031779328.1	XP_016767396.2	31.915	47	28	1	26	72	354	396	0.032	23.9
XP_031779567.1	XP_026296025.1	25.287	87	51	3	23	106	127	202	0.016	26.2
XP_031779567.1	XP_026296028.1	25.287	87	51	3	23	106	115	190	0.016	26.2
XP_031779567.1	XP_026296027.1	25.287	87	51	3	23	106	115	190	0.016	26.2
XP_031779567.1	XP_026296026.1	25.287	87	51	3	23	106	115	190	0.016	26.2
XP_031779874.1	XP_001122546.4	27.778	54	36	1	3	56	310	360	0.012	26.2
XP_031779874.1	XP_016767396.2	27.778	54	36	1	3	56	310	360	0.014	26.2
XP_031780074.1	XP_016767396.2	18.924	502	325	15	1756	2237	206	645	1.15e-05	39.3
XP_031780074.1	XP_001122546.4	19.368	506	298	18	1756	2237	206	625	3.69e-04	34.3
XP_031780286.1	XP_001122546.4	22.078	77	54	1	188	264	50	120	0.004	28.5
XP_031780286.1	XP_016767396.2	22.078	77	54	1	188	264	50	120	0.004	28.5
XP_031780495.1	XP_026296025.1	26.316	38	28	0	2060	2097	86	123	0.038	26.9
XP_031780495.1	XP_026296028.1	26.316	38	28	0	2060	2097	74	111	0.039	26.9
XP_031780495.1	XP_026296027.1	26.316	38	28	0	2060	2097	74	111	0.039	26.9
XP_031780495.1	XP_026296026.1	26.316	38	28	0	2060	2097	74	111	0.039	26.9
XP_031780496.1	XP_026296025.1	26.316	38	28	0	2060	2097	86	123	0.038	26.9
XP_031780496.1	XP_026296028.1	26.316	38	28	0	2060	2097	74	111	0.039	26.9
XP_031780496.1	XP_026296027.1	26.316	38	28	0	2060	2097	74	111	0.039	26.9
XP_031780496.1	XP_026296026.1	26.316	38	28	0	2060	2097	74	111	0.039	26.9
XP_031780497.1	XP_026296025.1	26.316	38	28	0	2060	2097	86	123	0.038	26.9
XP_031780497.1	XP_026296028.1	26.316	38	28	0	2060	2097	74	111	0.039	26.9
XP_031780497.1	XP_026296027.1	26.316	38	28	0	2060	2097	74	111	0.039	26.9
XP_031780497.1	XP_026296026.1	26.316	38	28	0	2060	2097	74	111	0.039	26.9
XP_031781751.1	XP_001122546.4	39.024	41	22	2	20	59	697	735	0.040	21.9
XP_031781751.1	XP_016767396.2	39.024	41	22	2	20	59	717	755	0.040	21.9
XP_031781904.1	XP_016767396.2	26.957	115	77	2	332	446	51	158	0.002	29.3
XP_031781904.1	XP_001122546.4	26.957	115	77	2	332	446	51	158	0.003	29.3
XP_031781958.1	XP_001122571.3	45.455	22	12	0	1	22	1	22	0.026	25.0
XP_031782075.1	XP_026296028.1	25.185	135	78	5	12	130	41	168	1.53e-04	29.3
XP_031782075.1	XP_026296027.1	25.185	135	78	5	12	130	41	168	1.53e-04	29.3
XP_031782075.1	XP_026296026.1	25.185	135	78	5	12	130	41	168	1.53e-04	29.3
XP_031782075.1	XP_026296025.1	25.185	135	78	5	12	130	53	180	1.61e-04	29.3
XP_031782076.1	XP_026296028.1	26.126	111	59	5	34	128	65	168	0.001	26.6
XP_031782076.1	XP_026296027.1	26.126	111	59	5	34	128	65	168	0.001	26.6
XP_031782076.1	XP_026296026.1	26.126	111	59	5	34	128	65	168	0.001	26.6
XP_031782076.1	XP_026296025.1	26.126	111	59	5	34	128	77	180	0.001	26.6
XP_031782318.1	XP_016767396.2	32.099	162	70	7	246	376	77	229	0.007	27.3
XP_031782318.1	XP_001122546.4	32.099	162	70	7	246	376	77	229	0.008	26.9
XP_031782505.1	XP_001122546.4	31.034	58	28	1	39	96	699	744	0.005	25.4
XP_031782505.1	XP_016767396.2	31.034	58	28	1	39	96	719	764	0.005	25.4
XP_031782620.1	XP_001122546.4	22.034	59	38	1	64	122	345	395	0.009	25.4
XP_031782620.1	XP_016767396.2	22.034	59	38	1	64	122	345	395	0.009	25.0
XP_031782838.1	XP_016767396.2	28.571	56	33	1	372	420	52	107	0.038	24.6
XP_031782838.1	XP_001122546.4	28.571	56	33	1	372	420	52	107	0.040	24.6
XP_031782839.1	XP_016767396.2	28.571	56	33	1	372	420	52	107	0.038	24.6
XP_031782839.1	XP_001122546.4	28.571	56	33	1	372	420	52	107	0.040	24.6
XP_031782863.1	XP_016767396.2	29.814	161	91	8	67	214	131	282	0.012	26.6
XP_031782863.1	XP_001122546.4	29.814	161	91	8	67	214	131	282	0.012	26.6
XP_031782914.1	XP_016767396.2	28.358	67	43	2	26	87	94	160	0.015	23.1
XP_031782914.1	XP_001122546.4	28.358	67	43	2	26	87	94	160	0.016	23.1
XP_031782944.1	XP_016767396.2	28.358	67	43	2	26	87	94	160	0.015	23.1
XP_031782944.1	XP_001122546.4	28.358	67	43	2	26	87	94	160	0.016	23.1
XP_031782947.1	XP_026296028.1	25.581	43	27	1	31	73	158	195	0.014	23.9
XP_031782947.1	XP_026296027.1	25.581	43	27	1	31	73	158	195	0.014	23.9
XP_031782947.1	XP_026296026.1	25.581	43	27	1	31	73	158	195	0.014	23.9
XP_031782947.1	XP_026296025.1	25.581	43	27	1	31	73	170	207	0.017	23.5
XP_031782980.1	XP_016767396.2	45.802	131	68	1	85	215	244	371	3.66e-32	112
XP_031782980.1	XP_016767396.2	46.316	95	48	1	17	111	23	114	7.28e-21	79.7
XP_031782980.1	XP_001122546.4	45.802	131	68	1	85	215	244	371	3.70e-32	112
XP_031782980.1	XP_001122546.4	46.316	95	48	1	17	111	23	114	7.59e-21	79.3
XP_031783015.1	XP_016767396.2	34.694	49	31	1	165	213	654	701	0.032	24.3
XP_031783015.1	XP_001122546.4	34.694	49	31	1	165	213	634	681	0.033	23.9
XP_031783227.1	XP_001122546.4	28.814	59	42	0	2888	2946	50	108	0.028	28.1
XP_031783227.1	XP_016767396.2	28.814	59	42	0	2888	2946	50	108	0.028	28.1
XP_031783228.1	XP_001122546.4	28.814	59	42	0	2864	2922	50	108	0.027	28.1
XP_031783228.1	XP_016767396.2	28.814	59	42	0	2864	2922	50	108	0.027	28.1
XP_031783432.1	XP_016767396.2	33.333	45	28	1	155	197	511	555	0.023	25.8
XP_031783432.1	XP_001122546.4	33.333	45	28	1	155	197	491	535	0.024	25.8
XP_031783521.1	XP_001122546.4	33.766	77	33	3	2120	2196	225	283	0.028	28.1
XP_031783521.1	XP_016767396.2	33.766	77	33	3	2120	2196	225	283	0.029	28.1
XP_031784064.1	XP_001122546.4	41.379	29	17	0	332	360	139	167	0.024	25.4
XP_031784064.1	XP_016767396.2	41.379	29	17	0	332	360	139	167	0.025	25.4
XP_031784171.1	XP_016767396.2	31.250	32	22	0	144	175	52	83	0.029	25.0
XP_031784171.1	XP_001122546.4	35.714	28	18	0	144	171	52	79	0.030	25.0
XP_031784329.1	XP_001122546.4	40.000	30	18	0	4	33	97	126	0.014	24.3
XP_031784329.1	XP_016767396.2	40.000	30	18	0	4	33	97	126	0.015	24.3
XP_031784620.1	XP_026296025.1	30.000	30	21	0	284	313	108	137	0.049	25.0
XP_031784864.1	XP_016767396.2	35.000	40	25	1	347	386	92	130	0.038	25.4
XP_031784864.1	XP_001122546.4	35.000	40	25	1	347	386	92	130	0.040	25.4
XP_031784865.1	XP_016767396.2	35.000	40	25	1	347	386	92	130	0.039	25.4
XP_031784865.1	XP_001122546.4	35.000	40	25	1	347	386	92	130	0.040	25.4
XP_031784866.1	XP_016767396.2	35.000	40	25	1	341	380	92	130	0.041	25.4
XP_031784866.1	XP_001122546.4	35.000	40	25	1	341	380	92	130	0.042	25.4
XP_031784992.1	XP_016767396.2	28.916	83	46	3	252	334	490	559	0.022	25.8
XP_031784995.1	XP_016767396.2	28.916	83	46	3	252	334	490	559	0.022	25.8
XP_031784998.1	XP_016767396.2	28.916	83	46	3	252	334	490	559	0.022	25.8
XP_031784999.1	XP_016767396.2	28.916	83	46	3	252	334	490	559	0.022	25.8
XP_031785003.1	XP_016767396.2	28.916	83	46	3	252	334	490	559	0.022	25.8
XP_031785480.1	XP_001122571.3	55.556	18	8	0	510	527	280	297	0.042	25.0
XP_031785483.1	XP_001122571.3	55.556	18	8	0	393	410	280	297	0.035	25.0
XP_031785553.1	XP_026296025.1	35.294	34	22	0	185	218	86	119	0.022	25.0
XP_031785553.1	XP_026296028.1	35.294	34	22	0	185	218	74	107	0.024	25.0
XP_031785553.1	XP_026296027.1	35.294	34	22	0	185	218	74	107	0.024	25.0
XP_031785553.1	XP_026296026.1	35.294	34	22	0	185	218	74	107	0.024	25.0
XP_031785764.1	XP_026296028.1	57.895	19	8	0	29	47	123	141	0.036	22.7
XP_031785764.1	XP_026296027.1	57.895	19	8	0	29	47	123	141	0.036	22.7
XP_031785764.1	XP_026296026.1	57.895	19	8	0	29	47	123	141	0.036	22.7
XP_031785764.1	XP_026296025.1	57.895	19	8	0	29	47	135	153	0.037	22.7
XP_031785840.1	XP_016767396.2	33.333	42	28	0	99	140	229	270	0.023	23.9
XP_031785840.1	XP_001122546.4	33.333	42	28	0	99	140	229	270	0.024	23.5
XP_031786093.1	XP_001122546.4	32.353	68	34	2	261	320	469	532	0.047	24.6
XP_031786097.1	XP_001122546.4	32.353	68	34	2	261	320	469	532	0.046	24.6
XP_031786098.1	XP_001122546.4	32.353	68	34	2	261	320	469	532	0.045	24.6
XP_031786344.1	XP_016767396.2	26.829	82	52	1	66	147	144	217	0.002	27.7
XP_031786344.1	XP_001122546.4	25.610	82	51	2	66	146	144	216	0.015	25.0
XP_031786344.1	XP_026296025.1	38.235	34	18	1	110	143	1	31	0.019	24.3
XP_031786393.1	XP_016767396.2	33.333	36	22	1	294	327	502	537	0.019	25.8
XP_031786393.1	XP_001122546.4	34.615	26	17	0	302	327	492	517	0.036	25.0
XP_031786394.1	XP_016767396.2	33.333	36	22	1	294	327	502	537	0.019	25.8
XP_031786394.1	XP_001122546.4	34.615	26	17	0	302	327	492	517	0.036	25.0
XP_031786395.1	XP_016767396.2	33.333	36	22	1	294	327	502	537	0.019	25.8
XP_031786395.1	XP_001122546.4	34.615	26	17	0	302	327	492	517	0.036	25.0
XP_031786396.1	XP_016767396.2	33.333	36	22	1	294	327	502	537	0.019	25.8
XP_031786396.1	XP_001122546.4	34.615	26	17	0	302	327	492	517	0.036	25.0
XP_031786397.1	XP_016767396.2	33.333	36	22	1	294	327	502	537	0.019	25.8
XP_031786397.1	XP_001122546.4	34.615	26	17	0	302	327	492	517	0.036	25.0
XP_031786398.1	XP_016767396.2	33.333	36	22	1	294	327	502	537	0.019	25.8
XP_031786398.1	XP_001122546.4	34.615	26	17	0	302	327	492	517	0.036	25.0
XP_031786399.1	XP_016767396.2	33.333	36	22	1	294	327	502	537	0.019	25.8
XP_031786399.1	XP_001122546.4	34.615	26	17	0	302	327	492	517	0.036	25.0
XP_031786400.1	XP_016767396.2	33.333	36	22	1	294	327	502	537	0.019	25.8
XP_031786400.1	XP_001122546.4	34.615	26	17	0	302	327	492	517	0.036	25.0
XP_031786401.1	XP_016767396.2	33.333	36	22	1	294	327	502	537	0.018	26.2
XP_031786401.1	XP_016767396.2	24.590	122	79	6	273	389	579	692	0.035	25.0
XP_031786401.1	XP_001122546.4	34.615	26	17	0	302	327	492	517	0.037	25.0
XP_031786401.1	XP_001122546.4	24.590	122	79	6	273	389	559	672	0.044	24.6
XP_031786418.1	XP_001122571.3	40.000	40	20	2	1	39	1	37	0.002	27.3
XP_031786529.1	XP_016767396.2	22.727	88	64	1	552	635	315	402	0.017	26.9
XP_031786529.1	XP_001122546.4	22.727	88	64	1	552	635	315	402	0.019	26.9
XP_031786547.1	XP_001122571.3	37.209	43	25	1	1	43	1	41	0.011	25.4
XP_031786548.1	XP_001122571.3	37.209	43	25	1	1	43	1	41	0.009	25.4
XP_031786616.1	XP_001122546.4	35.000	20	13	0	160	179	732	751	0.050	25.0
XP_031786675.1	XP_016767396.2	32.000	75	51	0	371	445	306	380	0.043	26.2
XP_031786675.1	XP_001122546.4	32.000	75	51	0	371	445	306	380	0.045	25.8
XP_031786969.1	XP_001122546.4	35.593	59	31	2	220	277	224	276	0.022	26.2
XP_031786969.1	XP_016767396.2	35.593	59	31	2	220	277	224	276	0.022	26.2
XP_031786970.1	XP_001122546.4	35.593	59	31	2	220	277	224	276	0.021	26.6
XP_031786970.1	XP_016767396.2	35.593	59	31	2	220	277	224	276	0.022	26.2
XP_031786971.1	XP_001122546.4	35.593	59	31	2	215	272	224	276	0.020	26.6
XP_031786971.1	XP_016767396.2	35.593	59	31	2	215	272	224	276	0.022	26.2
XP_031786972.1	XP_001122546.4	35.593	59	31	2	220	277	224	276	0.017	26.6
XP_031786972.1	XP_016767396.2	35.593	59	31	2	220	277	224	276	0.019	26.6
XP_031786974.1	XP_001122546.4	35.593	59	31	2	220	277	224	276	0.017	26.6
XP_031786974.1	XP_016767396.2	35.593	59	31	2	220	277	224	276	0.018	26.6
XP_031787117.1	XP_016767396.2	30.000	50	26	1	100	140	409	458	0.021	24.3
XP_031787117.1	XP_001122546.4	30.000	50	26	1	100	140	409	458	0.021	24.3
XP_031787367.1	XP_016767396.2	26.804	97	66	3	175	267	140	235	0.019	25.8
XP_031787367.1	XP_001122546.4	26.804	97	66	3	175	267	140	235	0.025	25.4
XP_031787368.1	XP_016767396.2	26.804	97	66	3	140	232	140	235	0.018	25.8
XP_031787368.1	XP_001122546.4	26.804	97	66	3	140	232	140	235	0.025	25.4
XP_031787535.1	XP_001122546.4	20.270	74	58	1	105	177	141	214	0.015	24.3
XP_031787535.1	XP_016767396.2	20.270	74	58	1	105	177	141	214	0.015	24.3
XP_031787536.1	XP_016767396.2	23.529	136	96	3	808	942	131	259	0.010	27.7
XP_031787536.1	XP_001122546.4	23.529	136	96	3	808	942	131	259	0.013	27.3
XP_031787550.1	XP_016767396.2	47.826	23	12	0	76	98	497	519	0.036	21.9
XP_031787551.1	XP_016767396.2	47.826	23	12	0	76	98	497	519	0.036	21.9
XP_031787587.1	XP_016767396.2	47.826	23	12	0	76	98	497	519	0.036	21.9
XP_031787790.1	XP_001122546.4	62.500	16	5	1	73	88	722	736	0.008	24.3
XP_031787790.1	XP_016767396.2	62.500	16	5	1	73	88	742	756	0.008	24.3
XP_031787983.1	XP_016767396.2	47.826	23	12	0	76	98	497	519	0.036	21.9
XP_031788094.1	XP_001122546.4	28.947	76	50	1	102	173	569	644	0.011	28.5
XP_031788095.1	XP_001122546.4	28.947	76	50	1	102	173	569	644	0.011	28.5
XP_031788152.1	XP_001122546.4	21.339	239	128	11	498	690	278	502	0.050	25.8
XP_031788155.1	XP_001122546.4	21.339	239	128	11	498	690	278	502	0.046	25.8
XP_031788360.1	XP_026296025.1	27.273	99	59	3	15	104	84	178	0.004	27.7
XP_031788360.1	XP_026296028.1	27.273	99	59	3	15	104	72	166	0.004	27.7
XP_031788360.1	XP_026296027.1	27.273	99	59	3	15	104	72	166	0.004	27.7
XP_031788360.1	XP_026296026.1	27.273	99	59	3	15	104	72	166	0.004	27.7
XP_031788552.1	XP_016767396.2	27.957	93	55	4	163	254	622	703	0.036	24.3
XP_031788552.1	XP_001122546.4	27.957	93	55	4	163	254	602	683	0.044	23.9
XP_031788553.1	XP_016767396.2	27.957	93	55	4	163	254	622	703	0.036	24.3
XP_031788553.1	XP_001122546.4	27.957	93	55	4	163	254	602	683	0.044	23.9
XP_031788609.1	XP_001122546.4	21.399	243	158	9	1310	1546	482	697	0.013	28.9
XP_031789118.1	XP_016767396.2	28.358	67	43	2	26	87	94	160	0.015	23.1
XP_031789118.1	XP_001122546.4	28.358	67	43	2	26	87	94	160	0.016	23.1
XP_031789119.1	XP_026296028.1	25.581	43	27	1	31	73	158	195	0.014	23.9
XP_031789119.1	XP_026296027.1	25.581	43	27	1	31	73	158	195	0.014	23.9
XP_031789119.1	XP_026296026.1	25.581	43	27	1	31	73	158	195	0.014	23.9
XP_031789119.1	XP_026296025.1	25.581	43	27	1	31	73	170	207	0.017	23.5
XP_031789150.1	XP_026296025.1	32.787	61	39	1	80	138	101	161	0.001	27.7
XP_031789150.1	XP_026296028.1	32.787	61	39	1	80	138	89	149	0.002	27.3
XP_031789150.1	XP_026296027.1	32.787	61	39	1	80	138	89	149	0.002	27.3
XP_031789150.1	XP_026296026.1	32.787	61	39	1	80	138	89	149	0.002	27.3
XP_031789561.1	XP_016767396.2	27.749	191	111	9	462	641	515	689	0.035	26.9
XP_031789561.1	XP_001122546.4	27.749	191	111	9	462	641	495	669	0.040	26.9
XP_032451857.1	XP_001122571.3	33.333	48	27	1	328	375	17	59	0.016	25.4
XP_032451858.1	XP_001122571.3	33.333	48	27	1	328	375	17	59	0.016	25.4
XP_032451859.1	XP_001122571.3	33.333	48	27	1	328	375	17	59	0.016	25.4
XP_032451942.1	XP_016767396.2	27.749	191	111	9	458	637	515	689	0.034	26.9
XP_032451942.1	XP_001122546.4	27.749	191	111	9	458	637	495	669	0.039	26.9
XP_032452338.1	XP_026296025.1	26.316	38	28	0	2060	2097	86	123	0.038	26.9
XP_032452338.1	XP_026296028.1	26.316	38	28	0	2060	2097	74	111	0.039	26.9
XP_032452338.1	XP_026296027.1	26.316	38	28	0	2060	2097	74	111	0.039	26.9
XP_032452338.1	XP_026296026.1	26.316	38	28	0	2060	2097	74	111	0.039	26.9
XP_032452339.1	XP_026296025.1	26.316	38	28	0	2031	2068	86	123	0.037	26.9
XP_032452339.1	XP_026296028.1	26.316	38	28	0	2031	2068	74	111	0.038	26.9
XP_032452339.1	XP_026296027.1	26.316	38	28	0	2031	2068	74	111	0.038	26.9
XP_032452339.1	XP_026296026.1	26.316	38	28	0	2031	2068	74	111	0.038	26.9
XP_032452340.1	XP_026296025.1	26.316	38	28	0	2028	2065	86	123	0.037	26.9
XP_032452340.1	XP_026296028.1	26.316	38	28	0	2028	2065	74	111	0.038	26.9
XP_032452340.1	XP_026296027.1	26.316	38	28	0	2028	2065	74	111	0.038	26.9
XP_032452340.1	XP_026296026.1	26.316	38	28	0	2028	2065	74	111	0.038	26.9
XP_032452341.1	XP_026296025.1	26.316	38	28	0	2024	2061	86	123	0.036	26.9
XP_032452341.1	XP_026296028.1	26.316	38	28	0	2024	2061	74	111	0.038	26.9
XP_032452341.1	XP_026296027.1	26.316	38	28	0	2024	2061	74	111	0.038	26.9
XP_032452341.1	XP_026296026.1	26.316	38	28	0	2024	2061	74	111	0.038	26.9
XP_032452342.1	XP_026296025.1	26.316	38	28	0	2024	2061	86	123	0.036	26.9
XP_032452342.1	XP_026296028.1	26.316	38	28	0	2024	2061	74	111	0.038	26.9
XP_032452342.1	XP_026296027.1	26.316	38	28	0	2024	2061	74	111	0.038	26.9
XP_032452342.1	XP_026296026.1	26.316	38	28	0	2024	2061	74	111	0.038	26.9
XP_032452410.1	XP_001122546.4	27.397	73	47	2	97	164	497	568	0.022	26.9
XP_032452410.1	XP_016767396.2	27.397	73	47	2	97	164	517	588	0.023	26.9
XP_032452807.1	XP_026296025.1	27.451	51	35	1	55	105	102	150	0.033	24.3
XP_032452807.1	XP_026296028.1	27.451	51	35	1	55	105	90	138	0.036	24.3
XP_032452807.1	XP_026296027.1	27.451	51	35	1	55	105	90	138	0.036	24.3
XP_032452807.1	XP_026296026.1	27.451	51	35	1	55	105	90	138	0.036	24.3
XP_032452831.1	XP_001122546.4	30.556	72	35	3	137	193	446	517	0.001	30.0
XP_032452832.1	XP_001122546.4	30.556	72	35	3	137	193	446	517	0.001	30.0
XP_032452833.1	XP_001122546.4	30.556	72	35	3	163	219	446	517	0.001	30.4
XP_032452834.1	XP_001122546.4	30.556	72	35	3	137	193	446	517	0.001	30.4
XP_032452900.1	XP_016767396.2	25.837	209	132	6	300	501	501	693	0.026	27.3
XP_032452900.1	XP_001122546.4	26.020	196	123	5	313	501	493	673	0.042	26.6
XP_032452901.1	XP_016767396.2	25.837	209	132	6	300	501	501	693	0.026	27.3
XP_032452901.1	XP_001122546.4	26.020	196	123	5	313	501	493	673	0.042	26.6
XP_032452905.1	XP_016767396.2	26.020	196	123	5	295	483	513	693	0.028	27.3
XP_032452905.1	XP_001122546.4	26.020	196	123	5	295	483	493	673	0.036	26.9
XP_032453319.1	XP_016767396.2	37.500	56	34	1	211	265	79	134	0.036	25.0
XP_032453319.1	XP_001122546.4	37.500	56	34	1	211	265	79	134	0.041	25.0
XP_032453326.1	XP_016767396.2	22.727	88	63	1	70	152	331	418	0.014	26.2
XP_032453326.1	XP_001122546.4	28.571	49	35	0	70	118	331	379	0.017	25.8
XP_032453327.1	XP_016767396.2	22.727	88	63	1	70	152	331	418	0.014	26.2
XP_032453327.1	XP_001122546.4	28.571	49	35	0	70	118	331	379	0.017	25.8
XP_032453340.1	XP_016767396.2	37.838	37	22	1	551	587	491	526	0.007	27.7
XP_032453422.1	XP_016767396.2	18.924	502	325	15	1756	2237	206	645	1.15e-05	39.3
XP_032453422.1	XP_001122546.4	19.368	506	298	18	1756	2237	206	625	3.69e-04	34.3
XP_032453659.1	XP_016767396.2	28.571	56	33	1	365	413	52	107	0.035	24.6
XP_032453659.1	XP_001122546.4	28.571	56	33	1	365	413	52	107	0.039	24.6
XP_032453660.1	XP_016767396.2	28.571	56	33	1	364	412	52	107	0.036	24.6
XP_032453660.1	XP_001122546.4	28.571	56	33	1	364	412	52	107	0.039	24.6
XP_032453661.1	XP_016767396.2	28.571	56	33	1	364	412	52	107	0.036	24.6
XP_032453661.1	XP_001122546.4	28.571	56	33	1	364	412	52	107	0.039	24.6
XP_032453662.1	XP_016767396.2	28.571	56	33	1	357	405	52	107	0.032	25.0
XP_032453662.1	XP_001122546.4	28.571	56	33	1	357	405	52	107	0.036	24.6
XP_032453918.1	XP_001122571.3	29.730	37	26	0	2	38	249	285	0.024	25.0
XP_032454153.1	XP_016767396.2	30.159	63	35	3	138	192	108	169	0.031	23.9
XP_032454153.1	XP_001122546.4	30.159	63	35	3	138	192	108	169	0.036	23.5
XP_032454154.1	XP_016767396.2	30.159	63	35	3	138	192	108	169	0.031	23.9
XP_032454154.1	XP_001122546.4	30.159	63	35	3	138	192	108	169	0.036	23.5
XP_032454156.1	XP_016767396.2	30.159	63	35	3	138	192	108	169	0.031	23.9
XP_032454156.1	XP_001122546.4	30.159	63	35	3	138	192	108	169	0.036	23.5
XP_032454157.1	XP_016767396.2	30.159	63	35	3	138	192	108	169	0.031	23.9
XP_032454157.1	XP_001122546.4	30.159	63	35	3	138	192	108	169	0.036	23.5
XP_032454158.1	XP_016767396.2	30.159	63	35	3	138	192	108	169	0.031	23.9
XP_032454158.1	XP_001122546.4	30.159	63	35	3	138	192	108	169	0.036	23.5
XP_032454174.1	XP_016767396.2	33.766	77	33	3	2204	2280	225	283	0.027	28.1
XP_032454174.1	XP_001122546.4	33.766	77	33	3	2204	2280	225	283	0.028	28.1
XP_032454175.1	XP_016767396.2	33.766	77	33	3	2190	2266	225	283	0.027	28.1
XP_032454175.1	XP_001122546.4	33.766	77	33	3	2190	2266	225	283	0.027	28.1
XP_032454176.1	XP_016767396.2	33.766	77	33	3	2161	2237	225	283	0.027	28.1
XP_032454176.1	XP_001122546.4	33.766	77	33	3	2161	2237	225	283	0.028	28.1
XP_032454603.1	XP_016767396.2	28.916	83	46	3	317	399	490	559	0.027	25.8
XP_032454624.1	XP_016767396.2	32.099	162	70	7	278	408	77	229	0.009	26.9
XP_032454624.1	XP_001122546.4	32.099	162	70	7	278	408	77	229	0.009	26.9
XP_032454686.1	XP_016767396.2	32.143	28	19	0	214	241	562	589	0.047	23.5
XP_032454686.1	XP_001122546.4	32.143	28	19	0	214	241	542	569	0.048	23.5
XP_032454688.1	XP_001122546.4	32.143	28	19	0	214	241	542	569	0.045	23.5
XP_032454688.1	XP_016767396.2	32.143	28	19	0	214	241	562	589	0.045	23.5
XP_032454846.1	XP_001122546.4	37.778	45	24	2	136	180	255	295	0.016	24.6
XP_032454846.1	XP_016767396.2	37.778	45	24	2	136	180	255	295	0.017	24.6
XP_032454847.1	XP_001122546.4	37.778	45	24	2	102	146	255	295	0.012	25.0
XP_032454847.1	XP_016767396.2	37.778	45	24	2	102	146	255	295	0.013	25.0
XP_032455109.1	XP_016767396.2	35.000	40	25	1	341	380	92	130	0.040	25.4
XP_032455109.1	XP_001122546.4	35.000	40	25	1	341	380	92	130	0.041	25.4
XP_032455110.1	XP_001122546.4	35.000	40	25	1	347	386	92	130	0.038	25.4
XP_032455110.1	XP_016767396.2	35.000	40	25	1	347	386	92	130	0.039	25.4
XP_032455126.1	XP_016767396.2	32.000	75	51	0	371	445	306	380	0.040	26.2
XP_032455126.1	XP_001122546.4	32.000	75	51	0	371	445	306	380	0.042	26.2
XP_032455127.1	XP_016767396.2	32.000	75	51	0	371	445	306	380	0.035	26.6
XP_032455127.1	XP_001122546.4	32.000	75	51	0	371	445	306	380	0.037	26.2
XP_032455128.1	XP_016767396.2	32.000	75	51	0	309	383	306	380	0.035	26.2
XP_032455128.1	XP_001122546.4	32.000	75	51	0	309	383	306	380	0.039	26.2
XP_032455129.1	XP_016767396.2	32.000	75	51	0	309	383	306	380	0.035	26.2
XP_032455129.1	XP_001122546.4	32.000	75	51	0	309	383	306	380	0.039	26.2
XP_032455130.1	XP_016767396.2	32.000	75	51	0	309	383	306	380	0.035	26.2
XP_032455130.1	XP_001122546.4	32.000	75	51	0	309	383	306	380	0.039	26.2
XP_032455131.1	XP_016767396.2	32.000	75	51	0	371	445	306	380	0.037	26.2
XP_032455131.1	XP_001122546.4	32.000	75	51	0	371	445	306	380	0.043	26.2
XP_032455132.1	XP_016767396.2	32.000	75	51	0	309	383	306	380	0.032	26.6
XP_032455132.1	XP_001122546.4	32.000	75	51	0	309	383	306	380	0.037	26.2
XP_032455133.1	XP_016767396.2	32.000	75	51	0	309	383	306	380	0.032	26.6
XP_032455133.1	XP_001122546.4	32.000	75	51	0	309	383	306	380	0.037	26.2
XP_032455134.1	XP_016767396.2	32.000	75	51	0	309	383	306	380	0.032	26.6
XP_032455134.1	XP_001122546.4	32.000	75	51	0	309	383	306	380	0.037	26.2
XP_032455135.1	XP_016767396.2	32.000	75	51	0	371	445	306	380	0.034	26.2
XP_032455135.1	XP_001122546.4	32.000	75	51	0	371	445	306	380	0.041	26.2
XP_032455136.1	XP_016767396.2	32.000	75	51	0	287	361	306	380	0.031	26.6
XP_032455136.1	XP_001122546.4	32.000	75	51	0	287	361	306	380	0.034	26.2
XP_032455137.1	XP_016767396.2	32.000	75	51	0	309	383	306	380	0.038	26.2
XP_032455137.1	XP_001122546.4	32.000	75	51	0	309	383	306	380	0.042	26.2
XP_032455138.1	XP_016767396.2	32.000	75	51	0	309	383	306	380	0.036	26.2
XP_032455138.1	XP_001122546.4	32.000	75	51	0	309	383	306	380	0.036	26.2
XP_032455152.1	XP_001122546.4	37.500	32	20	0	123	154	275	306	0.023	25.4
XP_032455152.1	XP_016767396.2	37.500	32	20	0	123	154	275	306	0.024	25.4
XP_032455158.1	XP_001122546.4	37.500	32	20	0	102	133	275	306	0.023	25.4
XP_032455158.1	XP_016767396.2	37.500	32	20	0	102	133	275	306	0.025	25.0
XP_032455161.1	XP_001122546.4	37.500	32	20	0	102	133	275	306	0.023	25.4
XP_032455161.1	XP_016767396.2	37.500	32	20	0	102	133	275	306	0.025	25.0
XP_032455164.1	XP_001122546.4	37.500	32	20	0	94	125	275	306	0.025	25.0
XP_032455164.1	XP_016767396.2	38.710	31	19	0	94	124	275	305	0.025	25.0
XP_032455172.1	XP_001122546.4	38.710	31	19	0	67	97	647	677	0.032	23.5
XP_032455172.1	XP_016767396.2	38.710	31	19	0	67	97	667	697	0.032	23.5
XP_032455289.1	XP_016767396.2	33.333	36	22	1	280	313	502	537	0.018	25.8
XP_032455289.1	XP_001122546.4	34.615	26	17	0	288	313	492	517	0.037	25.0
XP_032455290.1	XP_016767396.2	33.333	36	22	1	280	313	502	537	0.018	25.8
XP_032455290.1	XP_001122546.4	34.615	26	17	0	288	313	492	517	0.037	25.0
XP_032455291.1	XP_016767396.2	33.333	36	22	1	280	313	502	537	0.018	26.2
XP_032455291.1	XP_016767396.2	24.590	122	79	6	259	375	579	692	0.030	25.4
XP_032455291.1	XP_001122546.4	34.615	26	17	0	288	313	492	517	0.037	25.0
XP_032455291.1	XP_001122546.4	24.590	122	79	6	259	375	559	672	0.040	25.0
XP_032455292.1	XP_016767396.2	33.333	36	22	1	280	313	502	537	0.018	26.2
XP_032455292.1	XP_016767396.2	24.590	122	79	6	259	375	579	692	0.030	25.4
XP_032455292.1	XP_001122546.4	34.615	26	17	0	288	313	492	517	0.037	25.0
XP_032455292.1	XP_001122546.4	24.590	122	79	6	259	375	559	672	0.040	25.0
XP_032455293.1	XP_016767396.2	33.333	36	22	1	280	313	502	537	0.018	26.2
XP_032455293.1	XP_016767396.2	24.590	122	79	6	259	375	579	692	0.030	25.4
XP_032455293.1	XP_001122546.4	34.615	26	17	0	288	313	492	517	0.037	25.0
XP_032455293.1	XP_001122546.4	24.590	122	79	6	259	375	559	672	0.040	25.0
XP_032455294.1	XP_016767396.2	33.333	36	22	1	280	313	502	537	0.018	26.2
XP_032455294.1	XP_016767396.2	24.590	122	79	6	259	375	579	692	0.030	25.4
XP_032455294.1	XP_001122546.4	34.615	26	17	0	288	313	492	517	0.037	25.0
XP_032455294.1	XP_001122546.4	24.590	122	79	6	259	375	559	672	0.040	25.0
XP_032455295.1	XP_016767396.2	33.333	36	22	1	280	313	502	537	0.018	26.2
XP_032455295.1	XP_016767396.2	24.590	122	79	6	259	375	579	692	0.030	25.4
XP_032455295.1	XP_001122546.4	34.615	26	17	0	288	313	492	517	0.037	25.0
XP_032455295.1	XP_001122546.4	24.590	122	79	6	259	375	559	672	0.040	25.0
XP_032455578.1	XP_001122546.4	32.927	82	46	4	2479	2551	639	720	0.009	30.4
XP_032455578.1	XP_016767396.2	32.927	82	46	4	2479	2551	659	740	0.010	30.4
XP_032455579.1	XP_001122546.4	32.927	82	46	4	2479	2551	639	720	0.009	30.4
XP_032455579.1	XP_016767396.2	32.927	82	46	4	2479	2551	659	740	0.010	30.4
XP_032455782.1	XP_016767396.2	29.070	86	51	2	127	202	424	509	0.032	25.0
XP_032455806.1	NP_001011607.1	32.000	25	17	0	87	111	45	69	0.036	22.7
XP_032455807.1	NP_001011607.1	32.000	25	17	0	87	111	45	69	0.036	22.7
XP_032456107.1	XP_001122546.4	35.593	59	31	2	195	252	224	276	0.017	26.6
XP_032456107.1	XP_016767396.2	35.593	59	31	2	195	252	224	276	0.019	26.6
XP_032456108.1	XP_001122546.4	35.593	59	31	2	195	252	224	276	0.017	26.6
XP_032456108.1	XP_016767396.2	35.593	59	31	2	195	252	224	276	0.018	26.6
XP_032456109.1	XP_001122546.4	35.593	59	31	2	186	243	224	276	0.016	26.6
XP_032456109.1	XP_016767396.2	35.593	59	31	2	186	243	224	276	0.018	26.6
XP_032456110.1	XP_001122546.4	35.593	59	31	2	220	277	224	276	0.017	26.6
XP_032456110.1	XP_016767396.2	35.593	59	31	2	220	277	224	276	0.018	26.6
XP_032456111.1	XP_001122546.4	35.593	59	31	2	220	277	224	276	0.017	26.6
XP_032456111.1	XP_016767396.2	35.593	59	31	2	220	277	224	276	0.018	26.6
XP_032456112.1	XP_001122546.4	35.593	59	31	2	215	272	224	276	0.016	26.6
XP_032456112.1	XP_016767396.2	35.593	59	31	2	215	272	224	276	0.017	26.6
XP_032456113.1	XP_001122546.4	35.593	59	31	2	200	257	224	276	0.015	26.6
XP_032456113.1	XP_016767396.2	35.593	59	31	2	200	257	224	276	0.016	26.6
XP_032456114.1	XP_001122546.4	35.593	59	31	2	200	257	224	276	0.015	26.6
XP_032456114.1	XP_016767396.2	35.593	59	31	2	200	257	224	276	0.016	26.6
XP_032456115.1	XP_001122546.4	35.593	59	31	2	195	252	224	276	0.014	26.6
XP_032456115.1	XP_016767396.2	35.593	59	31	2	195	252	224	276	0.015	26.6
XP_032456116.1	XP_001122546.4	35.593	59	31	2	200	257	224	276	0.015	26.6
XP_032456116.1	XP_016767396.2	35.593	59	31	2	200	257	224	276	0.016	26.6
XP_032456117.1	XP_001122546.4	35.593	59	31	2	195	252	224	276	0.015	26.6
XP_032456117.1	XP_016767396.2	35.593	59	31	2	195	252	224	276	0.015	26.6
XP_032456118.1	XP_001122546.4	35.593	59	31	2	186	243	224	276	0.014	26.6
XP_032456118.1	XP_016767396.2	35.593	59	31	2	186	243	224	276	0.015	26.6
XP_032456119.1	XP_001122546.4	35.593	59	31	2	195	252	224	276	0.014	26.6
XP_032456119.1	XP_016767396.2	35.593	59	31	2	195	252	224	276	0.015	26.6
XP_032456120.1	XP_001122546.4	35.593	59	31	2	186	243	224	276	0.013	26.9
XP_032456120.1	XP_016767396.2	35.593	59	31	2	186	243	224	276	0.014	26.6
XP_032456196.1	XP_001122546.4	21.399	243	158	9	1269	1505	482	697	0.010	29.3
XP_032456203.1	XP_001122546.4	38.095	42	17	1	7	39	626	667	0.014	24.6
XP_032456203.1	XP_016767396.2	38.095	42	17	1	7	39	646	687	0.015	24.6
XP_032456508.1	XP_001122546.4	20.270	74	58	1	105	177	141	214	0.015	24.3
XP_032456508.1	XP_016767396.2	20.270	74	58	1	105	177	141	214	0.015	24.3
XP_032456545.1	XP_026296028.1	33.333	36	22	1	161	196	173	206	0.041	23.9
XP_032456545.1	XP_026296027.1	33.333	36	22	1	161	196	173	206	0.041	23.9
XP_032456545.1	XP_026296026.1	33.333	36	22	1	161	196	173	206	0.041	23.9
XP_032456545.1	XP_026296025.1	33.333	36	22	1	161	196	185	218	0.045	23.9
XP_032456884.1	XP_016767396.2	27.835	97	65	3	94	186	140	235	0.016	25.8
XP_032456884.1	XP_001122546.4	27.835	97	65	3	94	186	140	235	0.018	25.8
XP_032456885.1	XP_016767396.2	26.804	97	66	3	117	209	140	235	0.016	25.8
XP_032456885.1	XP_001122546.4	26.804	97	66	3	117	209	140	235	0.018	25.8
XP_032456924.1	XP_016767396.2	25.000	96	63	3	148	240	605	694	0.012	25.8
XP_032456924.1	XP_001122546.4	25.000	96	63	3	148	240	585	674	0.014	25.4
XP_032456926.1	XP_016767396.2	25.000	96	63	3	148	240	605	694	0.012	25.8
XP_032456926.1	XP_001122546.4	25.000	96	63	3	148	240	585	674	0.014	25.4
XP_032457191.1	XP_016767396.2	20.168	119	84	3	389	507	283	390	0.013	26.6
XP_032457191.1	XP_001122546.4	20.833	120	82	4	389	507	283	390	0.013	26.6
XP_032457200.1	XP_001122546.4	21.176	85	58	1	107	191	45	120	0.017	25.8
XP_032457200.1	XP_016767396.2	21.176	85	58	1	107	191	45	120	0.017	25.8
XP_032457201.1	XP_001122546.4	21.176	85	58	1	107	191	45	120	0.017	25.8
XP_032457201.1	XP_016767396.2	21.176	85	58	1	107	191	45	120	0.017	25.8
XP_032457202.1	XP_001122546.4	21.176	85	58	1	107	191	45	120	0.017	25.8
XP_032457202.1	XP_016767396.2	21.176	85	58	1	107	191	45	120	0.017	25.8
XP_032457203.1	XP_001122546.4	21.176	85	58	1	107	191	45	120	0.017	25.8
XP_032457203.1	XP_016767396.2	21.176	85	58	1	107	191	45	120	0.017	25.8
XP_032457204.1	XP_001122546.4	21.176	85	58	1	107	191	45	120	0.017	25.8
XP_032457204.1	XP_016767396.2	21.176	85	58	1	107	191	45	120	0.017	25.8
XP_032457205.1	XP_001122546.4	21.176	85	58	1	107	191	45	120	0.017	25.8
XP_032457205.1	XP_016767396.2	21.176	85	58	1	107	191	45	120	0.017	25.8
XP_032457206.1	XP_001122546.4	21.176	85	58	1	107	191	45	120	0.017	25.8
XP_032457206.1	XP_016767396.2	21.176	85	58	1	107	191	45	120	0.017	25.8
XP_032457207.1	XP_001122546.4	21.176	85	58	1	107	191	45	120	0.017	25.8
XP_032457207.1	XP_016767396.2	21.176	85	58	1	107	191	45	120	0.017	25.8
XP_032457208.1	XP_001122546.4	21.176	85	58	1	107	191	45	120	0.017	25.8
XP_032457208.1	XP_016767396.2	21.176	85	58	1	107	191	45	120	0.017	25.8
XP_032457249.1	XP_001122546.4	68.750	16	5	0	63	78	740	755	0.014	25.0
XP_032457249.1	XP_016767396.2	44.118	34	12	1	45	78	749	775	0.016	25.0
XP_032457251.1	XP_001122546.4	68.750	16	5	0	63	78	740	755	0.014	25.0
XP_032457251.1	XP_016767396.2	44.118	34	12	1	45	78	749	775	0.016	25.0
XP_032457255.1	XP_001122546.4	68.750	16	5	0	63	78	740	755	0.014	25.0
XP_032457255.1	XP_016767396.2	44.118	34	12	1	45	78	749	775	0.016	25.0
XP_032457293.1	XP_001122546.4	26.562	64	43	2	6	69	117	176	0.010	23.5
XP_032457293.1	XP_016767396.2	26.562	64	43	2	6	69	117	176	0.011	23.5
XP_032457412.1	XP_001122546.4	35.185	54	29	2	211	258	678	731	0.010	26.6
XP_032457412.1	XP_016767396.2	35.185	54	29	2	211	258	698	751	0.011	26.6
XP_032457417.1	XP_001122546.4	35.185	54	29	2	211	258	678	731	0.010	26.6
XP_032457417.1	XP_016767396.2	35.185	54	29	2	211	258	698	751	0.011	26.6
XP_032457418.1	XP_001122546.4	35.185	54	29	2	211	258	678	731	0.010	26.6
XP_032457418.1	XP_016767396.2	35.185	54	29	2	211	258	698	751	0.011	26.6
XP_032457481.1	XP_016767396.2	23.611	72	48	1	7	78	34	98	0.044	21.9
XP_032457481.1	XP_001122546.4	23.611	72	48	1	7	78	34	98	0.049	21.9
XP_032457516.1	XP_001122546.4	27.200	125	73	5	1	122	42	151	0.050	22.3
XP_032457601.1	XP_016767396.2	56.250	16	7	0	59	74	352	367	0.041	23.5
XP_032457601.1	XP_001122546.4	56.250	16	7	0	59	74	352	367	0.043	23.5
XP_032457749.1	XP_001122546.4	67.908	349	110	1	1	349	397	743	6.07e-173	489
XP_032457749.1	XP_016767396.2	64.228	369	110	2	1	349	397	763	5.77e-168	478
XP_032457767.1	XP_001122546.4	68.750	16	5	0	63	78	740	755	0.014	25.0
XP_032457767.1	XP_016767396.2	68.750	16	5	0	63	78	760	775	0.016	25.0
XP_032457768.1	XP_001122546.4	68.750	16	5	0	63	78	740	755	0.014	25.0
XP_032457768.1	XP_016767396.2	68.750	16	5	0	63	78	760	775	0.016	25.0
XP_032457853.1	XP_016767396.2	31.250	32	22	0	144	175	52	83	0.029	25.0
XP_032457853.1	XP_001122546.4	35.714	28	18	0	144	171	52	79	0.030	25.0
XP_032458131.1	XP_016767396.2	28.205	78	51	1	223	300	136	208	7.26e-04	30.4
XP_032458131.1	XP_001122546.4	28.205	78	51	1	223	300	136	208	7.68e-04	30.0
XP_032458134.1	XP_001122546.4	28.205	78	51	1	223	300	136	208	7.13e-04	30.4
XP_032458134.1	XP_016767396.2	28.205	78	51	1	223	300	136	208	7.35e-04	30.0
XP_032458135.1	XP_001122546.4	28.205	78	51	1	223	300	136	208	7.13e-04	30.4
XP_032458135.1	XP_016767396.2	28.205	78	51	1	223	300	136	208	7.35e-04	30.0
XP_032458171.1	XP_016767396.2	27.869	61	38	1	32	86	319	379	0.006	26.2
XP_032458171.1	XP_001122546.4	27.869	61	38	1	32	86	319	379	0.006	25.8
