XP_029032094.1	XP_001122546.4	41.026	39	23	0	237	275	496	534	0.042	25.0
XP_029032094.1	XP_016767396.2	41.026	39	23	0	237	275	516	554	0.042	25.0
XP_029032162.1	XP_016767396.2	22.609	115	82	1	414	528	51	158	0.006	28.5
XP_029032162.1	XP_001122546.4	30.189	53	37	0	414	466	51	103	0.010	28.1
XP_029032256.1	XP_001122571.3	25.333	75	47	2	151	225	257	322	0.018	25.4
XP_029032257.1	XP_001122571.3	25.333	75	47	2	135	209	257	322	0.014	25.8
XP_029032258.1	XP_001122571.3	25.676	74	46	2	118	191	257	321	0.020	25.4
XP_029032259.1	XP_001122571.3	25.333	75	47	2	85	159	257	322	0.014	25.4
XP_029032324.1	XP_016767396.2	47.619	21	11	0	389	409	201	221	0.043	24.6
XP_029032324.1	XP_001122546.4	47.619	21	11	0	389	409	201	221	0.044	24.6
XP_029032325.1	XP_001122546.4	47.619	21	11	0	376	396	201	221	0.040	24.6
XP_029032325.1	XP_016767396.2	47.619	21	11	0	376	396	201	221	0.042	24.6
XP_029032408.1	XP_016767396.2	23.711	97	65	3	153	246	604	694	0.004	27.3
XP_029032408.1	XP_001122546.4	23.958	96	64	3	154	246	585	674	0.004	27.3
XP_029032409.1	XP_016767396.2	23.958	96	64	3	148	240	605	694	0.003	27.3
XP_029032409.1	XP_001122546.4	23.958	96	64	3	148	240	585	674	0.004	27.3
XP_029032410.1	XP_016767396.2	23.958	96	64	3	121	213	605	694	0.003	27.3
XP_029032410.1	XP_001122546.4	23.958	96	64	3	121	213	585	674	0.004	27.3
XP_029032411.1	XP_016767396.2	23.958	96	64	3	121	213	605	694	0.003	27.3
XP_029032411.1	XP_001122546.4	23.958	96	64	3	121	213	585	674	0.004	27.3
XP_029032578.1	XP_001122546.4	22.642	53	35	1	53	99	142	194	0.019	22.7
XP_029032578.1	XP_016767396.2	22.642	53	35	1	53	99	142	194	0.019	22.7
XP_029032579.1	XP_001122546.4	22.642	53	35	1	53	99	142	194	0.019	22.7
XP_029032579.1	XP_016767396.2	22.642	53	35	1	53	99	142	194	0.019	22.7
XP_029032580.1	XP_001122546.4	22.642	53	35	1	53	99	142	194	0.019	22.7
XP_029032580.1	XP_016767396.2	22.642	53	35	1	53	99	142	194	0.019	22.7
XP_029032581.1	XP_001122546.4	22.642	53	35	1	22	68	142	194	0.009	22.7
XP_029032581.1	XP_016767396.2	22.642	53	35	1	22	68	142	194	0.009	22.3
XP_029032785.1	XP_001122546.4	40.000	30	6	1	473	502	711	728	0.032	25.4
XP_029032785.1	XP_016767396.2	40.000	30	6	1	473	502	731	748	0.035	25.4
XP_029032786.1	XP_001122546.4	40.000	30	6	1	462	491	711	728	0.033	25.4
XP_029032786.1	XP_016767396.2	40.000	30	6	1	462	491	731	748	0.035	25.0
XP_029032787.1	XP_001122546.4	40.000	30	6	1	398	427	711	728	0.033	25.0
XP_029032787.1	XP_016767396.2	40.000	30	6	1	398	427	731	748	0.035	25.0
XP_029032820.1	XP_026296025.1	34.783	23	15	0	108	130	158	180	0.027	22.7
XP_029032820.1	XP_026296028.1	34.783	23	15	0	108	130	146	168	0.028	22.7
XP_029032820.1	XP_026296027.1	34.783	23	15	0	108	130	146	168	0.028	22.7
XP_029032820.1	XP_026296026.1	34.783	23	15	0	108	130	146	168	0.028	22.7
XP_029032960.1	XP_016767396.2	25.490	51	38	0	286	336	472	522	0.030	24.6
XP_029032961.1	XP_016767396.2	25.490	51	38	0	286	336	472	522	0.030	24.6
XP_029032962.1	XP_016767396.2	25.490	51	38	0	265	315	472	522	0.023	25.0
XP_029032985.1	XP_016767396.2	27.027	37	25	1	48	84	231	265	0.023	23.1
XP_029032985.1	XP_001122546.4	27.027	37	25	1	48	84	231	265	0.025	23.1
XP_029032986.1	XP_016767396.2	31.250	32	20	1	53	84	236	265	0.018	23.1
XP_029032986.1	XP_001122546.4	31.250	32	20	1	53	84	236	265	0.018	23.1
XP_029032987.1	XP_001122546.4	27.027	37	25	1	48	84	231	265	0.019	23.1
XP_029032987.1	XP_016767396.2	27.027	37	25	1	48	84	231	265	0.020	23.1
XP_029034041.1	XP_016767396.2	24.771	109	73	4	155	263	98	197	0.009	26.9
XP_029034041.1	XP_001122546.4	24.771	109	73	4	155	263	98	197	0.009	26.9
XP_029034062.1	XP_016767396.2	39.286	28	17	0	67	94	291	318	0.050	23.9
XP_029034065.1	XP_016767396.2	39.286	28	17	0	67	94	291	318	0.049	23.9
XP_029034065.1	XP_001122546.4	39.286	28	17	0	67	94	291	318	0.049	23.9
XP_029034355.1	XP_016767396.2	31.746	126	73	5	290	406	215	336	0.017	26.6
XP_029034355.1	XP_001122546.4	31.746	126	73	5	290	406	215	336	0.018	26.2
XP_029034356.1	XP_016767396.2	31.746	126	73	5	275	391	215	336	0.015	26.6
XP_029034356.1	XP_001122546.4	31.746	126	73	5	275	391	215	336	0.019	26.2
XP_029034357.1	XP_016767396.2	31.746	126	73	5	269	385	215	336	0.013	26.6
XP_029034357.1	XP_001122546.4	31.746	126	73	5	269	385	215	336	0.017	26.2
XP_029034358.1	XP_016767396.2	31.746	126	73	5	269	385	215	336	0.013	26.6
XP_029034358.1	XP_001122546.4	31.746	126	73	5	269	385	215	336	0.017	26.2
XP_029034706.1	XP_001122546.4	34.615	26	17	0	286	311	492	517	0.046	24.6
XP_029034706.1	XP_016767396.2	34.615	26	17	0	286	311	512	537	0.047	24.6
XP_029034707.1	XP_001122546.4	34.615	26	17	0	286	311	492	517	0.046	24.6
XP_029034707.1	XP_016767396.2	34.615	26	17	0	286	311	512	537	0.047	24.6
XP_029034708.1	XP_001122546.4	34.615	26	17	0	286	311	492	517	0.046	24.6
XP_029034708.1	XP_016767396.2	34.615	26	17	0	286	311	512	537	0.047	24.6
XP_029034709.1	XP_001122546.4	34.615	26	17	0	286	311	492	517	0.046	24.6
XP_029034709.1	XP_016767396.2	34.615	26	17	0	286	311	512	537	0.047	24.6
XP_029034710.1	XP_001122546.4	34.615	26	17	0	286	311	492	517	0.046	24.6
XP_029034710.1	XP_016767396.2	34.615	26	17	0	286	311	512	537	0.047	24.6
XP_029034711.1	XP_001122546.4	34.615	26	17	0	286	311	492	517	0.046	24.6
XP_029034711.1	XP_016767396.2	34.615	26	17	0	286	311	512	537	0.047	24.6
XP_029034712.1	XP_016767396.2	25.263	95	53	4	286	373	609	692	0.017	26.2
XP_029034712.1	XP_016767396.2	34.615	26	17	0	286	311	512	537	0.048	24.6
XP_029034712.1	XP_001122546.4	25.263	95	53	4	286	373	589	672	0.019	25.8
XP_029034712.1	XP_001122546.4	34.615	26	17	0	286	311	492	517	0.045	24.6
XP_029034721.1	XP_001122546.4	34.146	41	27	0	172	212	559	599	0.011	26.6
XP_029034721.1	XP_016767396.2	34.146	41	27	0	172	212	579	619	0.012	26.6
XP_029034973.1	XP_001122546.4	25.490	102	56	4	182	271	238	331	0.013	26.9
XP_029034973.1	XP_016767396.2	25.490	102	56	4	182	271	238	331	0.013	26.9
XP_029034974.1	XP_001122546.4	25.490	102	56	4	182	271	238	331	0.013	26.9
XP_029034974.1	XP_016767396.2	25.490	102	56	4	182	271	238	331	0.013	26.9
XP_029034975.1	XP_001122546.4	25.490	102	56	4	182	271	238	331	0.013	26.9
XP_029034975.1	XP_016767396.2	25.490	102	56	4	182	271	238	331	0.013	26.9
XP_029034976.1	XP_001122546.4	25.490	102	56	4	182	271	238	331	0.013	26.9
XP_029034976.1	XP_016767396.2	25.490	102	56	4	182	271	238	331	0.013	26.9
XP_029035363.1	XP_001122546.4	18.182	44	36	0	57	100	345	388	0.017	24.3
XP_029035363.1	XP_016767396.2	18.182	44	36	0	57	100	345	388	0.019	23.9
XP_029035639.1	XP_016767396.2	47.826	23	12	0	76	98	497	519	0.036	21.9
XP_029035641.1	XP_016767396.2	47.826	23	12	0	76	98	497	519	0.038	21.9
XP_029035885.1	XP_026296025.1	96.703	273	7	1	2	272	10	282	0.0	541
XP_029035885.1	XP_026296028.1	97.407	270	5	1	5	272	1	270	0.0	537
XP_029035885.1	XP_026296027.1	97.407	270	5	1	5	272	1	270	0.0	537
XP_029035885.1	XP_026296026.1	97.407	270	5	1	5	272	1	270	0.0	537
XP_029035887.1	XP_026296025.1	97.407	270	5	1	1	268	13	282	0.0	538
XP_029035887.1	XP_026296028.1	97.407	270	5	1	1	268	1	270	0.0	536
XP_029035887.1	XP_026296027.1	97.407	270	5	1	1	268	1	270	0.0	536
XP_029035887.1	XP_026296026.1	97.407	270	5	1	1	268	1	270	0.0	536
XP_029035888.1	XP_001122571.3	39.560	91	50	4	172	260	264	351	1.17e-13	58.9
XP_029035888.1	XP_001122571.3	38.636	44	26	1	5	47	3	46	6.23e-07	38.5
XP_029035928.1	XP_016767396.2	75.769	780	171	5	26	804	14	776	0.0	1175
XP_029035928.1	XP_001122546.4	74.198	779	165	4	26	804	14	756	0.0	1144
XP_029035930.1	XP_016767396.2	76.258	775	171	4	26	799	14	776	0.0	1182
XP_029035930.1	XP_001122546.4	74.677	774	165	3	26	799	14	756	0.0	1152
XP_029035931.1	XP_001122546.4	76.760	753	165	3	26	778	14	756	0.0	1161
XP_029035931.1	XP_016767396.2	74.774	773	165	4	26	778	14	776	0.0	1147
XP_029035932.1	XP_001122546.4	77.273	748	165	2	26	773	14	756	0.0	1168
XP_029035932.1	XP_016767396.2	75.260	768	165	3	26	773	14	776	0.0	1155
XP_029035933.1	XP_016767396.2	76.235	749	163	4	1	748	42	776	0.0	1140
XP_029035933.1	XP_001122546.4	74.599	748	157	3	1	748	42	756	0.0	1111
XP_029035934.1	XP_016767396.2	76.235	749	163	4	1	748	42	776	0.0	1140
XP_029035934.1	XP_001122546.4	74.599	748	157	3	1	748	42	756	0.0	1111
XP_029035935.1	XP_016767396.2	76.235	749	163	4	1	748	42	776	0.0	1140
XP_029035935.1	XP_001122546.4	74.599	748	157	3	1	748	42	756	0.0	1111
XP_029035936.1	XP_016767396.2	76.235	749	163	4	1	748	42	776	0.0	1140
XP_029035936.1	XP_001122546.4	74.599	748	157	3	1	748	42	756	0.0	1111
XP_029035968.1	XP_016767396.2	33.333	33	22	0	128	160	2	34	0.040	24.6
XP_029035968.1	XP_001122546.4	33.333	33	22	0	128	160	2	34	0.041	24.6
XP_029035969.1	XP_016767396.2	33.333	33	22	0	128	160	2	34	0.040	24.6
XP_029035969.1	XP_001122546.4	33.333	33	22	0	128	160	2	34	0.041	24.6
XP_029035970.1	XP_016767396.2	33.333	33	22	0	128	160	2	34	0.040	24.6
XP_029035970.1	XP_001122546.4	33.333	33	22	0	128	160	2	34	0.041	24.6
XP_029035971.1	XP_016767396.2	33.333	33	22	0	103	135	2	34	0.036	24.6
XP_029035971.1	XP_001122546.4	33.333	33	22	0	103	135	2	34	0.038	24.6
XP_029035972.1	XP_016767396.2	33.333	33	22	0	75	107	2	34	0.029	25.0
XP_029035972.1	XP_001122546.4	33.333	33	22	0	75	107	2	34	0.031	24.6
XP_029035973.1	XP_016767396.2	33.333	33	22	0	128	160	2	34	0.035	24.6
XP_029035973.1	XP_001122546.4	33.333	33	22	0	128	160	2	34	0.037	24.6
XP_029036516.1	XP_016767396.2	31.250	64	39	2	409	471	135	194	0.014	26.9
XP_029036516.1	XP_001122546.4	31.250	64	39	2	409	471	135	194	0.015	26.6
XP_029036517.1	XP_016767396.2	31.250	64	39	2	409	471	135	194	0.014	26.9
XP_029036517.1	XP_001122546.4	31.250	64	39	2	409	471	135	194	0.015	26.6
XP_029036518.1	XP_016767396.2	31.250	64	39	2	409	471	135	194	0.015	26.6
XP_029036518.1	XP_001122546.4	31.250	64	39	2	409	471	135	194	0.016	26.6
XP_029036604.1	XP_001122546.4	42.857	21	12	0	270	290	323	343	0.047	24.3
XP_029036606.1	XP_001122546.4	42.857	21	12	0	219	239	323	343	0.042	23.9
XP_029036606.1	XP_016767396.2	42.857	21	12	0	219	239	323	343	0.044	23.9
XP_029036607.1	XP_001122546.4	42.857	21	12	0	219	239	323	343	0.042	23.9
XP_029036607.1	XP_016767396.2	42.857	21	12	0	219	239	323	343	0.044	23.9
XP_029036608.1	XP_001122546.4	42.857	21	12	0	219	239	323	343	0.042	23.9
XP_029036608.1	XP_016767396.2	42.857	21	12	0	219	239	323	343	0.044	23.9
XP_029036696.1	XP_016767396.2	27.473	182	88	7	353	517	512	666	0.002	30.8
XP_029036697.1	XP_016767396.2	27.473	182	88	7	333	497	512	666	0.002	30.8
XP_029036698.1	XP_016767396.2	27.473	182	88	7	332	496	512	666	0.002	30.4
XP_029036699.1	XP_016767396.2	27.473	182	88	7	322	486	512	666	0.002	30.8
XP_029036829.1	XP_016767396.2	32.000	75	35	2	309	379	57	119	0.013	28.1
XP_029036829.1	XP_001122546.4	32.000	75	35	2	309	379	57	119	0.013	28.1
XP_029036830.1	XP_016767396.2	32.000	75	35	2	309	379	57	119	0.013	28.1
XP_029036830.1	XP_001122546.4	32.000	75	35	2	309	379	57	119	0.014	28.1
XP_029036831.1	XP_016767396.2	32.000	75	35	2	309	379	57	119	0.013	28.1
XP_029036831.1	XP_001122546.4	32.000	75	35	2	309	379	57	119	0.014	28.1
XP_029036832.1	XP_016767396.2	32.000	75	35	2	309	379	57	119	0.013	28.1
XP_029036832.1	XP_001122546.4	32.000	75	35	2	309	379	57	119	0.014	28.1
XP_029036909.1	XP_001122546.4	20.800	250	156	10	481	706	304	535	0.007	28.5
XP_029036910.1	XP_001122546.4	20.800	250	156	10	481	706	304	535	0.008	28.1
XP_029036911.1	XP_001122546.4	20.800	250	156	10	481	706	304	535	0.008	28.1
XP_029036912.1	XP_001122546.4	20.800	250	156	10	481	706	304	535	0.009	28.1
XP_029036913.1	XP_001122546.4	20.800	250	156	10	481	706	304	535	0.010	27.7
XP_029036914.1	XP_001122546.4	20.800	250	156	10	481	706	304	535	0.010	27.7
XP_029036993.1	NP_001011607.1	46.154	13	7	0	69	81	57	69	0.018	23.1
XP_029036999.1	NP_001011607.1	46.154	13	7	0	69	81	57	69	0.018	23.1
XP_029037113.1	XP_001122546.4	30.588	85	48	3	831	909	442	521	0.034	26.2
XP_029037179.1	XP_026296028.1	33.333	27	18	0	159	185	226	252	0.032	23.5
XP_029037179.1	XP_026296027.1	33.333	27	18	0	159	185	226	252	0.032	23.5
XP_029037179.1	XP_026296026.1	33.333	27	18	0	159	185	226	252	0.032	23.5
XP_029037179.1	XP_026296025.1	33.333	27	18	0	159	185	238	264	0.034	23.1
XP_029038291.1	XP_026296025.1	29.907	107	53	6	296	383	92	195	5.75e-04	30.4
XP_029038291.1	XP_026296028.1	29.907	107	53	6	296	383	80	183	5.77e-04	30.4
XP_029038291.1	XP_026296027.1	29.907	107	53	6	296	383	80	183	5.77e-04	30.4
XP_029038291.1	XP_026296026.1	29.907	107	53	6	296	383	80	183	5.77e-04	30.4
XP_029038420.1	XP_016767396.2	27.350	117	69	4	463	563	56	172	0.001	31.2
XP_029038420.1	XP_001122546.4	27.350	117	69	4	463	563	56	172	0.001	30.8
XP_029038883.1	XP_001122571.3	43.478	23	13	0	53	75	300	322	0.038	23.1
XP_029038985.1	XP_016767396.2	43.333	30	17	0	16	45	648	677	0.017	24.6
XP_029038985.1	XP_001122546.4	43.333	30	17	0	16	45	628	657	0.017	24.6
XP_029039077.1	XP_016767396.2	31.250	32	22	0	51	82	78	109	0.034	22.3
XP_029039077.1	XP_016767396.2	34.211	38	21	1	46	79	143	180	0.049	21.9
XP_029039077.1	XP_001122546.4	30.952	42	25	1	42	79	139	180	0.048	21.9
XP_029039078.1	XP_016767396.2	31.250	32	22	0	51	82	78	109	0.034	22.3
XP_029039078.1	XP_016767396.2	34.211	38	21	1	46	79	143	180	0.049	21.9
XP_029039078.1	XP_001122546.4	30.952	42	25	1	42	79	139	180	0.048	21.9
XP_029039079.1	XP_016767396.2	31.250	32	22	0	51	82	78	109	0.034	22.3
XP_029039079.1	XP_016767396.2	34.211	38	21	1	46	79	143	180	0.049	21.9
XP_029039079.1	XP_001122546.4	30.952	42	25	1	42	79	139	180	0.048	21.9
XP_029039081.1	XP_016767396.2	31.250	32	22	0	51	82	78	109	0.034	22.3
XP_029039081.1	XP_016767396.2	34.211	38	21	1	46	79	143	180	0.049	21.9
XP_029039081.1	XP_001122546.4	30.952	42	25	1	42	79	139	180	0.048	21.9
XP_029039532.1	XP_016767396.2	25.490	51	38	0	307	357	249	299	0.005	27.7
XP_029039532.1	XP_001122546.4	25.490	51	38	0	307	357	249	299	0.005	27.7
XP_029039596.1	XP_001122546.4	42.424	33	15	1	42	70	396	428	0.032	23.9
XP_029039596.1	XP_016767396.2	42.424	33	15	1	42	70	396	428	0.033	23.5
XP_029039770.1	XP_016767396.2	45.161	31	15	1	380	408	673	703	0.036	25.4
XP_029039770.1	XP_001122546.4	45.161	31	15	1	380	408	653	683	0.037	25.4
XP_029039905.1	XP_016767396.2	29.204	113	62	5	310	411	57	162	0.003	28.9
XP_029039905.1	XP_001122546.4	29.204	113	62	5	310	411	57	162	0.004	28.9
XP_029040032.1	XP_001122546.4	44.828	29	16	0	132	160	603	631	0.026	23.9
XP_029040032.1	XP_016767396.2	44.828	29	16	0	132	160	623	651	0.027	23.9
XP_029040033.1	XP_001122546.4	44.828	29	16	0	132	160	603	631	0.026	23.9
XP_029040033.1	XP_016767396.2	44.828	29	16	0	132	160	623	651	0.027	23.9
XP_029040034.1	XP_001122546.4	44.828	29	16	0	132	160	603	631	0.026	23.9
XP_029040034.1	XP_016767396.2	44.828	29	16	0	132	160	623	651	0.027	23.9
XP_029040035.1	XP_001122546.4	44.828	29	16	0	132	160	603	631	0.026	23.9
XP_029040035.1	XP_016767396.2	44.828	29	16	0	132	160	623	651	0.027	23.9
XP_029040545.1	XP_016767396.2	25.000	124	74	3	247	370	610	714	0.032	26.2
XP_029040545.1	XP_001122546.4	25.000	124	74	3	247	370	590	694	0.036	25.8
XP_029040546.1	XP_016767396.2	25.000	124	74	3	247	370	610	714	0.030	26.2
XP_029040546.1	XP_001122546.4	25.000	124	74	3	247	370	590	694	0.034	26.2
XP_029040568.1	XP_001122571.3	41.667	36	16	2	114	149	317	347	0.041	22.3
XP_029040675.1	XP_001122571.3	37.500	32	20	0	93	124	260	291	0.005	26.2
XP_029040757.1	XP_001122546.4	24.638	69	45	2	24	85	238	306	0.026	23.5
XP_029040757.1	XP_016767396.2	24.638	69	45	2	24	85	238	306	0.027	23.5
XP_029040845.1	XP_001122571.3	22.449	98	67	2	1	98	258	346	0.007	25.8
XP_029040854.1	XP_016767396.2	32.500	40	27	0	44	83	262	301	0.030	21.9
XP_029040854.1	XP_001122546.4	32.500	40	27	0	44	83	262	301	0.030	21.9
XP_029040962.1	XP_001122546.4	23.529	51	34	1	38	88	654	699	0.033	24.3
XP_029040962.1	XP_016767396.2	23.529	51	34	1	38	88	674	719	0.038	23.9
XP_029040963.1	XP_001122546.4	23.529	51	34	1	38	88	654	699	0.033	24.3
XP_029040963.1	XP_016767396.2	23.529	51	34	1	38	88	674	719	0.038	23.9
XP_029040964.1	XP_001122546.4	23.529	51	34	1	38	88	654	699	0.033	24.3
XP_029040964.1	XP_016767396.2	23.529	51	34	1	38	88	674	719	0.038	23.9
XP_029041080.1	XP_016767396.2	28.205	78	51	1	204	281	136	208	0.001	29.6
XP_029041080.1	XP_001122546.4	28.205	78	51	1	204	281	136	208	0.001	29.6
XP_029041081.1	XP_016767396.2	28.205	78	51	1	204	281	136	208	8.86e-04	29.6
XP_029041081.1	XP_001122546.4	28.205	78	51	1	204	281	136	208	0.001	29.6
XP_029041188.1	XP_001122571.3	28.571	70	48	1	101	168	277	346	0.042	25.0
XP_029041199.1	XP_016767396.2	28.485	165	83	8	123	272	37	181	0.002	28.5
XP_029041199.1	XP_001122546.4	28.485	165	83	8	123	272	37	181	0.002	28.1
XP_029041208.1	XP_001122546.4	28.485	165	83	8	102	251	37	181	0.002	27.7
XP_029041208.1	XP_016767396.2	28.485	165	83	8	102	251	37	181	0.003	27.7
XP_029041217.1	XP_016767396.2	28.485	165	83	8	83	232	37	181	0.001	28.5
XP_029041217.1	XP_001122546.4	28.485	165	83	8	83	232	37	181	0.001	28.5
XP_029041276.1	XP_016767396.2	30.000	60	38	2	1089	1144	109	168	0.035	26.9
XP_029041276.1	XP_016767396.2	23.387	124	83	5	1151	1269	54	170	0.044	26.9
XP_029041276.1	XP_001122546.4	30.000	60	38	2	1089	1144	109	168	0.039	26.9
XP_029041277.1	XP_016767396.2	30.000	60	38	2	1089	1144	109	168	0.035	26.9
XP_029041277.1	XP_016767396.2	23.387	124	83	5	1151	1269	54	170	0.044	26.9
XP_029041277.1	XP_001122546.4	30.000	60	38	2	1089	1144	109	168	0.039	26.9
XP_029041278.1	XP_016767396.2	30.000	60	38	2	1089	1144	109	168	0.035	26.9
XP_029041278.1	XP_016767396.2	23.387	124	83	5	1151	1269	54	170	0.044	26.9
XP_029041278.1	XP_001122546.4	30.000	60	38	2	1089	1144	109	168	0.039	26.9
XP_029041351.1	XP_001122546.4	27.749	191	111	9	721	900	495	669	0.015	28.9
XP_029041351.1	XP_016767396.2	27.749	191	111	9	721	900	515	689	0.015	28.9
XP_029041352.1	XP_016767396.2	27.749	191	111	9	721	900	515	689	0.015	28.9
XP_029041352.1	XP_001122546.4	27.749	191	111	9	721	900	495	669	0.016	28.9
XP_029041353.1	XP_016767396.2	27.749	191	111	9	456	635	515	689	0.024	28.1
XP_029041353.1	XP_001122546.4	27.749	191	111	9	456	635	495	669	0.027	27.7
XP_029041354.1	XP_016767396.2	27.749	191	111	9	384	563	515	689	0.026	28.1
XP_029041354.1	XP_001122546.4	27.749	191	111	9	384	563	495	669	0.028	27.7
XP_029041355.1	XP_016767396.2	27.749	191	111	9	721	900	515	689	0.014	28.5
XP_029041355.1	XP_001122546.4	27.749	191	111	9	721	900	495	669	0.014	28.5
XP_029041387.1	XP_001122546.4	25.225	111	69	4	2007	2107	480	586	0.029	28.1
XP_029041679.1	XP_016767396.2	39.474	38	23	0	220	257	273	310	0.035	23.9
XP_029041679.1	XP_001122546.4	39.474	38	23	0	220	257	273	310	0.037	23.9
XP_029041800.1	XP_016767396.2	36.585	41	21	1	578	618	513	548	0.021	27.7
XP_029041800.1	XP_001122546.4	36.585	41	21	1	578	618	493	528	0.021	27.7
XP_029041844.1	XP_016767396.2	25.974	77	47	3	549	622	482	551	0.034	25.8
XP_029041845.1	XP_016767396.2	25.974	77	47	3	549	622	482	551	0.034	25.8
XP_029041847.1	XP_016767396.2	25.974	77	47	3	549	622	482	551	0.034	25.8
XP_029041848.1	XP_016767396.2	25.974	77	47	3	549	622	482	551	0.034	25.8
XP_029041849.1	XP_016767396.2	25.974	77	47	3	545	618	482	551	0.035	25.8
XP_029041904.1	XP_001122546.4	23.373	338	217	12	783	1110	227	532	0.045	26.2
XP_029041905.1	XP_001122546.4	23.373	338	217	12	781	1108	227	532	0.048	26.2
XP_029042007.1	XP_016767396.2	25.287	174	118	4	796	957	204	377	0.001	31.2
XP_029042007.1	XP_001122546.4	25.287	174	118	4	796	957	204	377	0.001	31.2
XP_029042120.1	XP_016767396.2	35.294	51	30	2	116	165	328	376	0.034	23.9
XP_029042120.1	XP_001122546.4	35.294	51	30	2	116	165	328	376	0.034	23.9
XP_029042151.1	XP_016767396.2	25.287	174	118	4	796	957	204	377	0.001	31.2
XP_029042151.1	XP_001122546.4	25.287	174	118	4	796	957	204	377	0.001	31.2
XP_029042200.1	XP_016767396.2	28.571	140	85	5	1049	1178	196	330	0.002	30.4
XP_029042200.1	XP_001122546.4	28.571	140	85	5	1049	1178	196	330	0.002	30.4
XP_029042317.1	XP_001122571.3	28.000	50	36	0	801	850	256	305	0.005	28.5
XP_029042318.1	XP_001122571.3	28.000	50	36	0	940	989	256	305	0.005	28.9
XP_029042811.1	XP_016767396.2	24.390	41	31	0	246	286	79	119	0.027	25.8
XP_029042811.1	XP_001122546.4	24.390	41	31	0	246	286	79	119	0.031	25.8
XP_029042812.1	XP_016767396.2	24.390	41	31	0	191	231	79	119	0.027	25.8
XP_029042812.1	XP_001122546.4	24.390	41	31	0	191	231	79	119	0.030	25.8
XP_029042814.1	XP_016767396.2	24.390	41	31	0	191	231	79	119	0.027	25.8
XP_029042814.1	XP_001122546.4	24.390	41	31	0	191	231	79	119	0.030	25.8
XP_029042815.1	XP_016767396.2	24.390	41	31	0	191	231	79	119	0.027	25.8
XP_029042815.1	XP_001122546.4	24.390	41	31	0	191	231	79	119	0.030	25.8
XP_029042820.1	XP_016767396.2	53.333	15	7	0	314	328	756	770	0.048	24.3
XP_029042820.1	XP_001122546.4	53.333	15	7	0	314	328	736	750	0.048	24.3
XP_029042991.1	XP_016767396.2	33.750	80	35	5	272	350	245	307	0.023	25.8
XP_029042991.1	XP_001122546.4	33.750	80	35	5	272	350	245	307	0.024	25.8
XP_029043060.1	XP_016767396.2	31.746	63	41	2	124	185	697	758	0.019	26.9
XP_029043060.1	XP_001122546.4	31.746	63	41	2	124	185	677	738	0.027	26.2
XP_029043061.1	XP_016767396.2	31.746	63	41	2	124	185	697	758	0.019	26.6
XP_029043061.1	XP_001122546.4	31.746	63	41	2	124	185	677	738	0.027	26.2
XP_029043062.1	XP_016767396.2	31.148	61	40	2	126	185	699	758	0.014	26.9
XP_029043062.1	XP_001122546.4	31.148	61	40	2	126	185	679	738	0.019	26.6
XP_029043063.1	XP_016767396.2	31.148	61	40	2	126	185	699	758	0.014	26.9
XP_029043063.1	XP_001122546.4	31.148	61	40	2	126	185	679	738	0.019	26.6
XP_029043064.1	XP_016767396.2	31.746	63	41	2	9	70	697	758	0.027	26.2
XP_029043064.1	XP_001122546.4	31.746	63	41	2	9	70	677	738	0.038	25.4
XP_029043102.1	XP_016767396.2	20.202	198	136	4	1147	1333	494	680	0.011	28.5
XP_029043104.1	XP_016767396.2	20.202	198	136	4	1120	1306	494	680	0.010	28.5
XP_029043105.1	XP_016767396.2	20.202	198	136	4	1106	1292	494	680	0.010	28.9
XP_029043106.1	XP_016767396.2	20.202	198	136	4	1094	1280	494	680	0.009	28.9
XP_029043107.1	XP_016767396.2	20.202	198	136	4	1147	1333	494	680	0.012	28.1
XP_029043256.1	XP_001122546.4	34.043	47	23	2	9	50	150	193	0.016	27.3
XP_029043256.1	XP_016767396.2	34.043	47	23	2	9	50	150	193	0.018	26.9
XP_029043373.1	XP_016767396.2	30.769	117	57	7	98	214	501	593	0.010	27.3
XP_029043373.1	XP_001122546.4	30.631	111	55	6	104	214	485	573	0.012	27.3
XP_029043374.1	XP_016767396.2	30.769	117	57	7	98	214	501	593	0.011	26.9
XP_029043374.1	XP_001122546.4	30.631	111	55	6	104	214	485	573	0.014	26.6
XP_029043550.1	XP_016767396.2	34.694	49	28	2	115	159	706	754	0.041	23.9
XP_029043550.1	XP_001122546.4	34.694	49	28	2	115	159	686	734	0.045	23.9
XP_029043628.1	XP_016767396.2	37.037	27	17	0	94	120	242	268	0.028	24.3
XP_029043628.1	XP_001122546.4	37.037	27	17	0	94	120	242	268	0.030	23.9
XP_029043812.1	XP_016767396.2	33.333	57	32	1	564	620	53	103	0.028	26.6
XP_029043812.1	XP_001122546.4	33.333	57	32	1	564	620	53	103	0.028	26.6
XP_029043821.1	XP_016767396.2	33.333	57	32	1	564	620	53	103	0.028	26.6
XP_029043821.1	XP_001122546.4	33.333	57	32	1	564	620	53	103	0.028	26.6
XP_029044025.1	XP_026296025.1	40.741	27	15	1	143	168	2	28	0.048	22.3
XP_029044038.1	XP_026296025.1	25.000	52	37	1	86	137	163	212	0.040	25.0
XP_029044038.1	XP_026296028.1	25.000	52	37	1	86	137	151	200	0.045	25.0
XP_029044038.1	XP_026296027.1	25.000	52	37	1	86	137	151	200	0.045	25.0
XP_029044038.1	XP_026296026.1	25.000	52	37	1	86	137	151	200	0.045	25.0
XP_029044206.1	XP_016767396.2	25.281	178	106	5	81	231	506	683	0.012	26.2
XP_029044206.1	XP_001122546.4	25.281	178	106	5	81	231	486	663	0.017	25.8
XP_029044207.1	XP_016767396.2	25.281	178	106	5	81	231	506	683	0.012	26.2
XP_029044207.1	XP_001122546.4	25.281	178	106	5	81	231	486	663	0.017	25.8
XP_029044208.1	XP_016767396.2	25.281	178	106	5	81	231	506	683	0.012	26.2
XP_029044208.1	XP_001122546.4	25.281	178	106	5	81	231	486	663	0.017	25.8
XP_029044703.1	XP_016767396.2	28.458	253	149	9	1495	1724	50	293	5.76e-04	33.1
XP_029044703.1	XP_001122546.4	28.455	246	145	8	1495	1717	50	287	8.90e-04	32.3
XP_029044704.1	XP_016767396.2	28.458	253	149	9	1495	1724	50	293	5.76e-04	33.1
XP_029044704.1	XP_001122546.4	28.455	246	145	8	1495	1717	50	287	8.90e-04	32.3
XP_029044706.1	XP_016767396.2	28.455	246	145	8	1495	1717	50	287	6.10e-04	32.7
XP_029044706.1	XP_001122546.4	28.455	246	145	8	1495	1717	50	287	0.001	32.3
XP_029044707.1	XP_016767396.2	28.458	253	149	9	1487	1716	50	293	5.88e-04	33.1
XP_029044707.1	XP_001122546.4	28.455	246	145	8	1487	1709	50	287	8.79e-04	32.3
XP_029044708.1	XP_016767396.2	28.455	246	145	8	1495	1717	50	287	7.30e-04	32.7
XP_029044708.1	XP_001122546.4	28.455	246	145	8	1495	1717	50	287	0.001	32.3
XP_029044817.1	XP_001122546.4	35.897	39	22	1	171	206	48	86	0.023	24.3
XP_029044817.1	XP_016767396.2	35.897	39	22	1	171	206	48	86	0.024	24.3
XP_029044818.1	XP_001122546.4	35.897	39	22	1	168	203	48	86	0.023	24.3
XP_029044818.1	XP_016767396.2	35.897	39	22	1	168	203	48	86	0.023	24.3
XP_029044900.1	XP_001122546.4	45.455	22	12	0	204	225	365	386	0.024	24.3
XP_029044900.1	XP_016767396.2	45.455	22	12	0	204	225	365	386	0.024	24.3
XP_029044927.1	XP_016767396.2	59.091	22	8	1	88	109	101	121	0.044	25.0
XP_029044927.1	XP_001122546.4	59.091	22	8	1	88	109	101	121	0.045	25.0
XP_029045214.1	XP_001122546.4	40.741	27	16	0	155	181	491	517	0.019	25.8
XP_029045214.1	XP_016767396.2	40.741	27	16	0	155	181	511	537	0.019	25.8
XP_029045361.1	XP_001122571.3	52.000	25	11	1	103	126	35	59	0.049	26.6
XP_029045362.1	XP_001122571.3	52.000	25	11	1	103	126	35	59	0.049	26.6
XP_029045363.1	XP_001122571.3	52.000	25	11	1	103	126	35	59	0.049	26.6
XP_029045364.1	XP_001122571.3	52.000	25	11	1	103	126	35	59	0.033	26.6
XP_029045365.1	XP_001122571.3	52.000	25	11	1	103	126	35	59	0.033	26.6
XP_029045404.1	XP_001122546.4	24.161	149	87	4	304	448	584	710	2.55e-04	31.6
XP_029045404.1	XP_016767396.2	24.161	149	87	4	304	448	604	730	2.94e-04	31.6
XP_029045431.1	XP_016767396.2	40.000	25	15	0	465	489	534	558	0.015	26.9
XP_029045431.1	XP_001122546.4	40.000	25	15	0	465	489	514	538	0.015	26.9
XP_029045523.1	XP_001122546.4	48.148	27	14	0	110	136	645	671	0.020	26.2
XP_029045523.1	XP_016767396.2	48.148	27	14	0	110	136	665	691	0.023	25.8
XP_029045524.1	XP_001122546.4	48.148	27	14	0	110	136	645	671	0.016	26.2
XP_029045524.1	XP_016767396.2	48.148	27	14	0	110	136	665	691	0.019	25.8
XP_029045714.1	XP_026296028.1	35.897	39	24	1	336	373	85	123	0.009	27.3
XP_029045714.1	XP_026296027.1	35.897	39	24	1	336	373	85	123	0.009	27.3
XP_029045714.1	XP_026296026.1	35.897	39	24	1	336	373	85	123	0.009	27.3
XP_029045714.1	XP_026296025.1	35.897	39	24	1	336	373	97	135	0.010	27.3
XP_029045715.1	XP_026296028.1	35.897	39	24	1	336	373	85	123	0.009	27.3
XP_029045715.1	XP_026296027.1	35.897	39	24	1	336	373	85	123	0.009	27.3
XP_029045715.1	XP_026296026.1	35.897	39	24	1	336	373	85	123	0.009	27.3
XP_029045715.1	XP_026296025.1	34.146	41	26	1	336	375	97	137	0.010	27.3
XP_029046107.1	XP_016767396.2	42.308	26	15	0	598	623	501	526	0.027	25.8
XP_029046108.1	XP_016767396.2	42.308	26	15	0	598	623	501	526	0.027	25.8
XP_029046109.1	XP_016767396.2	42.308	26	15	0	598	623	501	526	0.027	25.8
XP_029046111.1	XP_016767396.2	42.308	26	15	0	598	623	501	526	0.027	25.8
XP_029046112.1	XP_016767396.2	42.308	26	15	0	598	623	501	526	0.027	25.8
XP_029046113.1	XP_016767396.2	42.308	26	15	0	562	587	501	526	0.027	25.8
XP_029046172.1	XP_016767396.2	25.000	60	45	0	19	78	537	596	0.008	26.9
XP_029046172.1	XP_001122546.4	25.000	60	45	0	19	78	517	576	0.008	26.9
XP_029046428.1	XP_016767396.2	35.000	80	47	3	310	389	533	607	0.048	24.6
XP_029046510.1	XP_016767396.2	23.944	71	47	1	178	241	50	120	0.021	26.2
XP_029046510.1	XP_001122546.4	23.944	71	47	1	178	241	50	120	0.024	26.2
XP_029046511.1	XP_016767396.2	23.944	71	47	1	178	241	50	120	0.021	26.2
XP_029046511.1	XP_001122546.4	23.944	71	47	1	178	241	50	120	0.024	26.2
XP_029046513.1	XP_016767396.2	23.944	71	47	1	178	241	50	120	0.021	26.2
XP_029046513.1	XP_001122546.4	23.944	71	47	1	178	241	50	120	0.024	26.2
XP_029046522.1	XP_001122546.4	27.273	44	31	1	21	63	372	415	0.048	23.9
XP_029046527.1	XP_001122546.4	25.333	150	94	5	321	458	285	428	0.026	26.6
XP_029046527.1	XP_016767396.2	25.333	150	94	5	321	458	285	428	0.030	26.2
XP_029046633.1	XP_016767396.2	31.944	72	45	1	245	316	567	634	0.007	26.9
XP_029046633.1	XP_001122546.4	31.944	72	45	1	245	316	547	614	0.008	26.9
XP_029046634.1	XP_016767396.2	31.944	72	45	1	224	295	567	634	0.007	26.9
XP_029046634.1	XP_001122546.4	31.944	72	45	1	224	295	547	614	0.007	26.9
XP_029046846.1	XP_001122546.4	32.812	64	39	2	192	255	268	327	0.010	25.8
XP_029046846.1	XP_016767396.2	32.812	64	39	2	192	255	268	327	0.011	25.4
XP_029047393.1	XP_001122546.4	26.667	30	22	0	26	55	397	426	0.041	23.5
XP_029047393.1	XP_016767396.2	26.667	30	22	0	26	55	397	426	0.041	23.5
XP_029047645.1	XP_001122571.3	33.333	27	18	0	40	66	245	271	0.015	23.1
XP_029047646.1	XP_001122571.3	33.333	27	18	0	40	66	245	271	0.010	23.5
XP_029047797.1	XP_016767396.2	38.889	54	30	2	221	272	38	90	0.016	26.2
XP_029047797.1	XP_001122546.4	38.889	54	30	2	221	272	38	90	0.017	26.2
XP_029047798.1	XP_016767396.2	38.889	54	30	2	221	272	38	90	0.016	26.2
XP_029047798.1	XP_001122546.4	38.889	54	30	2	221	272	38	90	0.017	26.2
XP_029047799.1	XP_016767396.2	38.889	54	30	2	221	272	38	90	0.016	26.2
XP_029047799.1	XP_001122546.4	38.889	54	30	2	221	272	38	90	0.017	26.2
XP_029047800.1	XP_001122546.4	38.889	54	30	2	215	266	38	90	0.016	26.2
XP_029047800.1	XP_016767396.2	38.889	54	30	2	215	266	38	90	0.016	26.2
XP_029047801.1	XP_001122546.4	38.889	54	30	2	215	266	38	90	0.016	26.2
XP_029047801.1	XP_016767396.2	38.889	54	30	2	215	266	38	90	0.016	26.2
XP_029047802.1	XP_016767396.2	38.889	54	30	2	210	261	38	90	0.015	26.2
XP_029047802.1	XP_001122546.4	38.889	54	30	2	210	261	38	90	0.016	26.2
XP_029048049.1	XP_016767396.2	34.328	67	38	1	329	389	143	209	0.025	26.2
XP_029048049.1	XP_001122546.4	34.328	67	38	1	329	389	143	209	0.028	26.2
XP_029048050.1	XP_016767396.2	34.328	67	38	1	329	389	143	209	0.025	26.2
XP_029048050.1	XP_001122546.4	34.328	67	38	1	329	389	143	209	0.027	26.2
XP_029048129.1	XP_016767396.2	22.951	61	42	1	224	284	468	523	0.002	28.9
XP_029048130.1	XP_016767396.2	22.951	61	42	1	224	284	468	523	0.002	28.9
XP_029048131.1	XP_016767396.2	22.951	61	42	1	200	260	468	523	0.002	28.9
XP_029048138.1	XP_026296025.1	26.389	72	47	2	191	257	149	219	0.012	26.2
XP_029048138.1	XP_026296028.1	26.389	72	47	2	191	257	137	207	0.013	26.2
XP_029048138.1	XP_026296027.1	26.389	72	47	2	191	257	137	207	0.013	26.2
XP_029048138.1	XP_026296026.1	26.389	72	47	2	191	257	137	207	0.013	26.2
XP_029048398.1	XP_016767396.2	30.189	53	32	1	414	466	30	77	0.006	27.7
XP_029048398.1	XP_001122546.4	30.189	53	32	1	414	466	30	77	0.007	27.3
XP_029048399.1	XP_016767396.2	30.189	53	32	1	379	431	30	77	0.006	27.3
XP_029048399.1	XP_001122546.4	30.189	53	32	1	379	431	30	77	0.007	27.3
XP_029048400.1	XP_016767396.2	30.189	53	32	1	375	427	30	77	0.006	27.7
XP_029048400.1	XP_001122546.4	30.189	53	32	1	375	427	30	77	0.006	27.3
XP_029048402.1	XP_016767396.2	30.189	53	32	1	375	427	30	77	0.006	27.7
XP_029048402.1	XP_001122546.4	30.189	53	32	1	375	427	30	77	0.006	27.3
XP_029048636.1	XP_001122546.4	43.333	30	17	0	505	534	10	39	0.031	26.2
XP_029048636.1	XP_016767396.2	43.333	30	17	0	505	534	10	39	0.035	26.2
XP_029048642.1	XP_016767396.2	31.148	61	38	1	353	413	466	522	0.032	26.2
XP_029048784.1	XP_001122546.4	32.353	68	34	2	270	329	469	532	0.031	25.0
XP_029048785.1	XP_001122546.4	32.353	68	34	2	270	329	469	532	0.033	25.0
XP_029048789.1	XP_001122546.4	32.353	68	34	2	270	329	469	532	0.032	25.0
XP_029048790.1	XP_001122546.4	32.353	68	34	2	270	329	469	532	0.028	25.4
XP_029048791.1	XP_001122546.4	32.353	68	34	2	270	329	469	532	0.033	25.0
XP_029048792.1	XP_001122546.4	32.353	68	34	2	270	329	469	532	0.028	25.4
XP_029049193.1	XP_001122571.3	30.909	55	30	2	138	192	14	60	0.043	24.6
XP_029049421.1	XP_001122546.4	57.143	14	6	0	39	52	336	349	0.039	24.6
XP_029049432.1	XP_016767396.2	48.276	29	15	0	2163	2191	57	85	0.008	29.3
XP_029049432.1	XP_001122546.4	48.276	29	15	0	2163	2191	57	85	0.009	29.3
XP_029049433.1	XP_016767396.2	48.276	29	15	0	1937	1965	57	85	0.007	29.3
XP_029049433.1	XP_001122546.4	48.276	29	15	0	1937	1965	57	85	0.008	29.3
XP_029049435.1	XP_016767396.2	48.276	29	15	0	1937	1965	57	85	0.007	29.3
XP_029049435.1	XP_001122546.4	48.276	29	15	0	1937	1965	57	85	0.008	29.3
XP_029049641.1	XP_016767396.2	29.870	77	52	1	1096	1170	156	232	0.033	26.9
XP_029049641.1	XP_001122546.4	30.556	72	48	1	1101	1170	161	232	0.043	26.6
XP_029049642.1	XP_016767396.2	27.907	86	60	1	1083	1166	147	232	0.028	27.3
XP_029049642.1	XP_001122546.4	27.907	86	60	1	1083	1166	147	232	0.039	26.9
XP_029049643.1	XP_016767396.2	29.870	77	52	1	1096	1170	156	232	0.033	26.9
XP_029049643.1	XP_001122546.4	29.870	77	52	1	1096	1170	156	232	0.044	26.6
XP_029049644.1	XP_016767396.2	29.870	77	52	1	1070	1144	156	232	0.035	26.9
XP_029049644.1	XP_001122546.4	30.556	72	48	1	1075	1144	161	232	0.044	26.6
XP_029049878.1	XP_001122546.4	27.368	95	56	3	624	710	347	436	0.026	26.2
XP_029049878.1	XP_016767396.2	27.368	95	56	3	624	710	347	436	0.027	26.2
XP_029049879.1	XP_001122546.4	27.368	95	56	3	624	710	347	436	0.026	26.2
XP_029049879.1	XP_016767396.2	27.368	95	56	3	624	710	347	436	0.027	26.2
XP_029050145.1	XP_016767396.2	31.481	54	28	2	708	757	244	292	0.026	26.2
XP_029050145.1	XP_001122546.4	31.481	54	28	2	708	757	244	292	0.027	26.2
XP_029050399.1	XP_001122546.4	26.250	160	91	9	853	992	594	746	0.017	26.9
XP_029050399.1	XP_016767396.2	26.250	160	91	9	853	992	614	766	0.021	26.9
XP_029050625.1	XP_016767396.2	20.833	96	50	3	81	159	572	658	0.018	26.2
XP_029050625.1	XP_001122546.4	20.833	96	50	3	81	159	552	638	0.018	26.2
XP_029050766.1	XP_001122546.4	27.273	121	74	3	427	536	198	315	0.012	26.9
XP_029050766.1	XP_016767396.2	27.273	121	74	3	427	536	198	315	0.013	26.9
XP_029050767.1	XP_001122546.4	27.273	121	74	3	427	536	198	315	0.012	26.9
XP_029050767.1	XP_016767396.2	27.273	121	74	3	427	536	198	315	0.013	26.9
XP_029050768.1	XP_001122546.4	27.273	121	74	3	394	503	198	315	0.010	27.3
XP_029050768.1	XP_016767396.2	27.273	121	74	3	394	503	198	315	0.012	26.9
XP_029050769.1	XP_001122546.4	27.273	121	74	3	393	502	198	315	0.009	27.3
XP_029050769.1	XP_016767396.2	27.273	121	74	3	393	502	198	315	0.009	27.3
XP_029050805.1	XP_016767396.2	26.829	82	52	3	658	738	101	175	0.021	26.6
XP_029050805.1	XP_001122546.4	26.829	82	52	3	658	738	101	175	0.022	26.2
XP_029050805.1	XP_001122546.4	27.778	72	37	3	151	207	447	518	0.029	25.8
XP_029050806.1	XP_016767396.2	23.810	84	62	1	107	188	607	690	0.006	25.8
XP_029050806.1	XP_001122546.4	23.810	84	62	1	107	188	587	670	0.006	25.8
XP_029050812.1	XP_016767396.2	26.829	82	52	3	640	720	101	175	0.018	26.6
XP_029050812.1	XP_001122546.4	26.829	82	52	3	640	720	101	175	0.019	26.6
XP_029050812.1	XP_001122546.4	27.778	72	37	3	151	207	447	518	0.029	25.8
XP_029050820.1	XP_016767396.2	26.829	82	52	3	638	718	101	175	0.016	26.6
XP_029050820.1	XP_001122546.4	26.829	82	52	3	638	718	101	175	0.018	26.6
XP_029050820.1	XP_001122546.4	27.778	72	37	3	131	187	447	518	0.028	25.8
XP_029050828.1	XP_016767396.2	26.829	82	52	3	638	718	101	175	0.016	26.6
XP_029050828.1	XP_001122546.4	26.829	82	52	3	638	718	101	175	0.018	26.6
XP_029050828.1	XP_001122546.4	27.778	72	37	3	131	187	447	518	0.028	25.8
XP_029050834.1	XP_016767396.2	26.829	82	52	3	638	718	101	175	0.016	26.6
XP_029050834.1	XP_001122546.4	26.829	82	52	3	638	718	101	175	0.018	26.6
XP_029050834.1	XP_001122546.4	27.778	72	37	3	131	187	447	518	0.028	25.8
XP_029050840.1	XP_016767396.2	26.829	82	52	3	638	718	101	175	0.016	26.6
XP_029050840.1	XP_001122546.4	26.829	82	52	3	638	718	101	175	0.018	26.6
XP_029050840.1	XP_001122546.4	27.778	72	37	3	131	187	447	518	0.028	25.8
XP_029050849.1	XP_016767396.2	26.829	82	52	3	638	718	101	175	0.016	26.6
XP_029050849.1	XP_001122546.4	26.829	82	52	3	638	718	101	175	0.018	26.6
XP_029050849.1	XP_001122546.4	27.778	72	37	3	131	187	447	518	0.028	25.8
XP_029050857.1	XP_016767396.2	26.829	82	52	3	638	718	101	175	0.016	26.6
XP_029050857.1	XP_001122546.4	26.829	82	52	3	638	718	101	175	0.018	26.6
XP_029050857.1	XP_001122546.4	27.778	72	37	3	131	187	447	518	0.028	25.8
XP_029050861.1	XP_016767396.2	26.829	82	52	3	607	687	101	175	0.016	26.6
XP_029050861.1	XP_001122546.4	26.829	82	52	3	607	687	101	175	0.017	26.6
XP_029050861.1	XP_001122546.4	27.778	72	37	3	151	207	447	518	0.030	25.8
XP_029050871.1	XP_016767396.2	26.829	82	52	3	605	685	101	175	0.018	26.6
XP_029050871.1	XP_001122546.4	26.829	82	52	3	605	685	101	175	0.019	26.6
XP_029050871.1	XP_001122546.4	27.778	72	37	3	98	154	447	518	0.030	25.8
XP_029050872.1	XP_016767396.2	25.581	43	32	0	138	180	631	673	0.011	24.6
XP_029050872.1	XP_001122546.4	25.581	43	32	0	138	180	611	653	0.012	24.6
XP_029050878.1	XP_016767396.2	26.829	82	52	3	605	685	101	175	0.018	26.6
XP_029050878.1	XP_001122546.4	26.829	82	52	3	605	685	101	175	0.019	26.6
XP_029050878.1	XP_001122546.4	27.778	72	37	3	98	154	447	518	0.030	25.8
XP_029050887.1	XP_016767396.2	26.829	82	52	3	589	669	101	175	0.013	26.9
XP_029050887.1	XP_001122546.4	26.829	82	52	3	589	669	101	175	0.014	26.9
XP_029050887.1	XP_001122546.4	27.778	72	37	3	151	207	447	518	0.028	25.8
XP_029050889.1	XP_026296025.1	23.684	76	39	2	59	134	77	133	0.020	25.4
XP_029050889.1	XP_026296028.1	23.684	76	39	2	59	134	65	121	0.022	25.0
XP_029050889.1	XP_026296027.1	23.684	76	39	2	59	134	65	121	0.022	25.0
XP_029050889.1	XP_026296026.1	23.684	76	39	2	59	134	65	121	0.022	25.0
XP_029050925.1	XP_001122546.4	26.000	100	60	5	118	209	320	413	0.006	25.8
XP_029050925.1	XP_016767396.2	26.000	100	60	5	118	209	320	413	0.006	25.8
XP_029050926.1	XP_001122546.4	26.000	100	60	5	118	209	320	413	0.006	25.8
XP_029050926.1	XP_016767396.2	26.000	100	60	5	118	209	320	413	0.006	25.8
XP_029050928.1	XP_016767396.2	26.000	100	60	5	97	188	320	413	0.014	24.6
XP_029050928.1	XP_001122546.4	26.000	100	60	5	97	188	320	413	0.014	24.6
XP_029050929.1	XP_016767396.2	26.000	100	60	5	97	188	320	413	0.014	24.6
XP_029050929.1	XP_001122546.4	26.000	100	60	5	97	188	320	413	0.014	24.6
XP_029050930.1	XP_016767396.2	26.000	100	60	5	97	188	320	413	0.014	24.6
XP_029050930.1	XP_001122546.4	26.000	100	60	5	97	188	320	413	0.014	24.6
XP_029051099.1	XP_001122571.3	33.333	63	34	3	84	143	291	348	1.70e-04	29.6
XP_029051289.1	XP_001122546.4	37.097	62	28	3	2	63	164	214	0.040	24.6
XP_029051289.1	XP_016767396.2	37.097	62	28	3	2	63	164	214	0.041	24.6
XP_029051525.1	XP_001122546.4	25.654	191	130	4	538	728	362	540	0.004	29.3
XP_029051569.1	XP_016767396.2	25.926	216	111	5	2703	2877	132	339	5.79e-06	40.4
XP_029051569.1	XP_001122546.4	25.926	216	111	5	2703	2877	132	339	5.95e-06	40.4
XP_029051570.1	XP_001122546.4	25.926	216	111	5	2690	2864	132	339	5.63e-06	40.4
XP_029051570.1	XP_016767396.2	25.926	216	111	5	2690	2864	132	339	6.22e-06	40.4
XP_029051571.1	XP_001122546.4	25.926	216	111	5	2676	2850	132	339	5.42e-06	40.4
XP_029051571.1	XP_016767396.2	25.926	216	111	5	2676	2850	132	339	5.84e-06	40.4
XP_029051572.1	XP_001122546.4	25.926	216	111	5	2647	2821	132	339	5.71e-06	40.4
XP_029051572.1	XP_016767396.2	25.926	216	111	5	2647	2821	132	339	5.89e-06	40.4
XP_029051573.1	XP_001122546.4	25.926	216	111	5	2633	2807	132	339	5.40e-06	40.4
XP_029051573.1	XP_016767396.2	25.926	216	111	5	2633	2807	132	339	5.67e-06	40.4
XP_029051612.1	XP_016767396.2	28.261	46	33	0	712	757	490	535	0.005	28.9
XP_029051613.1	XP_016767396.2	28.261	46	33	0	712	757	490	535	0.005	28.9
XP_029051614.1	XP_016767396.2	28.261	46	33	0	685	730	490	535	0.005	29.3
XP_029051615.1	XP_016767396.2	28.261	46	33	0	589	634	490	535	0.006	28.9
XP_029051689.1	XP_016767396.2	47.826	23	12	0	76	98	497	519	0.036	21.9
XP_029051757.1	XP_016767396.2	33.333	54	30	2	335	382	497	550	0.026	26.2
XP_029051757.1	XP_001122546.4	33.333	51	32	1	334	382	480	530	0.034	25.8
XP_029051820.1	XP_016767396.2	42.000	50	24	2	133	177	573	622	0.015	25.8
XP_029051820.1	XP_001122546.4	42.000	50	24	2	133	177	553	602	0.016	25.8
XP_029051822.1	XP_001122546.4	42.000	50	24	2	98	142	553	602	0.012	25.8
XP_029051822.1	XP_016767396.2	42.000	50	24	2	98	142	573	622	0.013	25.8
XP_029051823.1	XP_001122546.4	42.000	50	24	2	133	177	553	602	0.018	25.4
XP_029051823.1	XP_016767396.2	42.000	50	24	2	133	177	573	622	0.018	25.4
XP_029051825.1	XP_001122546.4	42.000	50	24	2	133	177	553	602	0.014	25.8
XP_029051825.1	XP_016767396.2	42.000	50	24	2	133	177	573	622	0.015	25.8
XP_029051993.1	XP_016767396.2	47.826	23	12	0	76	98	497	519	0.036	21.9
XP_029052186.1	XP_016767396.2	32.609	46	26	1	44	84	570	615	0.005	27.7
XP_029052186.1	XP_001122546.4	32.609	46	26	1	44	84	550	595	0.006	27.7
XP_029052187.1	XP_016767396.2	32.609	46	26	1	44	84	570	615	0.005	27.7
XP_029052187.1	XP_001122546.4	32.609	46	26	1	44	84	550	595	0.006	27.7
XP_029052486.1	XP_016767396.2	27.848	79	48	3	221	298	504	574	0.005	26.9
XP_029052486.1	XP_001122546.4	28.333	60	38	2	240	298	499	554	0.005	26.9
XP_029052487.1	XP_016767396.2	27.848	79	48	3	221	298	504	574	0.005	26.9
XP_029052487.1	XP_001122546.4	28.333	60	38	2	240	298	499	554	0.005	26.9
XP_029052488.1	XP_016767396.2	28.333	60	38	2	172	230	519	574	0.015	25.0
XP_029052488.1	XP_001122546.4	28.333	60	38	2	172	230	499	554	0.016	24.6
XP_029052489.1	XP_016767396.2	28.333	60	38	2	104	162	519	574	0.035	23.1
XP_029052489.1	XP_001122546.4	28.333	60	38	2	104	162	499	554	0.040	22.7
XP_029052573.1	XP_016767396.2	30.233	43	30	0	124	166	58	100	0.049	23.1
XP_029052945.1	XP_016767396.2	21.212	66	43	2	36	101	198	254	0.050	21.9
XP_029053230.1	XP_016767396.2	30.357	56	31	1	261	308	410	465	0.013	26.2
XP_029053230.1	XP_001122546.4	30.357	56	31	1	261	308	410	465	0.015	25.8
XP_029053231.1	XP_016767396.2	30.357	56	31	1	261	308	410	465	0.013	26.2
XP_029053231.1	XP_001122546.4	30.357	56	31	1	261	308	410	465	0.015	25.8
XP_029053298.1	XP_016767396.2	23.077	52	40	0	222	273	490	541	0.016	25.8
XP_029053363.1	XP_001122571.3	28.261	46	33	0	138	183	2	47	0.042	25.0
XP_029053373.1	XP_016767396.2	47.826	23	12	0	76	98	497	519	0.036	21.9
XP_029053459.1	XP_016767396.2	47.826	23	12	0	76	98	497	519	0.036	21.9
XP_029053460.1	XP_016767396.2	47.826	23	12	0	76	98	497	519	0.036	21.9
XP_029053475.1	XP_001122546.4	24.074	108	67	3	78	177	413	513	0.014	25.0
XP_029053620.1	XP_016767396.2	36.957	46	26	3	45	87	424	469	0.004	27.3
XP_029053620.1	XP_001122546.4	36.957	46	26	3	45	87	424	469	0.004	27.3
XP_029053621.1	XP_016767396.2	36.957	46	26	3	45	87	424	469	0.004	27.3
XP_029053621.1	XP_001122546.4	36.957	46	26	3	45	87	424	469	0.004	27.3
XP_029053750.1	XP_001122546.4	24.359	78	49	2	944	1021	255	322	0.023	26.6
XP_029053750.1	XP_016767396.2	24.359	78	49	2	944	1021	255	322	0.025	26.6
XP_029053799.1	XP_001122546.4	30.909	110	57	5	648	747	449	549	0.021	26.6
XP_029053800.1	XP_001122546.4	30.909	110	57	5	647	746	449	549	0.022	26.6
XP_029053852.1	XP_001122546.4	27.848	79	52	2	135	208	431	509	0.017	25.8
XP_029053901.1	XP_001122546.4	27.848	79	52	2	135	208	431	509	0.017	25.8
XP_029053935.1	XP_001122546.4	33.333	27	18	0	24	50	321	347	0.045	23.1
XP_029053935.1	XP_016767396.2	33.333	27	18	0	24	50	321	347	0.046	23.1
XP_029053959.1	XP_016767396.2	47.826	23	12	0	76	98	497	519	0.036	21.9
XP_029053960.1	XP_016767396.2	47.826	23	12	0	76	98	497	519	0.038	21.9
XP_029053963.1	XP_001122546.4	27.848	79	52	2	135	208	431	509	0.017	25.8
XP_029054021.1	XP_001122546.4	27.848	79	52	2	135	208	431	509	0.017	25.8
XP_029054077.1	XP_026296028.1	34.091	44	21	1	407	450	68	103	0.005	27.3
XP_029054077.1	XP_026296027.1	34.091	44	21	1	407	450	68	103	0.005	27.3
XP_029054077.1	XP_026296026.1	34.091	44	21	1	407	450	68	103	0.005	27.3
XP_029054077.1	XP_026296025.1	34.091	44	21	1	407	450	80	115	0.006	26.9
XP_029054225.1	XP_001122546.4	32.203	59	21	1	45	84	305	363	0.034	21.6
XP_029054225.1	XP_016767396.2	32.203	59	21	1	45	84	305	363	0.041	21.6
XP_029054327.1	XP_016767396.2	26.733	101	60	3	403	495	274	368	0.022	25.8
XP_029054327.1	XP_001122546.4	27.000	100	59	3	404	495	275	368	0.023	25.8
XP_029054347.1	XP_001122546.4	24.432	176	107	8	392	563	63	216	0.007	27.7
XP_029054347.1	XP_001122546.4	31.034	29	20	0	14	42	379	407	0.038	25.4
XP_029054347.1	XP_016767396.2	24.432	176	107	8	392	563	63	216	0.008	27.3
XP_029054347.1	XP_016767396.2	31.034	29	20	0	14	42	379	407	0.036	25.4
XP_029054392.1	XP_001122546.4	45.455	22	12	0	24	45	456	477	0.034	23.5
XP_029054392.1	XP_016767396.2	45.455	22	12	0	24	45	456	477	0.038	23.1
XP_029054397.1	XP_001122546.4	45.455	22	12	0	24	45	456	477	0.034	23.5
XP_029054397.1	XP_016767396.2	45.455	22	12	0	24	45	456	477	0.038	23.1
XP_029054400.1	XP_001122546.4	45.455	22	12	0	24	45	456	477	0.031	23.5
XP_029054400.1	XP_016767396.2	45.455	22	12	0	24	45	456	477	0.035	23.1
XP_029054558.1	XP_016767396.2	30.000	40	28	0	104	143	510	549	0.012	24.6
XP_029054558.1	XP_001122546.4	30.000	40	28	0	104	143	490	529	0.013	24.3
XP_029054802.1	XP_016767396.2	26.263	99	52	3	162	260	625	702	0.021	27.3
XP_029054802.1	XP_001122546.4	26.263	99	52	3	162	260	605	682	0.023	27.3
XP_029054941.1	XP_016767396.2	31.707	41	27	1	137	177	283	322	0.023	24.6
XP_029054941.1	XP_001122546.4	31.707	41	27	1	137	177	283	322	0.023	24.6
XP_029054966.1	XP_016767396.2	47.826	23	12	0	76	98	497	519	0.036	21.9
XP_029055135.1	XP_016767396.2	30.556	36	25	0	325	360	360	395	0.033	25.0
XP_029055135.1	XP_001122546.4	30.556	36	25	0	325	360	360	395	0.035	25.0
XP_029055162.1	XP_026296028.1	55.556	18	8	0	254	271	68	85	0.024	24.3
XP_029055162.1	XP_026296027.1	55.556	18	8	0	254	271	68	85	0.024	24.3
XP_029055162.1	XP_026296026.1	55.556	18	8	0	254	271	68	85	0.024	24.3
XP_029055162.1	XP_026296025.1	55.556	18	8	0	254	271	80	97	0.027	24.3
XP_029055178.1	XP_026296028.1	55.556	18	8	0	305	322	68	85	0.026	24.6
XP_029055178.1	XP_026296027.1	55.556	18	8	0	305	322	68	85	0.026	24.6
XP_029055178.1	XP_026296026.1	55.556	18	8	0	305	322	68	85	0.026	24.6
XP_029055178.1	XP_026296025.1	55.556	18	8	0	305	322	80	97	0.029	24.3
XP_029055222.1	XP_016767396.2	30.556	36	25	0	325	360	360	395	0.034	25.0
XP_029055222.1	XP_001122546.4	30.556	36	25	0	325	360	360	395	0.035	25.0
XP_029055468.1	XP_001122546.4	27.848	79	52	2	135	208	431	509	0.017	25.8
XP_029055476.1	XP_001122546.4	27.848	79	52	2	135	208	431	509	0.017	25.8
XP_029055485.1	XP_001122546.4	27.848	79	52	2	135	208	431	509	0.017	25.8
XP_029055494.1	XP_001122546.4	27.848	79	52	2	135	208	431	509	0.017	25.8
XP_029055522.1	XP_016767396.2	34.286	35	23	0	1264	1298	274	308	0.047	26.6
XP_029055611.1	XP_016767396.2	20.870	115	75	3	69	183	625	723	0.005	26.2
XP_029055611.1	XP_001122546.4	20.870	115	75	3	69	183	605	703	0.005	26.2
XP_029055744.1	XP_001122546.4	23.047	256	147	7	107	344	92	315	0.005	30.0
XP_029055744.1	XP_001122546.4	25.342	146	108	1	907	1051	184	329	0.016	28.1
XP_029055744.1	XP_016767396.2	23.047	256	147	7	107	344	92	315	0.005	29.6
XP_029055744.1	XP_016767396.2	25.342	146	108	1	907	1051	184	329	0.016	28.1
XP_029055888.1	XP_026296028.1	38.462	26	16	0	420	445	179	204	0.025	25.4
XP_029055888.1	XP_026296027.1	38.462	26	16	0	420	445	179	204	0.025	25.4
XP_029055888.1	XP_026296026.1	38.462	26	16	0	420	445	179	204	0.025	25.4
XP_029055888.1	XP_026296025.1	38.462	26	16	0	420	445	191	216	0.031	25.0
XP_029055889.1	XP_026296028.1	38.462	26	16	0	420	445	179	204	0.025	25.4
XP_029055889.1	XP_026296027.1	38.462	26	16	0	420	445	179	204	0.025	25.4
XP_029055889.1	XP_026296026.1	38.462	26	16	0	420	445	179	204	0.025	25.4
XP_029055889.1	XP_026296025.1	38.462	26	16	0	420	445	191	216	0.031	25.0
XP_029055890.1	XP_026296028.1	38.462	26	16	0	420	445	179	204	0.025	25.4
XP_029055890.1	XP_026296027.1	38.462	26	16	0	420	445	179	204	0.025	25.4
XP_029055890.1	XP_026296026.1	38.462	26	16	0	420	445	179	204	0.025	25.4
XP_029055890.1	XP_026296025.1	38.462	26	16	0	420	445	191	216	0.031	25.0
XP_029055892.1	XP_026296028.1	38.462	26	16	0	341	366	179	204	0.025	25.4
XP_029055892.1	XP_026296027.1	38.462	26	16	0	341	366	179	204	0.025	25.4
XP_029055892.1	XP_026296026.1	38.462	26	16	0	341	366	179	204	0.025	25.4
XP_029055892.1	XP_026296025.1	38.462	26	16	0	341	366	191	216	0.029	25.0
XP_029055915.1	XP_016767396.2	22.078	77	59	1	96	171	138	214	0.004	25.8
XP_029055915.1	XP_001122546.4	22.078	77	59	1	96	171	138	214	0.004	25.8
XP_029055916.1	XP_016767396.2	22.078	77	59	1	96	171	138	214	0.004	25.8
XP_029055916.1	XP_001122546.4	22.078	77	59	1	96	171	138	214	0.004	25.8
XP_029056280.1	XP_001122546.4	21.304	230	131	8	57	277	438	626	0.002	29.6
XP_029056280.1	XP_016767396.2	21.519	237	142	9	57	277	438	646	0.007	27.3
XP_029056281.1	XP_001122546.4	20.000	230	129	8	57	272	438	626	0.040	25.0
XP_029056282.1	XP_001122546.4	20.614	228	131	8	57	275	438	624	0.032	25.4
XP_029056284.1	XP_001122546.4	21.304	230	131	8	31	251	438	626	0.001	29.6
XP_029056284.1	XP_016767396.2	21.519	237	142	9	31	251	438	646	0.005	27.7
XP_029056285.1	XP_001122546.4	21.304	230	131	8	57	277	438	626	0.001	29.6
XP_029056285.1	XP_016767396.2	21.519	237	142	9	57	277	438	646	0.005	27.7
XP_029056286.1	XP_001122546.4	20.614	228	131	8	57	275	438	624	0.026	25.4
XP_029056310.1	XP_001122546.4	21.304	230	131	8	57	277	438	626	0.002	29.6
XP_029056310.1	XP_016767396.2	21.519	237	142	9	57	277	438	646	0.007	27.3
XP_029056311.1	XP_001122546.4	20.000	230	129	8	57	272	438	626	0.040	25.0
XP_029056312.1	XP_001122546.4	20.614	228	131	8	57	275	438	624	0.032	25.4
XP_029056313.1	XP_001122546.4	21.304	230	131	8	31	251	438	626	0.001	29.6
XP_029056313.1	XP_016767396.2	21.519	237	142	9	31	251	438	646	0.005	27.7
XP_029056658.1	XP_016767396.2	38.462	26	16	0	54	79	151	176	0.006	27.7
XP_029056658.1	XP_001122546.4	38.462	26	16	0	54	79	151	176	0.006	27.7
XP_029056659.1	XP_016767396.2	38.462	26	16	0	51	76	151	176	0.006	27.7
XP_029056659.1	XP_001122546.4	38.462	26	16	0	51	76	151	176	0.006	27.7
