XP_015171191.1	XP_016767396.2	50.000	18	9	0	98	115	752	769	0.019	23.9
XP_015171191.1	XP_001122546.4	50.000	18	9	0	98	115	732	749	0.020	23.5
XP_015171265.1	XP_001122546.4	26.437	87	61	1	167	253	278	361	0.030	24.3
XP_015171265.1	XP_016767396.2	26.437	87	61	1	167	253	278	361	0.034	24.3
XP_015171684.1	XP_001122546.4	23.148	108	68	3	78	177	413	513	0.044	23.5
XP_015171685.1	XP_001122546.4	23.148	108	68	3	78	177	413	513	0.044	23.5
XP_015171983.1	XP_026296025.1	94.834	271	12	1	61	329	12	282	4.64e-166	454
XP_015171983.1	XP_026296028.1	95.185	270	11	1	62	329	1	270	5.68e-166	453
XP_015171983.1	XP_026296027.1	95.185	270	11	1	62	329	1	270	5.68e-166	453
XP_015171983.1	XP_026296026.1	95.185	270	11	1	62	329	1	270	5.68e-166	453
XP_015171984.1	XP_026296025.1	93.525	278	12	2	1	272	5	282	4.25e-168	456
XP_015171984.1	XP_026296028.1	96.226	265	10	0	8	272	6	270	3.28e-167	454
XP_015171984.1	XP_026296027.1	96.226	265	10	0	8	272	6	270	3.28e-167	454
XP_015171984.1	XP_026296026.1	96.226	265	10	0	8	272	6	270	3.28e-167	454
XP_015171985.1	XP_026296025.1	96.226	265	10	0	4	268	18	282	2.34e-167	454
XP_015171985.1	XP_026296028.1	96.226	265	10	0	4	268	6	270	3.98e-167	453
XP_015171985.1	XP_026296027.1	96.226	265	10	0	4	268	6	270	3.98e-167	453
XP_015171985.1	XP_026296026.1	96.226	265	10	0	4	268	6	270	3.98e-167	453
XP_015172128.1	XP_001122546.4	74.674	766	181	5	32	796	3	756	0.0	1133
XP_015172128.1	XP_016767396.2	72.774	786	181	6	32	796	3	776	0.0	1120
XP_015172277.1	XP_001122546.4	29.630	54	31	1	230	283	41	87	0.012	25.8
XP_015172277.1	XP_016767396.2	29.630	54	31	1	230	283	41	87	0.012	25.8
XP_015172278.1	XP_001122546.4	29.630	54	31	1	218	271	41	87	0.011	25.8
XP_015172278.1	XP_016767396.2	29.630	54	31	1	218	271	41	87	0.011	25.8
XP_015172475.1	XP_016767396.2	28.205	78	51	1	207	284	136	208	8.45e-04	30.0
XP_015172475.1	XP_001122546.4	28.205	78	51	1	207	284	136	208	0.001	29.6
XP_015172534.1	XP_001122546.4	20.652	276	152	13	967	1191	402	661	0.007	29.3
XP_015172535.1	XP_001122546.4	20.652	276	152	13	963	1187	402	661	0.007	29.3
XP_015172536.1	XP_001122546.4	20.652	276	152	13	911	1135	402	661	0.007	28.9
XP_015172537.1	XP_001122546.4	20.652	276	152	13	712	936	402	661	0.003	30.0
XP_015172538.1	XP_001122546.4	20.652	276	152	13	699	923	402	661	0.008	28.5
XP_015172634.1	XP_016767396.2	47.826	23	12	0	76	98	497	519	0.036	21.9
XP_015172641.1	XP_001122546.4	26.190	84	55	2	125	207	590	667	0.037	25.0
XP_015172641.1	XP_016767396.2	26.190	84	55	2	125	207	610	687	0.047	24.6
XP_015172645.1	XP_016767396.2	47.826	23	12	0	76	98	497	519	0.036	21.9
XP_015172653.1	XP_026296028.1	54.545	22	10	0	43	64	33	54	0.045	24.3
XP_015172653.1	XP_026296027.1	54.545	22	10	0	43	64	33	54	0.045	24.3
XP_015172653.1	XP_026296026.1	54.545	22	10	0	43	64	33	54	0.045	24.3
XP_015172653.1	XP_026296025.1	54.545	22	10	0	43	64	45	66	0.050	24.3
XP_015172670.1	XP_016767396.2	27.027	74	42	2	3558	3619	33	106	0.037	28.1
XP_015172670.1	XP_001122546.4	27.027	74	42	2	3558	3619	33	106	0.043	28.1
XP_015172794.1	XP_001122546.4	26.389	72	52	1	78	149	624	694	0.048	23.5
XP_015172794.1	XP_016767396.2	26.389	72	52	1	78	149	644	714	0.048	23.5
XP_015173012.1	XP_016767396.2	24.167	120	84	3	181	299	10	123	0.025	26.6
XP_015173012.1	XP_001122546.4	25.758	66	48	1	181	245	10	75	0.026	26.2
XP_015173091.1	XP_016767396.2	30.556	72	35	4	337	407	313	370	2.37e-04	32.0
XP_015173091.1	XP_001122546.4	30.556	72	35	4	337	407	313	370	2.47e-04	32.0
XP_015173435.1	XP_001122546.4	42.857	35	17	1	146	177	568	602	0.034	24.6
XP_015173435.1	XP_016767396.2	40.000	50	25	2	133	177	573	622	0.038	24.3
XP_015173437.1	XP_001122546.4	42.857	35	17	1	146	177	568	602	0.031	24.6
XP_015173437.1	XP_016767396.2	42.857	35	17	1	146	177	588	622	0.033	24.6
XP_015173438.1	XP_001122546.4	42.857	35	17	1	146	177	568	602	0.036	24.3
XP_015173438.1	XP_016767396.2	42.857	35	17	1	146	177	588	622	0.040	24.3
XP_015173439.1	XP_001122546.4	42.857	35	17	1	146	177	568	602	0.036	24.3
XP_015173439.1	XP_016767396.2	42.857	35	17	1	146	177	588	622	0.039	24.3
XP_015173444.1	XP_001122546.4	42.857	35	17	1	146	177	568	602	0.033	24.3
XP_015173444.1	XP_016767396.2	42.857	35	17	1	146	177	588	622	0.038	24.3
XP_015173807.1	XP_016767396.2	34.615	26	17	0	46	71	151	176	0.040	25.0
XP_015173807.1	XP_001122546.4	34.615	26	17	0	46	71	151	176	0.041	25.0
XP_015173852.1	NP_001011607.1	42.308	26	14	1	69	93	44	69	0.011	23.9
XP_015173853.1	NP_001011607.1	42.308	26	14	1	69	93	44	69	0.011	23.9
XP_015173854.1	NP_001011607.1	42.308	26	14	1	69	93	44	69	0.011	23.9
XP_015174044.1	XP_001122546.4	26.190	84	55	2	163	246	501	577	0.010	26.6
XP_015174044.1	XP_016767396.2	26.190	84	55	2	163	246	521	597	0.010	26.6
XP_015174045.1	XP_001122546.4	26.190	84	55	2	148	231	501	577	0.008	26.6
XP_015174045.1	XP_016767396.2	26.190	84	55	2	148	231	521	597	0.009	26.6
XP_015174640.1	XP_016767396.2	26.733	101	54	5	466	559	131	218	0.039	25.4
XP_015174640.1	XP_001122546.4	26.733	101	54	5	466	559	131	218	0.043	25.0
XP_015174649.1	XP_016767396.2	25.275	91	50	4	427	510	131	210	0.032	25.4
XP_015174649.1	XP_001122546.4	26.733	101	54	5	427	520	131	218	0.033	25.4
XP_015174670.1	XP_001122546.4	26.667	90	62	2	37	122	426	515	0.007	26.9
XP_015174896.1	XP_001122546.4	26.446	121	75	3	437	546	198	315	0.023	26.2
XP_015174896.1	XP_016767396.2	26.446	121	75	3	437	546	198	315	0.026	25.8
XP_015174897.1	XP_001122546.4	26.446	121	75	3	427	536	198	315	0.024	25.8
XP_015174897.1	XP_016767396.2	26.446	121	75	3	427	536	198	315	0.025	25.8
XP_015174898.1	XP_001122546.4	26.446	121	75	3	403	512	198	315	0.017	26.2
XP_015174898.1	XP_016767396.2	26.446	121	75	3	403	512	198	315	0.019	26.2
XP_015175021.1	XP_026296028.1	45.000	20	11	0	163	182	163	182	0.016	25.8
XP_015175021.1	XP_026296027.1	45.000	20	11	0	163	182	163	182	0.016	25.8
XP_015175021.1	XP_026296026.1	45.000	20	11	0	163	182	163	182	0.016	25.8
XP_015175021.1	XP_026296025.1	45.000	20	11	0	163	182	175	194	0.018	25.8
XP_015175124.1	XP_016767396.2	35.000	40	24	1	34	73	228	265	0.016	25.0
XP_015175124.1	XP_001122546.4	30.357	56	37	1	34	89	228	281	0.016	25.0
XP_015175156.1	XP_016767396.2	26.531	49	36	0	628	676	491	539	0.040	25.4
XP_015175157.1	XP_016767396.2	42.308	26	15	0	598	623	501	526	0.037	25.4
XP_015175158.1	XP_016767396.2	42.308	26	15	0	562	587	501	526	0.038	25.4
XP_015175159.1	XP_016767396.2	42.308	26	15	0	531	556	501	526	0.041	25.0
XP_015175189.1	XP_001122546.4	27.711	83	45	2	207	274	12	94	0.025	26.2
XP_015175189.1	XP_016767396.2	27.711	83	45	2	207	274	12	94	0.025	26.2
XP_015175190.1	XP_001122546.4	27.711	83	45	2	207	274	12	94	0.025	26.2
XP_015175190.1	XP_016767396.2	27.711	83	45	2	207	274	12	94	0.025	26.2
XP_015175191.1	XP_001122546.4	27.711	83	45	2	207	274	12	94	0.025	26.2
XP_015175191.1	XP_016767396.2	27.711	83	45	2	207	274	12	94	0.025	26.2
XP_015175192.1	XP_001122546.4	27.711	83	45	2	207	274	12	94	0.025	26.2
XP_015175192.1	XP_016767396.2	27.711	83	45	2	207	274	12	94	0.025	26.2
XP_015175210.1	XP_001122546.4	24.848	165	89	5	344	482	132	287	0.005	28.1
XP_015175210.1	XP_016767396.2	24.848	165	89	5	344	482	132	287	0.005	28.1
XP_015175403.1	XP_001122546.4	26.667	30	22	0	176	205	670	699	0.025	23.9
XP_015175403.1	XP_016767396.2	26.667	30	22	0	176	205	690	719	0.027	23.9
XP_015175822.1	XP_016767396.2	31.884	69	37	1	1315	1373	98	166	0.003	30.4
XP_015175822.1	XP_001122546.4	30.233	86	43	2	1305	1373	81	166	0.003	30.4
XP_015175823.1	XP_016767396.2	31.884	69	37	1	1277	1335	98	166	0.002	30.4
XP_015175823.1	XP_001122546.4	30.233	86	43	2	1267	1335	81	166	0.003	30.4
XP_015175824.1	XP_016767396.2	31.884	69	37	1	1277	1335	98	166	0.002	30.4
XP_015175824.1	XP_001122546.4	30.233	86	43	2	1267	1335	81	166	0.003	30.4
XP_015175826.1	XP_016767396.2	30.233	86	43	2	1264	1332	81	166	0.002	30.4
XP_015175826.1	XP_001122546.4	30.233	86	43	2	1264	1332	81	166	0.003	30.4
XP_015175827.1	XP_016767396.2	30.233	86	43	2	1226	1294	81	166	0.002	30.4
XP_015175827.1	XP_001122546.4	30.233	86	43	2	1226	1294	81	166	0.003	30.4
XP_015175832.1	XP_001122546.4	22.500	40	31	0	24	63	262	301	0.050	23.9
XP_015176170.1	XP_001122546.4	25.490	102	62	4	118	211	320	415	0.003	26.9
XP_015176170.1	XP_016767396.2	25.490	102	62	4	118	211	320	415	0.003	26.9
XP_015176171.1	XP_001122546.4	25.490	102	62	4	118	211	320	415	0.003	26.9
XP_015176171.1	XP_016767396.2	25.490	102	62	4	118	211	320	415	0.003	26.9
XP_015176172.1	XP_001122546.4	25.490	102	62	4	118	211	320	415	0.003	26.9
XP_015176172.1	XP_016767396.2	25.490	102	62	4	118	211	320	415	0.003	26.9
XP_015176173.1	XP_016767396.2	25.490	102	62	4	97	190	320	415	0.008	25.4
XP_015176173.1	XP_001122546.4	25.490	102	62	4	97	190	320	415	0.008	25.4
XP_015176175.1	XP_016767396.2	25.490	102	62	4	97	190	320	415	0.008	25.4
XP_015176175.1	XP_001122546.4	25.490	102	62	4	97	190	320	415	0.008	25.4
XP_015176482.1	XP_016767396.2	47.619	21	11	0	29	49	546	566	0.039	24.6
XP_015176482.1	XP_001122546.4	47.619	21	11	0	29	49	526	546	0.039	24.6
XP_015176495.1	XP_016767396.2	29.268	41	29	0	169	209	125	165	0.020	25.4
XP_015176495.1	XP_001122546.4	29.268	41	29	0	169	209	125	165	0.021	25.0
XP_015176507.1	XP_001122546.4	23.077	39	30	0	138	176	611	649	0.029	23.5
XP_015176507.1	XP_016767396.2	23.077	39	30	0	138	176	631	669	0.030	23.5
XP_015176954.1	XP_016767396.2	25.263	95	53	4	289	376	609	692	0.023	25.4
XP_015176954.1	XP_001122546.4	30.435	46	30	1	271	314	472	517	0.025	25.4
XP_015176954.1	XP_001122546.4	25.263	95	53	4	289	376	589	672	0.027	25.4
XP_015176955.1	XP_016767396.2	25.263	95	53	4	289	376	609	692	0.023	25.4
XP_015176955.1	XP_001122546.4	30.435	46	30	1	271	314	472	517	0.025	25.4
XP_015176955.1	XP_001122546.4	25.263	95	53	4	289	376	589	672	0.027	25.4
XP_015176956.1	XP_016767396.2	25.263	95	53	4	289	376	609	692	0.023	25.4
XP_015176956.1	XP_001122546.4	30.435	46	30	1	271	314	472	517	0.025	25.4
XP_015176956.1	XP_001122546.4	25.263	95	53	4	289	376	589	672	0.027	25.4
XP_015176957.1	XP_016767396.2	25.263	95	53	4	289	376	609	692	0.023	25.4
XP_015176957.1	XP_001122546.4	30.435	46	30	1	271	314	472	517	0.025	25.4
XP_015176957.1	XP_001122546.4	25.263	95	53	4	289	376	589	672	0.027	25.4
XP_015176958.1	XP_016767396.2	25.263	95	53	4	289	376	609	692	0.023	25.4
XP_015176958.1	XP_001122546.4	30.435	46	30	1	271	314	472	517	0.025	25.4
XP_015176958.1	XP_001122546.4	25.263	95	53	4	289	376	589	672	0.027	25.4
XP_015177232.1	XP_016767396.2	27.848	79	46	3	202	278	500	569	0.028	25.4
XP_015177233.1	XP_016767396.2	27.848	79	46	3	202	278	500	569	0.028	25.4
XP_015177234.1	XP_016767396.2	27.848	79	46	3	202	278	500	569	0.028	25.4
XP_015177235.1	XP_016767396.2	27.848	79	46	3	202	278	500	569	0.028	25.4
XP_015177236.1	XP_016767396.2	27.848	79	46	3	173	249	500	569	0.033	25.0
XP_015177237.1	XP_016767396.2	27.848	79	46	3	202	278	500	569	0.024	25.4
XP_015177342.1	XP_016767396.2	21.088	147	72	4	355	464	488	627	0.027	26.2
XP_015177343.1	XP_016767396.2	21.088	147	72	4	355	464	488	627	0.027	26.2
XP_015177344.1	XP_016767396.2	21.088	147	72	4	345	454	488	627	0.023	26.6
XP_015177351.1	XP_001122571.3	35.000	40	26	0	495	534	17	56	0.020	26.6
XP_015177405.1	XP_001122546.4	24.370	119	78	4	546	658	332	444	0.005	28.9
XP_015177405.1	XP_016767396.2	24.370	119	78	4	546	658	332	444	0.006	28.9
XP_015177406.1	XP_001122546.4	24.370	119	78	4	546	658	332	444	0.005	28.9
XP_015177406.1	XP_016767396.2	24.370	119	78	4	546	658	332	444	0.006	28.9
XP_015177487.1	XP_001122546.4	25.000	64	48	0	1045	1108	104	167	0.034	26.6
XP_015177487.1	XP_016767396.2	25.000	64	48	0	1045	1108	104	167	0.040	26.6
XP_015177522.1	XP_026296028.1	33.333	33	22	0	419	451	110	142	0.050	24.3
XP_015177522.1	XP_026296027.1	33.333	33	22	0	419	451	110	142	0.050	24.3
XP_015177522.1	XP_026296026.1	33.333	33	22	0	419	451	110	142	0.050	24.3
XP_015177661.1	XP_016767396.2	47.826	23	12	0	76	98	497	519	0.036	21.9
XP_015177689.1	XP_001122546.4	20.765	183	130	5	228	407	59	229	0.006	27.3
XP_015177689.1	XP_016767396.2	20.765	183	130	5	228	407	59	229	0.006	27.3
XP_015177990.1	XP_026296025.1	47.619	21	11	0	444	464	126	146	0.031	24.6
XP_015177990.1	XP_026296028.1	47.619	21	11	0	444	464	114	134	0.031	24.6
XP_015177990.1	XP_026296027.1	47.619	21	11	0	444	464	114	134	0.031	24.6
XP_015177990.1	XP_026296026.1	47.619	21	11	0	444	464	114	134	0.031	24.6
XP_015178067.1	XP_016767396.2	25.806	31	23	0	83	113	29	59	0.050	23.5
XP_015178089.1	XP_016767396.2	27.928	111	67	6	171	275	664	767	0.011	26.6
XP_015178089.1	XP_001122546.4	27.928	111	67	6	171	275	644	747	0.011	26.6
XP_015178348.1	XP_001122546.4	31.707	41	17	1	152	181	693	733	0.034	24.6
XP_015178348.1	XP_016767396.2	31.707	41	17	1	152	181	713	753	0.041	24.3
XP_015178372.1	XP_016767396.2	29.825	114	68	5	155	259	557	667	0.023	24.6
XP_015178372.1	XP_001122546.4	29.825	114	68	5	155	259	537	647	0.024	24.6
XP_015178518.1	XP_001122571.3	29.348	92	54	3	58	139	259	349	0.002	26.2
XP_015178530.1	XP_001122571.3	35.897	39	24	1	1	39	1	38	0.024	23.1
XP_015178577.1	XP_001122571.3	44.444	36	19	1	8	42	4	39	1.33e-04	30.4
XP_015178852.1	XP_016767396.2	27.586	58	39	2	641	695	490	547	0.043	25.8
XP_015179015.1	XP_026296025.1	26.786	56	40	1	119	173	103	158	0.044	23.9
XP_015179041.1	XP_016767396.2	26.667	60	31	1	179	238	462	508	0.017	25.8
XP_015179251.1	XP_016767396.2	34.426	61	36	2	213	269	523	583	0.016	26.9
XP_015179251.1	XP_001122546.4	34.426	61	36	2	213	269	503	563	0.018	26.6
XP_015179274.1	XP_016767396.2	29.915	117	58	7	94	210	501	593	0.030	25.8
XP_015179274.1	XP_001122546.4	29.730	111	56	6	100	210	485	573	0.031	25.8
XP_015179421.1	XP_001122571.3	43.478	23	13	0	97	119	17	39	0.021	23.1
XP_015179421.1	XP_001122571.3	38.710	31	18	1	111	141	322	351	0.024	23.1
XP_015179422.1	XP_001122571.3	38.710	31	18	1	197	227	322	351	0.038	23.5
XP_015179429.1	XP_026296028.1	36.066	61	33	3	423	480	105	162	0.033	25.0
XP_015179429.1	XP_026296027.1	36.066	61	33	3	423	480	105	162	0.033	25.0
XP_015179429.1	XP_026296026.1	36.066	61	33	3	423	480	105	162	0.033	25.0
XP_015179429.1	XP_026296025.1	36.066	61	33	3	423	480	117	174	0.040	24.6
XP_015179430.1	XP_026296028.1	36.066	61	33	3	420	477	105	162	0.034	25.0
XP_015179430.1	XP_026296027.1	36.066	61	33	3	420	477	105	162	0.034	25.0
XP_015179430.1	XP_026296026.1	36.066	61	33	3	420	477	105	162	0.034	25.0
XP_015179430.1	XP_026296025.1	36.066	61	33	3	420	477	117	174	0.039	24.6
XP_015179431.1	XP_026296028.1	36.066	61	33	3	382	439	105	162	0.028	25.0
XP_015179431.1	XP_026296027.1	36.066	61	33	3	382	439	105	162	0.028	25.0
XP_015179431.1	XP_026296026.1	36.066	61	33	3	382	439	105	162	0.028	25.0
XP_015179431.1	XP_026296025.1	36.066	61	33	3	382	439	117	174	0.036	24.6
XP_015179433.1	XP_026296028.1	36.066	61	33	3	353	410	105	162	0.032	25.0
XP_015179433.1	XP_026296027.1	36.066	61	33	3	353	410	105	162	0.032	25.0
XP_015179433.1	XP_026296026.1	36.066	61	33	3	353	410	105	162	0.032	25.0
XP_015179433.1	XP_026296025.1	36.066	61	33	3	353	410	117	174	0.039	24.6
XP_015179647.1	XP_016767396.2	34.211	38	21	1	46	79	143	180	0.030	22.7
XP_015179647.1	XP_016767396.2	31.250	32	22	0	51	82	78	109	0.039	22.3
XP_015179647.1	XP_001122546.4	34.211	38	21	1	46	79	143	180	0.031	22.3
XP_015179647.1	XP_001122546.4	31.250	32	22	0	51	82	78	109	0.043	21.9
XP_015179648.1	XP_016767396.2	34.211	38	21	1	46	79	143	180	0.030	22.7
XP_015179648.1	XP_016767396.2	31.250	32	22	0	51	82	78	109	0.039	22.3
XP_015179648.1	XP_001122546.4	34.211	38	21	1	46	79	143	180	0.031	22.3
XP_015179648.1	XP_001122546.4	31.250	32	22	0	51	82	78	109	0.043	21.9
XP_015179649.1	XP_016767396.2	34.211	38	21	1	46	79	143	180	0.030	22.7
XP_015179649.1	XP_016767396.2	31.250	32	22	0	51	82	78	109	0.039	22.3
XP_015179649.1	XP_001122546.4	34.211	38	21	1	46	79	143	180	0.031	22.3
XP_015179649.1	XP_001122546.4	31.250	32	22	0	51	82	78	109	0.043	21.9
XP_015179841.1	XP_016767396.2	26.168	107	65	5	100	198	361	461	0.005	26.6
XP_015179841.1	XP_001122546.4	26.168	107	65	5	100	198	361	461	0.005	26.6
XP_015180027.1	XP_026296025.1	40.000	35	19	1	27	59	90	124	0.028	23.5
XP_015180027.1	XP_026296028.1	40.000	35	19	1	27	59	78	112	0.030	23.5
XP_015180027.1	XP_026296027.1	40.000	35	19	1	27	59	78	112	0.030	23.5
XP_015180027.1	XP_026296026.1	40.000	35	19	1	27	59	78	112	0.030	23.5
XP_015180028.1	XP_026296025.1	40.000	35	19	1	27	59	90	124	0.028	23.5
XP_015180028.1	XP_026296028.1	40.000	35	19	1	27	59	78	112	0.030	23.5
XP_015180028.1	XP_026296027.1	40.000	35	19	1	27	59	78	112	0.030	23.5
XP_015180028.1	XP_026296026.1	40.000	35	19	1	27	59	78	112	0.030	23.5
XP_015180029.1	XP_026296025.1	40.000	35	19	1	27	59	90	124	0.028	23.5
XP_015180029.1	XP_026296028.1	40.000	35	19	1	27	59	78	112	0.030	23.5
XP_015180029.1	XP_026296027.1	40.000	35	19	1	27	59	78	112	0.030	23.5
XP_015180029.1	XP_026296026.1	40.000	35	19	1	27	59	78	112	0.030	23.5
XP_015180076.1	XP_016767396.2	28.455	246	145	8	1510	1732	50	287	2.71e-04	33.9
XP_015180076.1	XP_001122546.4	28.455	246	145	8	1510	1732	50	287	3.81e-04	33.5
XP_015180077.1	XP_016767396.2	28.455	246	145	8	1508	1730	50	287	2.77e-04	33.9
XP_015180077.1	XP_001122546.4	28.455	246	145	8	1508	1730	50	287	3.68e-04	33.5
XP_015180078.1	XP_016767396.2	28.458	253	149	9	1507	1736	50	293	2.59e-04	34.3
XP_015180078.1	XP_001122546.4	28.455	246	145	8	1507	1729	50	287	3.94e-04	33.5
XP_015180079.1	XP_016767396.2	28.458	253	149	9	1505	1734	50	293	2.68e-04	33.9
XP_015180079.1	XP_001122546.4	28.455	246	145	8	1505	1727	50	287	3.97e-04	33.5
XP_015180080.1	XP_016767396.2	28.455	246	145	8	1495	1717	50	287	2.83e-04	33.9
XP_015180080.1	XP_001122546.4	28.455	246	145	8	1495	1717	50	287	3.59e-04	33.5
XP_015180081.1	XP_016767396.2	28.458	253	149	9	1487	1716	50	293	2.93e-04	33.9
XP_015180081.1	XP_001122546.4	28.455	246	145	8	1487	1709	50	287	3.55e-04	33.5
XP_015180167.1	XP_001122546.4	34.043	47	24	1	578	624	659	698	0.011	27.7
XP_015180167.1	XP_016767396.2	34.043	47	24	1	578	624	679	718	0.012	27.7
XP_015180168.1	XP_001122546.4	34.043	47	24	1	578	624	659	698	0.011	27.7
XP_015180168.1	XP_016767396.2	34.043	47	24	1	578	624	679	718	0.012	27.7
XP_015180175.1	XP_001122546.4	30.909	55	33	1	654	703	604	658	0.046	26.9
XP_015180175.1	XP_016767396.2	30.909	55	33	1	654	703	624	678	0.048	26.9
XP_015180195.1	XP_016767396.2	26.042	96	62	3	154	246	605	694	2.82e-04	30.8
XP_015180195.1	XP_001122546.4	26.042	96	62	3	154	246	585	674	3.06e-04	30.8
XP_015180196.1	XP_016767396.2	25.773	97	63	3	147	240	604	694	2.67e-04	30.8
XP_015180196.1	XP_001122546.4	26.042	96	62	3	148	240	585	674	3.06e-04	30.8
XP_015180197.1	XP_016767396.2	26.042	96	62	3	121	213	605	694	2.71e-04	30.8
XP_015180197.1	XP_001122546.4	26.042	96	62	3	121	213	585	674	2.89e-04	30.8
XP_015180198.1	XP_016767396.2	26.042	96	62	3	121	213	605	694	2.71e-04	30.8
XP_015180198.1	XP_001122546.4	26.042	96	62	3	121	213	585	674	2.89e-04	30.8
XP_015180355.1	XP_001122571.3	25.333	75	47	2	137	211	257	322	0.013	25.8
XP_015180497.1	XP_001122571.3	41.176	34	13	1	190	216	278	311	0.037	24.3
XP_015180498.1	XP_001122571.3	41.176	34	13	1	188	214	278	311	0.036	24.3
XP_015180641.1	XP_026296028.1	26.667	75	49	2	255	328	107	176	0.012	26.2
XP_015180641.1	XP_026296027.1	26.667	75	49	2	255	328	107	176	0.012	26.2
XP_015180641.1	XP_026296026.1	26.667	75	49	2	255	328	107	176	0.012	26.2
XP_015180641.1	XP_026296025.1	26.667	75	49	2	255	328	119	188	0.013	25.8
XP_015180707.1	XP_001122571.3	38.889	18	11	0	44	61	253	270	0.030	21.9
XP_015180733.1	XP_016767396.2	22.872	188	115	7	79	252	281	452	0.002	28.1
XP_015180733.1	XP_001122546.4	22.872	188	115	7	79	252	281	452	0.002	27.7
XP_015181056.1	XP_001122546.4	34.000	50	33	0	485	534	477	526	0.010	27.3
XP_015181218.1	XP_016767396.2	37.500	32	20	0	29	60	604	635	0.015	23.9
XP_015181218.1	XP_001122546.4	37.500	32	20	0	29	60	584	615	0.015	23.9
XP_015181746.1	XP_016767396.2	26.866	67	37	2	92	158	251	305	0.027	24.6
XP_015181746.1	XP_001122546.4	26.866	67	37	2	92	158	251	305	0.028	24.3
XP_015181751.1	XP_001122546.4	45.833	24	13	0	224	247	352	375	0.008	27.3
XP_015181751.1	XP_016767396.2	45.833	24	13	0	224	247	352	375	0.009	27.3
XP_015181753.1	XP_016767396.2	33.803	71	39	4	39	107	1	65	0.032	24.6
XP_015181753.1	XP_001122546.4	33.803	71	39	4	39	107	1	65	0.037	24.6
XP_015182300.1	XP_016767396.2	27.778	72	45	2	237	308	627	691	0.036	24.6
XP_015182300.1	XP_001122546.4	27.778	72	45	2	237	308	607	671	0.037	24.6
XP_015182301.1	XP_016767396.2	27.778	72	45	2	237	308	627	691	0.036	24.6
XP_015182301.1	XP_001122546.4	27.778	72	45	2	237	308	607	671	0.037	24.6
XP_015182466.1	XP_001122546.4	25.455	55	34	1	181	235	338	385	0.026	24.6
XP_015182466.1	XP_016767396.2	25.455	55	34	1	181	235	338	385	0.028	24.6
XP_015182467.1	XP_001122546.4	25.455	55	34	1	172	226	338	385	0.024	24.6
XP_015182467.1	XP_016767396.2	25.455	55	34	1	172	226	338	385	0.025	24.6
XP_015182468.1	XP_016767396.2	25.455	55	34	1	163	217	338	385	0.027	24.3
XP_015182468.1	XP_001122546.4	25.455	55	34	1	163	217	338	385	0.028	24.3
XP_015182469.1	XP_001122546.4	25.455	55	34	1	134	188	338	385	0.021	24.6
XP_015182469.1	XP_016767396.2	20.988	81	57	1	134	214	338	411	0.035	23.9
XP_015182692.1	XP_001122546.4	37.838	37	16	1	22	58	645	674	0.040	22.3
XP_015182692.1	XP_016767396.2	37.838	37	16	1	22	58	665	694	0.040	22.3
XP_015182791.1	XP_016767396.2	36.585	41	23	2	113	152	20	58	0.042	23.9
XP_015182791.1	XP_001122546.4	36.585	41	23	2	113	152	20	58	0.044	23.9
XP_015182839.1	XP_016767396.2	28.947	114	72	5	63	173	103	210	0.011	26.9
XP_015182839.1	XP_001122546.4	28.947	114	72	5	63	173	103	210	0.015	26.6
XP_015183265.1	XP_001122546.4	18.919	37	30	0	64	100	352	388	0.016	24.3
XP_015183265.1	XP_016767396.2	18.919	37	30	0	64	100	352	388	0.018	24.3
XP_015183291.1	XP_001122546.4	20.168	238	167	9	14	233	355	587	0.016	30.4
XP_015183304.1	XP_001122546.4	28.169	71	36	3	166	221	447	517	0.022	26.2
XP_015183305.1	XP_001122546.4	28.169	71	36	3	151	206	447	517	0.023	26.2
XP_015183306.1	XP_001122546.4	28.169	71	36	3	166	221	447	517	0.022	26.2
XP_015183307.1	XP_001122546.4	28.169	71	36	3	166	221	447	517	0.022	26.2
XP_015183308.1	XP_001122546.4	28.169	71	36	3	109	164	447	517	0.025	26.2
XP_015183309.1	XP_001122546.4	28.169	71	36	3	103	158	447	517	0.022	26.2
XP_015183310.1	XP_001122546.4	28.169	71	36	3	166	221	447	517	0.022	26.2
XP_015183325.1	XP_016767396.2	24.561	57	43	0	312	368	600	656	0.041	26.6
XP_015183325.1	XP_001122546.4	24.561	57	43	0	312	368	580	636	0.042	26.6
XP_015183335.1	XP_016767396.2	24.561	57	43	0	302	358	600	656	0.040	26.6
XP_015183335.1	XP_001122546.4	24.561	57	43	0	302	358	580	636	0.042	26.6
XP_015183422.1	XP_016767396.2	25.000	84	45	3	98	181	473	538	0.003	27.7
XP_015183603.1	XP_016767396.2	34.694	49	32	0	245	293	567	615	0.038	24.6
XP_015183603.1	XP_001122546.4	34.694	49	32	0	245	293	547	595	0.039	24.6
XP_015183605.1	XP_016767396.2	34.694	49	32	0	245	293	567	615	0.037	24.6
XP_015183605.1	XP_001122546.4	34.694	49	32	0	245	293	547	595	0.041	24.6
XP_015183606.1	XP_016767396.2	34.694	49	32	0	224	272	567	615	0.036	24.6
XP_015183606.1	XP_001122546.4	34.694	49	32	0	224	272	547	595	0.040	24.6
XP_015183992.1	XP_016767396.2	33.333	66	40	3	286	347	602	667	0.009	27.3
XP_015183992.1	XP_001122546.4	33.333	66	40	3	286	347	582	647	0.009	27.3
XP_015184870.1	XP_001122546.4	35.714	28	18	0	39	66	654	681	0.049	23.9
XP_015184871.1	XP_001122546.4	35.714	28	18	0	39	66	654	681	0.049	23.9
XP_015184872.1	XP_001122546.4	35.714	28	18	0	39	66	654	681	0.049	23.9
XP_015184873.1	XP_001122546.4	35.714	28	18	0	39	66	654	681	0.049	23.9
XP_015185037.1	XP_001122546.4	32.258	31	21	0	89	119	507	537	0.042	24.3
XP_015185037.1	XP_016767396.2	32.258	31	21	0	89	119	527	557	0.044	24.3
XP_015185078.1	XP_001122571.3	30.769	39	27	0	69	107	20	58	0.030	25.0
XP_015185079.1	XP_001122571.3	30.769	39	27	0	69	107	20	58	0.029	25.0
XP_015185205.1	XP_016767396.2	30.357	56	34	2	18	73	85	135	5.84e-04	27.3
XP_015185205.1	XP_001122546.4	30.357	56	34	2	18	73	85	135	6.17e-04	27.3
XP_015185245.1	XP_016767396.2	26.724	116	67	5	736	833	306	421	0.042	25.8
XP_015185245.1	XP_001122546.4	26.724	116	67	5	736	833	306	421	0.043	25.4
XP_015185246.1	XP_016767396.2	26.724	116	67	5	736	833	306	421	0.042	25.8
XP_015185246.1	XP_001122546.4	26.724	116	67	5	736	833	306	421	0.043	25.4
XP_015185345.1	XP_016767396.2	20.717	251	161	5	1443	1685	92	312	0.037	26.9
XP_015185345.1	XP_001122546.4	20.717	251	161	5	1443	1685	92	312	0.044	26.6
XP_015185464.1	XP_016767396.2	28.070	57	33	2	271	323	668	720	0.044	24.6
XP_015185464.1	XP_001122546.4	28.070	57	33	2	271	323	648	700	0.047	24.6
XP_015185465.1	XP_016767396.2	28.070	57	33	2	271	323	668	720	0.041	24.6
XP_015185465.1	XP_001122546.4	28.070	57	33	2	271	323	648	700	0.045	24.6
XP_015185550.1	XP_016767396.2	23.308	133	79	7	54	176	103	222	0.018	25.4
XP_015185550.1	XP_001122546.4	23.308	133	79	7	54	176	103	222	0.019	25.4
XP_015185730.1	XP_016767396.2	50.000	18	9	0	346	363	720	737	0.039	25.0
XP_015185730.1	XP_001122546.4	50.000	18	9	0	346	363	700	717	0.040	25.0
XP_015185739.1	XP_016767396.2	50.000	18	9	0	345	362	720	737	0.039	25.0
XP_015185739.1	XP_001122546.4	50.000	18	9	0	345	362	700	717	0.040	25.0
XP_015185752.1	XP_016767396.2	28.169	71	45	3	36	104	349	415	0.017	25.4
XP_015185752.1	XP_001122546.4	28.169	71	45	3	36	104	349	415	0.019	25.0
XP_015185891.1	XP_001122571.3	33.333	48	24	1	15	62	21	60	0.013	26.6
XP_015185892.1	XP_001122571.3	33.333	48	24	1	15	62	21	60	0.013	26.6
XP_015185893.1	XP_001122571.3	33.333	48	24	1	15	62	21	60	0.013	26.6
XP_015185894.1	XP_001122571.3	33.333	48	24	1	15	62	21	60	0.013	26.6
XP_015185895.1	XP_001122571.3	33.333	48	24	1	15	62	21	60	0.013	26.6
XP_015185896.1	XP_001122571.3	33.333	48	24	1	15	62	21	60	0.011	26.6
XP_015185998.1	XP_016767396.2	20.755	53	42	0	5	57	424	476	0.032	24.3
XP_015185998.1	XP_001122546.4	20.755	53	42	0	5	57	424	476	0.033	23.9
XP_015186050.1	XP_016767396.2	24.324	74	47	1	55	128	330	394	0.008	26.6
XP_015186050.1	XP_001122546.4	24.324	74	47	1	55	128	330	394	0.008	26.2
XP_015186154.1	NP_001011607.1	53.333	15	7	0	116	130	56	70	0.029	23.5
XP_015186155.1	NP_001011607.1	53.333	15	7	0	116	130	56	70	0.026	23.5
XP_015186539.1	XP_016767396.2	32.075	53	33	2	284	336	163	212	0.038	26.2
XP_015186539.1	XP_001122546.4	32.075	53	33	2	284	336	163	212	0.039	26.2
XP_015186664.1	XP_001122571.3	41.667	36	21	0	22	57	25	60	0.013	27.7
XP_015186665.1	XP_001122571.3	41.667	36	21	0	22	57	25	60	0.013	27.7
XP_015186666.1	XP_001122571.3	41.667	36	21	0	22	57	25	60	0.013	27.7
XP_015186717.1	XP_001122571.3	29.630	54	35	2	111	164	301	351	0.009	24.6
XP_015186893.1	XP_016767396.2	33.333	45	30	0	82	126	194	238	0.015	27.3
XP_015186893.1	XP_001122546.4	33.333	45	30	0	82	126	194	238	0.017	27.3
XP_015186894.1	XP_016767396.2	33.333	45	30	0	56	100	194	238	0.015	27.3
XP_015186894.1	XP_001122546.4	33.333	45	30	0	56	100	194	238	0.017	27.3
XP_015186895.1	XP_016767396.2	33.333	45	30	0	82	126	194	238	0.014	27.7
XP_015186895.1	XP_001122546.4	33.333	45	30	0	82	126	194	238	0.015	27.3
XP_015186896.1	XP_016767396.2	33.333	45	30	0	82	126	194	238	0.010	27.7
XP_015186896.1	XP_001122546.4	33.333	45	30	0	82	126	194	238	0.010	27.7
XP_015187271.1	XP_016767396.2	22.917	48	36	1	829	875	182	229	0.020	26.9
XP_015187271.1	XP_001122546.4	22.917	48	36	1	829	875	182	229	0.021	26.6
XP_015187375.1	XP_016767396.2	33.333	60	34	2	463	517	298	356	0.024	25.8
XP_015187375.1	XP_001122546.4	33.333	60	34	2	463	517	298	356	0.027	25.8
XP_015187376.1	XP_016767396.2	33.333	60	34	2	452	506	298	356	0.024	25.8
XP_015187376.1	XP_001122546.4	33.333	60	34	2	452	506	298	356	0.027	25.8
XP_015187559.1	XP_001122571.3	24.675	77	49	2	60	134	251	320	0.047	25.0
XP_015187961.1	XP_016767396.2	29.032	31	22	0	204	234	10	40	0.043	23.9
XP_015187961.1	XP_001122546.4	28.125	32	23	0	204	235	10	41	0.043	23.9
XP_015188101.1	XP_016767396.2	23.476	328	180	13	877	1180	50	330	0.005	29.3
XP_015188101.1	XP_001122546.4	23.476	328	180	13	877	1180	50	330	0.008	28.5
XP_015188168.1	XP_016767396.2	28.571	42	30	0	316	357	258	299	0.030	25.0
XP_015188168.1	XP_016767396.2	36.364	33	21	0	254	286	347	379	0.045	24.6
XP_015188168.1	XP_001122546.4	36.364	33	21	0	254	286	347	379	0.044	24.6
XP_015188343.1	XP_001122546.4	21.705	129	82	5	360	474	121	244	0.009	26.9
XP_015188343.1	XP_016767396.2	21.705	129	82	5	360	474	121	244	0.010	26.9
XP_015188447.1	XP_016767396.2	27.119	59	31	2	1	59	676	722	0.018	25.0
XP_015188447.1	XP_001122546.4	27.119	59	31	2	1	59	656	702	0.019	25.0
XP_015188466.1	XP_016767396.2	22.831	219	136	6	207	416	142	336	3.87e-04	32.3
XP_015188466.1	XP_001122546.4	22.831	219	136	6	207	416	142	336	4.38e-04	32.0
XP_015188828.1	XP_016767396.2	26.415	53	36	1	83	132	545	597	0.037	24.3
XP_015188828.1	XP_001122546.4	26.415	53	36	1	83	132	525	577	0.041	23.9
XP_015188830.1	XP_016767396.2	26.415	53	36	1	83	132	545	597	0.037	24.3
XP_015188830.1	XP_001122546.4	26.415	53	36	1	83	132	525	577	0.041	23.9
XP_015188887.1	XP_016767396.2	41.667	36	15	1	622	657	545	574	0.030	25.8
XP_015188887.1	XP_001122546.4	41.667	36	15	1	622	657	525	554	0.030	25.8
XP_015188888.1	XP_016767396.2	41.667	36	15	1	607	642	545	574	0.030	25.8
XP_015188888.1	XP_001122546.4	41.667	36	15	1	607	642	525	554	0.030	25.8
XP_015188889.1	XP_016767396.2	41.667	36	15	1	607	642	545	574	0.030	25.8
XP_015188889.1	XP_001122546.4	41.667	36	15	1	607	642	525	554	0.030	25.8
XP_015188890.1	XP_016767396.2	41.667	36	15	1	607	642	545	574	0.030	25.8
XP_015188890.1	XP_001122546.4	41.667	36	15	1	607	642	525	554	0.030	25.8
XP_015188892.1	XP_001122546.4	25.490	102	68	3	128	221	447	548	0.014	28.5
XP_015188922.1	XP_001122546.4	20.000	155	119	2	1257	1406	358	512	0.046	26.9
XP_015189296.1	XP_026296025.1	25.287	87	51	3	1	84	127	202	0.001	29.6
XP_015189296.1	XP_026296028.1	25.287	87	51	3	1	84	115	190	0.001	29.6
XP_015189296.1	XP_026296027.1	25.287	87	51	3	1	84	115	190	0.001	29.6
XP_015189296.1	XP_026296026.1	25.287	87	51	3	1	84	115	190	0.001	29.6
XP_015189442.1	XP_016767396.2	28.571	56	39	1	506	561	88	142	0.039	25.4
XP_015189442.1	XP_001122546.4	28.571	56	39	1	506	561	88	142	0.042	25.4
XP_015189518.1	XP_001122546.4	33.333	51	26	2	753	802	441	484	0.049	26.2
XP_015189519.1	XP_001122546.4	33.333	51	26	2	731	780	441	484	0.047	26.2
XP_015189520.1	XP_001122546.4	33.333	51	26	2	753	802	441	484	0.046	25.8
XP_015189766.1	XP_026296028.1	31.429	70	38	4	121	189	137	197	0.002	27.7
XP_015189766.1	XP_026296027.1	31.429	70	38	4	121	189	137	197	0.002	27.7
XP_015189766.1	XP_026296026.1	31.429	70	38	4	121	189	137	197	0.002	27.7
XP_015189766.1	XP_026296025.1	31.429	70	38	4	121	189	149	209	0.002	27.7
XP_015189827.1	XP_016767396.2	38.235	34	17	1	90	123	579	608	0.010	24.3
XP_015189827.1	XP_001122546.4	38.235	34	17	1	90	123	559	588	0.010	24.3
XP_015190530.1	XP_016767396.2	25.490	102	61	4	892	985	190	284	0.025	26.6
XP_015190530.1	XP_001122546.4	25.490	102	61	4	892	985	190	284	0.025	26.6
XP_015190531.1	XP_016767396.2	26.842	190	116	7	318	500	493	666	0.003	30.0
XP_015190531.1	XP_001122546.4	27.374	179	108	6	329	500	483	646	0.004	30.0
XP_015190548.1	XP_016767396.2	23.529	102	69	3	907	1007	505	598	0.005	30.0
XP_015190548.1	XP_001122546.4	23.529	102	69	3	907	1007	485	578	0.005	29.6
XP_015190876.1	XP_016767396.2	47.826	23	12	0	76	98	497	519	0.036	21.9
XP_015190995.1	XP_001122546.4	22.143	140	94	4	198	334	245	372	0.015	26.2
XP_015190995.1	XP_016767396.2	22.143	140	94	4	198	334	245	372	0.015	26.2
XP_015190996.1	XP_001122546.4	22.143	140	94	4	198	334	245	372	0.015	26.2
XP_015190996.1	XP_016767396.2	22.143	140	94	4	198	334	245	372	0.015	26.2
XP_015191198.1	XP_001122546.4	43.478	23	13	0	342	364	593	615	0.016	25.8
XP_015191198.1	XP_016767396.2	43.478	23	13	0	342	364	613	635	0.017	25.8
XP_015191458.1	XP_016767396.2	28.814	59	34	2	2	52	89	147	0.034	24.6
XP_015191458.1	XP_001122546.4	28.814	59	34	2	2	52	89	147	0.039	24.3
XP_015191594.1	XP_016767396.2	22.581	124	87	3	12	129	607	727	0.008	26.9
XP_015191594.1	XP_001122546.4	22.581	124	87	3	12	129	587	707	0.011	26.6
XP_015191595.1	XP_016767396.2	24.638	69	46	2	45	107	659	727	0.018	25.8
XP_015191595.1	XP_001122546.4	24.638	69	46	2	45	107	639	707	0.019	25.8
XP_015191654.1	XP_016767396.2	23.457	81	53	3	69	141	362	441	0.015	24.6
XP_015191654.1	XP_001122546.4	23.457	81	53	3	69	141	362	441	0.018	24.6
