XP_014598458.1	XP_001122546.4	24.074	54	37	1	471	524	531	580	0.034	25.4
XP_014598458.1	XP_016767396.2	24.074	54	37	1	471	524	551	600	0.035	25.4
XP_014598739.1	XP_001122571.3	19.388	98	70	2	1	98	258	346	0.048	23.1
XP_014598740.1	XP_001122571.3	19.388	98	70	2	1	98	258	346	0.048	23.1
XP_014598741.1	XP_001122571.3	19.388	98	70	2	1	98	258	346	0.048	23.1
XP_014598986.1	XP_001122546.4	74.308	759	187	3	38	796	6	756	0.0	1126
XP_014598986.1	XP_016767396.2	72.401	779	187	4	38	796	6	776	0.0	1115
XP_014598987.1	XP_001122571.3	34.146	41	27	0	31	71	20	60	0.001	28.1
XP_014599041.1	XP_026296025.1	93.525	278	12	2	1	272	5	282	4.25e-168	456
XP_014599041.1	XP_026296028.1	96.226	265	10	0	8	272	6	270	3.28e-167	454
XP_014599041.1	XP_026296027.1	96.226	265	10	0	8	272	6	270	3.28e-167	454
XP_014599041.1	XP_026296026.1	96.226	265	10	0	8	272	6	270	3.28e-167	454
XP_014599163.1	XP_001122546.4	30.435	46	30	1	271	314	472	517	0.027	25.4
XP_014599164.1	XP_001122546.4	30.435	46	30	1	271	314	472	517	0.027	25.4
XP_014599165.1	XP_001122546.4	30.435	46	30	1	271	314	472	517	0.027	25.4
XP_014599166.1	XP_001122546.4	30.435	46	30	1	271	314	472	517	0.026	25.4
XP_014599228.1	XP_016767396.2	30.986	71	43	3	39	109	1	65	0.020	25.4
XP_014599228.1	XP_001122546.4	30.986	71	43	3	39	109	1	65	0.022	25.4
XP_014599281.1	XP_001122546.4	45.833	24	13	0	224	247	352	375	0.009	27.3
XP_014599281.1	XP_016767396.2	45.833	24	13	0	224	247	352	375	0.010	26.9
XP_014599334.1	XP_001122571.3	27.000	100	38	4	1234	1305	256	348	0.045	26.2
XP_014599335.1	XP_001122571.3	27.000	100	38	4	1226	1297	256	348	0.042	26.2
XP_014599336.1	XP_001122571.3	27.000	100	38	4	1185	1256	256	348	0.043	26.2
XP_014599338.1	XP_001122571.3	27.434	113	46	5	863	947	244	348	0.047	25.8
XP_014599339.1	XP_001122571.3	27.434	113	46	5	814	898	244	348	0.040	25.8
XP_014599353.1	XP_001122571.3	24.675	77	49	2	60	134	251	320	0.025	26.2
XP_014599394.1	XP_016767396.2	28.205	78	51	1	207	284	136	208	8.67e-04	30.0
XP_014599394.1	XP_001122546.4	28.205	78	51	1	207	284	136	208	0.001	29.6
XP_014599403.1	XP_016767396.2	28.205	78	51	1	207	284	136	208	8.43e-04	30.0
XP_014599403.1	XP_001122546.4	28.205	78	51	1	207	284	136	208	8.92e-04	29.6
XP_014599971.1	NP_001011607.1	46.154	26	13	1	74	98	44	69	0.005	25.0
XP_014599972.1	NP_001011607.1	46.154	26	13	1	74	98	44	69	0.005	25.0
XP_014599973.1	NP_001011607.1	46.154	26	13	1	74	98	44	69	0.005	25.0
XP_014599974.1	NP_001011607.1	46.154	26	13	1	74	98	44	69	0.005	25.0
XP_014599975.1	NP_001011607.1	46.154	26	13	1	74	98	44	69	0.005	25.0
XP_014600525.1	XP_016767396.2	30.769	117	57	7	94	210	501	593	0.014	26.9
XP_014600525.1	XP_001122546.4	30.631	111	55	6	100	210	485	573	0.015	26.9
XP_014600581.1	XP_016767396.2	47.826	23	12	0	76	98	497	519	0.036	21.9
XP_014601196.1	XP_016767396.2	28.169	71	44	2	238	308	628	691	0.037	24.6
XP_014601196.1	XP_001122546.4	28.169	71	44	2	238	308	608	671	0.038	24.6
XP_014601197.1	XP_016767396.2	28.169	71	44	2	238	308	628	691	0.037	24.6
XP_014601197.1	XP_001122546.4	28.169	71	44	2	238	308	608	671	0.038	24.6
XP_014601813.1	XP_016767396.2	33.333	60	34	2	462	516	298	356	0.022	26.2
XP_014601813.1	XP_001122546.4	33.333	60	34	2	462	516	298	356	0.024	25.8
XP_014601814.1	XP_016767396.2	33.333	60	34	2	449	503	298	356	0.021	26.2
XP_014601814.1	XP_001122546.4	33.333	60	34	2	449	503	298	356	0.023	25.8
XP_014601822.1	XP_016767396.2	25.000	84	46	4	37	107	308	387	0.005	26.2
XP_014601822.1	XP_001122546.4	25.000	84	46	4	37	107	308	387	0.005	26.2
XP_014602076.1	XP_016767396.2	30.189	53	37	0	417	469	51	103	0.007	28.5
XP_014602076.1	XP_001122546.4	30.189	53	37	0	417	469	51	103	0.009	28.1
XP_014602525.1	XP_016767396.2	28.814	59	42	0	316	374	78	136	0.049	25.4
XP_014602525.1	XP_001122546.4	28.814	59	42	0	316	374	78	136	0.049	25.4
XP_014602526.1	XP_016767396.2	28.814	59	42	0	315	373	78	136	0.048	25.4
XP_014602526.1	XP_001122546.4	28.814	59	42	0	315	373	78	136	0.049	25.4
XP_014602587.1	XP_001122546.4	26.190	84	55	2	148	231	501	577	0.010	26.6
XP_014602587.1	XP_016767396.2	26.190	84	55	2	148	231	521	597	0.012	26.2
XP_014602589.1	XP_016767396.2	34.091	44	19	2	108	145	201	240	0.040	23.1
XP_014602589.1	XP_001122546.4	35.714	42	17	2	110	145	203	240	0.041	23.1
XP_014602640.1	XP_016767396.2	24.490	49	37	0	217	265	583	631	0.001	28.9
XP_014602640.1	XP_001122546.4	24.490	49	37	0	217	265	563	611	0.002	28.9
XP_014602966.1	XP_016767396.2	42.308	26	15	0	606	631	501	526	0.040	25.4
XP_014602967.1	XP_016767396.2	42.308	26	15	0	598	623	501	526	0.037	25.4
XP_014602968.1	XP_016767396.2	42.308	26	15	0	570	595	501	526	0.039	25.0
XP_014602969.1	XP_016767396.2	42.308	26	15	0	562	587	501	526	0.039	25.0
XP_014602970.1	XP_016767396.2	42.308	26	15	0	539	564	501	526	0.042	25.0
XP_014602971.1	XP_016767396.2	31.250	48	33	0	42	89	234	281	0.002	27.7
XP_014602971.1	XP_001122546.4	31.250	48	33	0	42	89	234	281	0.002	27.7
XP_014603100.1	XP_001122546.4	26.446	121	75	3	427	536	198	315	0.025	25.8
XP_014603100.1	XP_016767396.2	26.446	121	75	3	427	536	198	315	0.025	25.8
XP_014603101.1	XP_001122546.4	26.446	121	75	3	393	502	198	315	0.017	26.2
XP_014603101.1	XP_016767396.2	26.446	121	75	3	393	502	198	315	0.018	26.2
XP_014603187.1	XP_001122546.4	26.667	90	62	2	37	122	426	515	0.007	26.9
XP_014603444.1	XP_001122546.4	25.490	102	62	4	118	211	320	415	0.003	26.9
XP_014603444.1	XP_016767396.2	25.490	102	62	4	118	211	320	415	0.003	26.9
XP_014603533.1	XP_001122546.4	25.490	102	62	4	118	211	320	415	0.003	26.9
XP_014603533.1	XP_016767396.2	25.490	102	62	4	118	211	320	415	0.003	26.9
XP_014603622.1	XP_016767396.2	25.490	102	62	4	97	190	320	415	0.008	25.4
XP_014603622.1	XP_001122546.4	25.490	102	62	4	97	190	320	415	0.008	25.4
XP_014603635.1	XP_016767396.2	47.826	23	12	0	76	98	497	519	0.036	21.9
XP_014603636.1	XP_016767396.2	47.826	23	12	0	76	98	497	519	0.036	21.9
XP_014603707.1	XP_016767396.2	25.490	102	62	4	97	190	320	415	0.008	25.4
XP_014603707.1	XP_001122546.4	25.490	102	62	4	97	190	320	415	0.008	25.4
XP_014603857.1	XP_016767396.2	34.211	38	21	1	49	82	143	180	0.026	22.7
XP_014603857.1	XP_016767396.2	31.250	32	22	0	54	85	78	109	0.037	22.3
XP_014603857.1	XP_001122546.4	34.211	38	21	1	49	82	143	180	0.027	22.7
XP_014603857.1	XP_001122546.4	31.250	32	22	0	54	85	78	109	0.038	22.3
XP_014603858.1	XP_016767396.2	34.211	38	21	1	46	79	143	180	0.030	22.7
XP_014603858.1	XP_016767396.2	31.250	32	22	0	51	82	78	109	0.039	22.3
XP_014603858.1	XP_001122546.4	34.211	38	21	1	46	79	143	180	0.032	22.3
XP_014603858.1	XP_001122546.4	31.250	32	22	0	51	82	78	109	0.044	21.9
XP_014603859.1	XP_016767396.2	34.211	38	21	1	46	79	143	180	0.030	22.7
XP_014603859.1	XP_016767396.2	31.250	32	22	0	51	82	78	109	0.039	22.3
XP_014603859.1	XP_001122546.4	34.211	38	21	1	46	79	143	180	0.032	22.3
XP_014603859.1	XP_001122546.4	31.250	32	22	0	51	82	78	109	0.044	21.9
XP_014603860.1	XP_016767396.2	34.211	38	21	1	46	79	143	180	0.030	22.7
XP_014603860.1	XP_016767396.2	31.250	32	22	0	51	82	78	109	0.039	22.3
XP_014603860.1	XP_001122546.4	34.211	38	21	1	46	79	143	180	0.032	22.3
XP_014603860.1	XP_001122546.4	31.250	32	22	0	51	82	78	109	0.044	21.9
XP_014604177.1	XP_001122546.4	29.032	93	56	3	729	811	287	379	0.050	25.4
XP_014604178.1	XP_001122546.4	29.032	93	56	3	729	811	287	379	0.050	25.4
XP_014604597.1	XP_016767396.2	34.615	26	17	0	46	71	151	176	0.040	25.0
XP_014604597.1	XP_001122546.4	34.615	26	17	0	46	71	151	176	0.041	25.0
XP_014604790.1	XP_016767396.2	35.135	37	24	0	196	232	557	593	0.013	25.8
XP_014604790.1	XP_001122546.4	35.135	37	24	0	196	232	537	573	0.014	25.4
XP_014605008.1	XP_001122546.4	28.571	56	39	1	504	559	88	142	0.042	25.4
XP_014605008.1	XP_016767396.2	28.571	56	39	1	504	559	88	142	0.042	25.4
XP_014605231.1	XP_001122546.4	32.258	31	21	0	89	119	507	537	0.039	24.3
XP_014605231.1	XP_016767396.2	32.258	31	21	0	89	119	527	557	0.041	24.3
XP_014605257.1	XP_016767396.2	27.397	73	43	3	32	97	60	129	0.004	26.9
XP_014605257.1	XP_001122546.4	27.397	73	43	3	32	97	60	129	0.004	26.9
XP_014605280.1	XP_026296025.1	29.310	58	34	1	1429	1479	162	219	0.031	26.9
XP_014605384.1	XP_016767396.2	33.333	66	40	3	280	341	602	667	0.007	28.1
XP_014605384.1	XP_001122546.4	33.333	66	40	3	280	341	582	647	0.007	27.7
XP_014605385.1	XP_016767396.2	33.333	66	40	3	280	341	602	667	0.009	27.3
XP_014605385.1	XP_001122546.4	33.333	66	40	3	280	341	582	647	0.010	27.3
XP_014605589.1	XP_016767396.2	25.503	149	90	4	268	404	61	200	0.004	29.6
XP_014605589.1	XP_001122546.4	25.000	152	93	4	268	407	61	203	0.004	29.6
XP_014605591.1	XP_016767396.2	25.503	149	90	4	268	404	61	200	0.004	30.0
XP_014605591.1	XP_001122546.4	25.000	152	93	4	268	407	61	203	0.004	30.0
XP_014605592.1	XP_001122546.4	25.000	152	93	4	242	381	61	203	0.004	29.6
XP_014605592.1	XP_016767396.2	25.503	149	90	4	242	378	61	200	0.004	29.6
XP_014605593.1	XP_016767396.2	25.503	149	90	4	235	371	61	200	0.004	29.6
XP_014605593.1	XP_001122546.4	25.000	152	93	4	235	374	61	203	0.004	29.6
XP_014605849.1	XP_016767396.2	27.826	115	72	6	168	277	659	767	0.002	28.9
XP_014605849.1	XP_001122546.4	27.826	115	72	6	168	277	639	747	0.003	28.5
XP_014605989.1	XP_016767396.2	30.556	72	35	4	337	407	313	370	1.98e-04	32.3
XP_014605989.1	XP_001122546.4	30.556	72	35	4	337	407	313	370	2.11e-04	32.3
XP_014606003.1	XP_016767396.2	28.986	69	42	3	533	599	459	522	0.020	26.6
XP_014606003.1	XP_001122546.4	33.333	42	28	0	533	574	459	500	0.033	25.8
XP_014606004.1	XP_016767396.2	28.986	69	42	3	403	469	459	522	0.015	26.6
XP_014606004.1	XP_001122546.4	33.333	42	28	0	403	444	459	500	0.025	25.8
XP_014606064.1	XP_016767396.2	25.000	120	83	3	181	299	10	123	0.007	28.1
XP_014606064.1	XP_001122546.4	27.273	66	47	1	181	245	10	75	0.008	28.1
XP_014606065.1	XP_016767396.2	25.000	120	83	3	181	299	10	123	0.007	28.1
XP_014606065.1	XP_001122546.4	27.273	66	47	1	181	245	10	75	0.008	28.1
XP_014606747.1	XP_001122546.4	34.043	47	24	1	577	623	659	698	0.012	27.7
XP_014606747.1	XP_016767396.2	34.043	47	24	1	577	623	679	718	0.013	27.7
XP_014606821.1	XP_016767396.2	28.512	242	150	7	1510	1732	50	287	1.41e-04	35.0
XP_014606821.1	XP_001122546.4	28.512	242	150	7	1510	1732	50	287	2.09e-04	34.3
XP_014606822.1	XP_016767396.2	28.512	242	150	7	1508	1730	50	287	1.61e-04	34.7
XP_014606822.1	XP_001122546.4	28.512	242	150	7	1508	1730	50	287	1.95e-04	34.7
XP_014606823.1	XP_016767396.2	28.512	242	150	7	1507	1729	50	287	1.64e-04	34.7
XP_014606823.1	XP_001122546.4	28.512	242	150	7	1507	1729	50	287	1.93e-04	34.7
XP_014606824.1	XP_016767396.2	28.512	242	150	7	1505	1727	50	287	1.63e-04	34.7
XP_014606824.1	XP_001122546.4	28.512	242	150	7	1505	1727	50	287	1.97e-04	34.7
XP_014606825.1	XP_016767396.2	28.512	242	150	7	1495	1717	50	287	1.66e-04	34.7
XP_014606825.1	XP_001122546.4	28.512	242	150	7	1495	1717	50	287	2.04e-04	34.3
XP_014607167.1	XP_001122546.4	46.429	28	15	0	18	45	386	413	0.044	21.9
XP_014607167.1	XP_016767396.2	46.429	28	15	0	18	45	386	413	0.046	21.9
XP_014607200.1	XP_026296028.1	31.429	70	38	4	121	189	137	197	0.003	27.3
XP_014607200.1	XP_026296027.1	31.429	70	38	4	121	189	137	197	0.003	27.3
XP_014607200.1	XP_026296026.1	31.429	70	38	4	121	189	137	197	0.003	27.3
XP_014607200.1	XP_026296025.1	31.429	70	38	4	121	189	149	209	0.003	27.3
XP_014607253.1	XP_001122546.4	30.612	49	26	1	13	61	511	551	0.045	25.8
XP_014607263.1	XP_001122546.4	30.612	49	26	1	13	61	511	551	0.045	25.8
XP_014607337.1	XP_026296028.1	30.556	36	25	0	257	292	81	116	0.026	24.3
XP_014607337.1	XP_026296027.1	30.556	36	25	0	257	292	81	116	0.026	24.3
XP_014607337.1	XP_026296026.1	30.556	36	25	0	257	292	81	116	0.026	24.3
XP_014607337.1	XP_026296025.1	30.556	36	25	0	257	292	93	128	0.028	24.3
XP_014607354.1	XP_026296025.1	28.889	45	32	0	200	244	109	153	0.042	24.6
XP_014607354.1	XP_026296028.1	28.889	45	32	0	200	244	97	141	0.046	24.6
XP_014607354.1	XP_026296027.1	28.889	45	32	0	200	244	97	141	0.046	24.6
XP_014607354.1	XP_026296026.1	28.889	45	32	0	200	244	97	141	0.046	24.6
XP_014607397.1	XP_016767396.2	32.075	53	33	2	284	336	163	212	0.044	25.8
XP_014607397.1	XP_001122546.4	32.075	53	33	2	284	336	163	212	0.047	25.8
XP_014607495.1	XP_001122546.4	27.068	133	76	5	525	637	502	633	0.016	26.9
XP_014607495.1	XP_016767396.2	27.068	133	76	5	525	637	522	653	0.020	26.6
XP_014607496.1	XP_001122546.4	27.068	133	76	5	525	637	502	633	0.016	26.9
XP_014607496.1	XP_016767396.2	27.068	133	76	5	525	637	522	653	0.019	26.6
XP_014607632.1	XP_001122546.4	28.169	71	36	3	161	216	447	517	0.023	26.2
XP_014607633.1	XP_001122546.4	28.169	71	36	3	149	204	447	517	0.024	26.2
XP_014607634.1	XP_001122546.4	28.169	71	36	3	161	216	447	517	0.021	26.2
XP_014607635.1	XP_001122546.4	28.169	71	36	3	161	216	447	517	0.021	26.2
XP_014607637.1	XP_001122546.4	28.169	71	36	3	107	162	447	517	0.025	26.2
XP_014607638.1	XP_001122546.4	28.169	71	36	3	107	162	447	517	0.025	26.2
XP_014607639.1	XP_001122546.4	28.169	71	36	3	107	162	447	517	0.025	26.2
XP_014607640.1	XP_001122546.4	28.169	71	36	3	107	162	447	517	0.025	26.2
XP_014607641.1	XP_001122546.4	28.169	71	36	3	107	162	447	517	0.025	26.2
XP_014607642.1	XP_001122546.4	28.169	71	36	3	161	216	447	517	0.020	26.2
XP_014607643.1	XP_001122546.4	28.169	71	36	3	86	141	447	517	0.022	26.2
XP_014607923.1	XP_001122546.4	29.193	161	92	6	37	185	461	611	0.002	30.4
XP_014607923.1	XP_016767396.2	31.148	122	65	4	74	185	519	631	0.003	29.6
XP_014607938.1	XP_001122571.3	32.609	46	28	1	16	58	301	346	0.017	24.6
XP_014608039.1	XP_016767396.2	34.694	49	32	0	245	293	567	615	0.036	24.6
XP_014608039.1	XP_001122546.4	34.694	49	32	0	245	293	547	595	0.039	24.6
XP_014608062.1	XP_016767396.2	26.042	96	62	3	154	246	605	694	2.82e-04	30.8
XP_014608062.1	XP_001122546.4	26.042	96	62	3	154	246	585	674	3.06e-04	30.8
XP_014608063.1	XP_016767396.2	25.773	97	63	3	147	240	604	694	2.67e-04	30.8
XP_014608063.1	XP_001122546.4	26.042	96	62	3	148	240	585	674	3.06e-04	30.8
XP_014608104.1	XP_016767396.2	23.077	39	30	0	138	176	631	669	0.028	23.5
XP_014608104.1	XP_001122546.4	23.077	39	30	0	138	176	611	649	0.029	23.5
XP_014608140.1	XP_001122571.3	25.333	75	47	2	137	211	257	322	0.013	25.8
XP_014608171.1	XP_001122546.4	34.000	50	33	0	484	533	477	526	0.010	27.3
XP_014608259.1	NP_001011607.1	53.333	15	7	0	116	130	56	70	0.029	23.5
XP_014608530.1	XP_001122571.3	30.769	39	27	0	69	107	20	58	0.027	25.0
XP_014608532.1	XP_001122571.3	30.769	39	27	0	69	107	20	58	0.026	25.0
XP_014608533.1	XP_001122571.3	30.769	39	27	0	69	107	20	58	0.026	25.4
XP_014608534.1	XP_001122571.3	30.769	39	27	0	69	107	20	58	0.045	24.3
XP_014608725.1	XP_016767396.2	34.091	44	27	1	51	92	187	230	0.013	24.3
XP_014608725.1	XP_001122546.4	34.091	44	27	1	51	92	187	230	0.015	23.9
XP_014608726.1	XP_001122571.3	35.897	39	20	1	1	34	1	39	0.007	25.8
XP_014609402.1	XP_001122546.4	24.272	103	69	3	834	935	484	578	0.001	31.6
XP_014609402.1	XP_016767396.2	24.272	103	69	3	834	935	504	598	0.002	31.2
XP_014609645.1	XP_016767396.2	22.222	63	49	0	333	395	194	256	0.044	24.3
XP_014609740.1	XP_026296025.1	25.287	87	51	3	1	84	127	202	0.001	29.6
XP_014609740.1	XP_026296028.1	25.287	87	51	3	1	84	115	190	0.001	29.6
XP_014609740.1	XP_026296027.1	25.287	87	51	3	1	84	115	190	0.001	29.6
XP_014609740.1	XP_026296026.1	25.287	87	51	3	1	84	115	190	0.001	29.6
XP_014610038.1	XP_026296028.1	26.667	75	49	2	254	327	107	176	0.009	26.2
XP_014610038.1	XP_026296027.1	26.667	75	49	2	254	327	107	176	0.009	26.2
XP_014610038.1	XP_026296026.1	26.667	75	49	2	254	327	107	176	0.009	26.2
XP_014610038.1	XP_026296025.1	26.667	75	49	2	254	327	119	188	0.009	26.2
XP_014610039.1	XP_026296028.1	26.667	75	49	2	254	327	107	176	0.009	26.2
XP_014610039.1	XP_026296027.1	26.667	75	49	2	254	327	107	176	0.009	26.2
XP_014610039.1	XP_026296026.1	26.667	75	49	2	254	327	107	176	0.009	26.2
XP_014610039.1	XP_026296025.1	26.667	75	49	2	254	327	119	188	0.009	26.2
XP_014610040.1	XP_026296028.1	26.667	75	49	2	232	305	107	176	0.009	26.2
XP_014610040.1	XP_026296027.1	26.667	75	49	2	232	305	107	176	0.009	26.2
XP_014610040.1	XP_026296026.1	26.667	75	49	2	232	305	107	176	0.009	26.2
XP_014610040.1	XP_026296025.1	26.667	75	49	2	232	305	119	188	0.010	26.2
XP_014610160.1	XP_001122546.4	35.556	45	21	2	44	83	152	193	0.030	26.6
XP_014610160.1	XP_016767396.2	35.556	45	21	2	44	83	152	193	0.035	26.2
XP_014610171.1	XP_016767396.2	29.412	51	36	0	286	336	249	299	0.007	26.9
XP_014610171.1	XP_016767396.2	36.364	33	21	0	233	265	347	379	0.043	24.6
XP_014610171.1	XP_001122546.4	29.412	51	36	0	286	336	249	299	0.007	26.9
XP_014610171.1	XP_001122546.4	36.364	33	21	0	233	265	347	379	0.044	24.6
XP_014610226.1	XP_001122546.4	25.926	108	72	4	191	291	584	690	0.017	25.8
XP_014610226.1	XP_016767396.2	25.926	108	72	4	191	291	604	710	0.018	25.8
XP_014610289.1	XP_016767396.2	27.869	61	42	1	169	227	404	464	0.030	23.9
XP_014610289.1	XP_001122546.4	27.869	61	42	1	169	227	404	464	0.035	23.9
XP_014610290.1	XP_016767396.2	27.869	61	42	1	169	227	404	464	0.030	23.9
XP_014610290.1	XP_001122546.4	27.869	61	42	1	169	227	404	464	0.035	23.9
XP_014610430.1	XP_001122546.4	28.125	32	23	0	196	227	10	41	0.041	23.9
XP_014610430.1	XP_016767396.2	29.032	31	22	0	196	226	10	40	0.042	23.9
XP_014610504.1	XP_001122571.3	33.333	39	25	1	1	39	1	38	0.049	22.3
XP_014611150.1	XP_016767396.2	25.000	64	40	1	294	349	29	92	0.029	24.6
XP_014611150.1	XP_001122546.4	25.000	64	40	1	294	349	29	92	0.029	24.6
XP_014611188.1	XP_001122571.3	38.095	42	24	2	15	56	21	60	0.008	27.3
XP_014611190.1	XP_001122571.3	38.095	42	24	2	15	56	21	60	0.008	27.3
XP_014611208.1	XP_016767396.2	22.222	171	118	5	49	206	97	265	0.018	26.2
XP_014611208.1	XP_001122546.4	22.222	171	118	5	49	206	97	265	0.022	25.8
XP_014611594.1	XP_016767396.2	28.814	59	34	2	2	52	89	147	0.042	24.3
XP_014611594.1	XP_001122546.4	28.814	59	34	2	2	52	89	147	0.045	24.3
XP_014611616.1	XP_026296028.1	42.424	33	16	1	413	445	132	161	0.007	27.3
XP_014611616.1	XP_026296027.1	42.424	33	16	1	413	445	132	161	0.007	27.3
XP_014611616.1	XP_026296026.1	42.424	33	16	1	413	445	132	161	0.007	27.3
XP_014611616.1	XP_026296025.1	42.424	33	16	1	413	445	144	173	0.008	26.9
XP_014611653.1	XP_016767396.2	24.427	131	74	5	916	1038	190	303	0.016	27.3
XP_014611653.1	XP_001122546.4	24.427	131	74	5	916	1038	190	303	0.016	27.3
XP_014611655.1	XP_016767396.2	35.849	53	33	1	568	619	15	67	0.012	28.5
XP_014611655.1	XP_001122546.4	35.849	53	33	1	568	619	15	67	0.012	28.5
XP_014611670.1	XP_016767396.2	22.642	53	41	0	5	57	424	476	0.007	26.2
XP_014611670.1	XP_001122546.4	22.642	53	41	0	5	57	424	476	0.007	26.2
XP_014611936.1	XP_001122546.4	50.000	18	9	0	168	185	732	749	0.039	23.5
XP_014611936.1	XP_016767396.2	50.000	18	9	0	168	185	752	769	0.039	23.5
XP_014612066.1	XP_016767396.2	23.577	123	69	5	452	549	17	139	0.020	26.6
XP_014612066.1	XP_001122546.4	23.577	123	69	5	452	549	17	139	0.021	26.6
XP_014612068.1	XP_016767396.2	23.577	123	69	5	452	549	17	139	0.020	26.6
XP_014612068.1	XP_001122546.4	23.577	123	69	5	452	549	17	139	0.021	26.6
XP_014612123.1	XP_001122571.3	30.645	62	37	2	84	142	291	349	0.011	24.3
XP_014612151.1	XP_016767396.2	32.000	50	32	1	130	177	521	570	0.041	24.3
XP_014612151.1	XP_001122546.4	32.000	50	32	1	130	177	501	550	0.049	23.9
XP_014612203.1	XP_001122546.4	28.916	83	44	2	207	274	12	94	0.002	30.0
XP_014612203.1	XP_016767396.2	28.916	83	44	2	207	274	12	94	0.002	29.6
XP_014612204.1	XP_001122546.4	28.916	83	44	2	207	274	12	94	0.002	30.0
XP_014612204.1	XP_016767396.2	28.916	83	44	2	207	274	12	94	0.002	29.6
XP_014612205.1	XP_001122546.4	28.916	83	44	2	207	274	12	94	0.002	30.0
XP_014612205.1	XP_016767396.2	28.916	83	44	2	207	274	12	94	0.002	29.6
XP_014612256.1	XP_016767396.2	22.581	93	65	3	2672	2760	42	131	0.004	30.8
XP_014612256.1	XP_001122546.4	22.581	93	65	3	2672	2760	42	131	0.004	30.4
XP_014612331.1	XP_001122546.4	22.500	40	31	0	24	63	262	301	0.039	24.3
XP_014612331.1	XP_016767396.2	22.500	40	31	0	24	63	262	301	0.040	24.3
XP_014612340.1	XP_016767396.2	22.500	40	31	0	24	63	262	301	0.029	24.3
XP_014612340.1	XP_001122546.4	22.500	40	31	0	24	63	262	301	0.030	24.3
XP_014612484.1	XP_001122546.4	20.635	126	91	4	54	176	103	222	0.013	25.8
XP_014612484.1	XP_016767396.2	20.635	126	91	4	54	176	103	222	0.014	25.8
XP_014612528.1	XP_016767396.2	21.827	197	123	9	211	389	468	651	0.005	27.3
XP_014612717.1	XP_016767396.2	28.736	87	48	4	503	582	607	686	0.020	26.2
XP_014612717.1	XP_001122546.4	28.736	87	48	4	503	582	587	666	0.020	26.2
XP_014612944.1	XP_001122546.4	42.857	35	17	1	146	177	568	602	0.036	24.3
XP_014612944.1	XP_016767396.2	42.857	35	17	1	146	177	588	622	0.039	24.3
XP_014612970.1	XP_001122546.4	42.857	35	17	1	146	177	568	602	0.036	24.3
XP_014612970.1	XP_016767396.2	42.857	35	17	1	146	177	588	622	0.039	24.3
XP_014612975.1	XP_026296028.1	37.705	61	32	3	426	483	105	162	0.016	25.8
XP_014612975.1	XP_026296027.1	37.705	61	32	3	426	483	105	162	0.016	25.8
XP_014612975.1	XP_026296026.1	37.705	61	32	3	426	483	105	162	0.016	25.8
XP_014612975.1	XP_026296025.1	37.705	61	32	3	426	483	117	174	0.021	25.8
XP_014612976.1	XP_026296028.1	37.705	61	32	3	425	482	105	162	0.017	25.8
XP_014612976.1	XP_026296027.1	37.705	61	32	3	425	482	105	162	0.017	25.8
XP_014612976.1	XP_026296026.1	37.705	61	32	3	425	482	105	162	0.017	25.8
XP_014612976.1	XP_026296025.1	37.705	61	32	3	425	482	117	174	0.020	25.8
XP_014612977.1	XP_026296028.1	37.705	61	32	3	385	442	105	162	0.016	25.8
XP_014612977.1	XP_026296027.1	37.705	61	32	3	385	442	105	162	0.016	25.8
XP_014612977.1	XP_026296026.1	37.705	61	32	3	385	442	105	162	0.016	25.8
XP_014612977.1	XP_026296025.1	37.705	61	32	3	385	442	117	174	0.020	25.8
XP_014612980.1	XP_026296028.1	37.705	61	32	3	326	383	105	162	0.010	26.2
XP_014612980.1	XP_026296027.1	37.705	61	32	3	326	383	105	162	0.010	26.2
XP_014612980.1	XP_026296026.1	37.705	61	32	3	326	383	105	162	0.010	26.2
XP_014612980.1	XP_026296025.1	37.705	61	32	3	326	383	117	174	0.012	26.2
XP_014612985.1	XP_001122546.4	42.857	35	17	1	146	177	568	602	0.036	24.3
XP_014612985.1	XP_016767396.2	42.857	35	17	1	146	177	588	622	0.039	24.3
XP_014612991.1	XP_001122546.4	42.857	35	17	1	146	177	568	602	0.032	24.6
XP_014612991.1	XP_016767396.2	42.857	35	17	1	146	177	588	622	0.033	24.6
XP_014613009.1	XP_001122571.3	43.478	23	13	0	144	166	17	39	0.034	23.1
XP_014613051.1	XP_026296028.1	40.741	27	12	1	24	46	149	175	0.021	23.1
XP_014613051.1	XP_026296027.1	40.741	27	12	1	24	46	149	175	0.021	23.1
XP_014613051.1	XP_026296026.1	40.741	27	12	1	24	46	149	175	0.021	23.1
XP_014613051.1	XP_026296025.1	40.741	27	12	1	24	46	161	187	0.022	23.1
XP_014613319.1	XP_001122546.4	28.302	53	35	2	160	212	588	637	0.042	25.4
XP_014613319.1	XP_016767396.2	28.302	53	35	2	160	212	608	657	0.043	25.4
XP_014613334.1	XP_016767396.2	24.444	315	163	13	923	1209	103	370	0.001	31.2
XP_014613334.1	XP_001122546.4	24.444	315	163	13	923	1209	103	370	0.001	31.2
XP_014613459.1	XP_026296025.1	24.638	69	48	1	705	769	149	217	0.039	26.6
XP_014613460.1	XP_026296025.1	24.638	69	48	1	701	765	149	217	0.042	26.6
XP_014613461.1	XP_026296025.1	24.638	69	48	1	705	769	149	217	0.039	26.6
XP_014613462.1	XP_026296025.1	24.638	69	48	1	705	769	149	217	0.036	26.6
XP_014613787.1	XP_016767396.2	21.212	66	43	2	36	101	198	254	0.044	22.3
XP_014613787.1	XP_001122546.4	21.212	66	43	2	36	101	198	254	0.046	21.9
XP_014614158.1	XP_001122571.3	38.889	36	22	0	22	57	25	60	0.020	27.3
XP_014614160.1	XP_001122571.3	38.889	36	22	0	22	57	25	60	0.020	27.3
XP_014614161.1	XP_001122571.3	38.889	36	22	0	22	57	25	60	0.020	27.3
XP_014614162.1	XP_001122571.3	38.889	36	22	0	22	57	25	60	0.020	27.3
XP_014614206.1	XP_001122546.4	27.778	36	26	0	60	95	360	395	0.030	24.3
XP_014614262.1	XP_016767396.2	35.714	28	16	1	286	311	711	738	0.012	25.8
XP_014614262.1	XP_001122546.4	35.714	28	16	1	286	311	691	718	0.013	25.8
XP_014614484.1	XP_001122546.4	33.333	51	26	2	753	802	441	484	0.049	26.2
XP_014614514.1	XP_001122546.4	24.309	181	114	6	2500	2659	279	457	0.004	31.2
XP_014614514.1	XP_016767396.2	24.309	181	114	6	2500	2659	279	457	0.004	31.2
XP_014614686.1	XP_026296025.1	32.653	49	25	1	81	129	173	213	0.018	23.1
XP_014614686.1	XP_026296028.1	32.653	49	25	1	81	129	161	201	0.022	22.7
XP_014614686.1	XP_026296027.1	32.653	49	25	1	81	129	161	201	0.022	22.7
XP_014614686.1	XP_026296026.1	32.653	49	25	1	81	129	161	201	0.022	22.7
XP_014614799.1	XP_001122546.4	52.632	19	9	0	95	113	101	119	0.024	24.3
XP_014614799.1	XP_016767396.2	52.632	19	9	0	95	113	101	119	0.025	24.3
XP_014614958.1	XP_001122546.4	31.250	48	31	1	1	46	145	192	0.006	23.9
XP_014614958.1	XP_016767396.2	31.250	48	31	1	1	46	145	192	0.006	23.9
XP_014614966.1	XP_016767396.2	33.333	27	18	0	99	125	528	554	0.048	21.9
XP_014614966.1	XP_001122546.4	33.333	27	18	0	99	125	508	534	0.050	21.9
XP_014614992.1	XP_001122546.4	43.478	23	13	0	340	362	593	615	0.035	24.6
XP_014614992.1	XP_016767396.2	43.478	23	13	0	340	362	613	635	0.038	24.6
XP_014615169.1	XP_016767396.2	30.769	65	38	3	40	97	651	715	3.23e-04	31.2
XP_014615169.1	XP_001122546.4	30.769	65	38	3	40	97	631	695	3.42e-04	30.8
XP_014615299.1	XP_016767396.2	21.951	164	99	6	103	252	304	452	0.002	28.1
XP_014615299.1	XP_001122546.4	21.951	164	99	6	103	252	304	452	0.002	27.7
XP_014615300.1	XP_016767396.2	21.951	164	99	6	103	252	304	452	0.002	28.1
XP_014615300.1	XP_001122546.4	21.951	164	99	6	103	252	304	452	0.002	27.7
XP_014615385.1	XP_016767396.2	26.761	71	38	2	190	259	468	525	0.023	25.0
XP_014615399.1	XP_026296028.1	36.364	33	20	1	135	167	108	139	0.037	22.7
XP_014615399.1	XP_026296027.1	36.364	33	20	1	135	167	108	139	0.037	22.7
XP_014615399.1	XP_026296026.1	36.364	33	20	1	135	167	108	139	0.037	22.7
XP_014615399.1	XP_026296025.1	36.364	33	20	1	135	167	120	151	0.044	22.7
XP_014615401.1	XP_026296028.1	36.364	33	20	1	118	150	108	139	0.041	22.3
XP_014615401.1	XP_026296027.1	36.364	33	20	1	118	150	108	139	0.041	22.3
XP_014615401.1	XP_026296026.1	36.364	33	20	1	118	150	108	139	0.041	22.3
XP_014615401.1	XP_026296025.1	36.364	33	20	1	118	150	120	151	0.048	22.3
XP_014615800.1	XP_001122546.4	23.684	152	81	7	176	315	590	718	0.028	25.4
XP_014615800.1	XP_016767396.2	23.026	152	82	6	176	315	610	738	0.037	25.0
XP_014616379.1	XP_001122546.4	35.714	28	18	0	38	65	654	681	0.047	23.9
XP_014616670.1	XP_016767396.2	37.838	37	22	1	48	84	3	38	0.021	26.2
XP_014616670.1	XP_001122546.4	37.838	37	22	1	48	84	3	38	0.023	26.2
XP_014616683.1	XP_016767396.2	24.638	69	46	2	67	129	659	727	0.019	25.8
XP_014616683.1	XP_001122546.4	24.638	69	46	2	67	129	639	707	0.022	25.4
XP_014616684.1	XP_016767396.2	24.638	69	46	2	45	107	659	727	0.017	25.8
XP_014616684.1	XP_001122546.4	24.638	69	46	2	45	107	639	707	0.021	25.4
XP_014616722.1	XP_001122546.4	18.919	37	30	0	64	100	352	388	0.017	24.3
XP_014616722.1	XP_016767396.2	18.919	37	30	0	64	100	352	388	0.019	23.9
XP_014616959.1	XP_016767396.2	23.750	160	97	7	2	143	147	299	0.044	25.8
XP_014616959.1	XP_001122546.4	23.750	160	97	7	2	143	147	299	0.049	25.8
XP_014616969.1	XP_016767396.2	23.750	160	97	7	2	143	147	299	0.044	25.8
XP_014616969.1	XP_001122546.4	23.750	160	97	7	2	143	147	299	0.049	25.8
XP_014616971.1	XP_016767396.2	47.826	23	12	0	76	98	497	519	0.036	21.9
