NP_001291520.1	XP_001122546.4	36.364	33	17	1	30	62	706	734	0.043	23.5
NP_001291520.1	XP_016767396.2	36.364	33	17	1	30	62	726	754	0.043	23.5
XP_011155523.1	XP_001122546.4	27.500	40	20	1	131	170	679	709	0.045	22.7
XP_011155523.1	XP_016767396.2	27.500	40	20	1	131	170	699	729	0.046	22.7
XP_011155661.1	XP_016767396.2	28.800	125	60	5	1048	1157	205	315	0.012	27.7
XP_011155661.1	XP_001122546.4	28.800	125	60	5	1048	1157	205	315	0.014	27.7
XP_011155676.1	XP_016767396.2	44.737	38	20	1	160	197	394	430	0.032	23.9
XP_011155676.1	XP_001122546.4	44.737	38	20	1	160	197	394	430	0.033	23.9
XP_011156268.1	XP_016767396.2	47.826	23	12	0	76	98	497	519	0.036	21.9
XP_011156539.1	XP_016767396.2	34.483	29	18	1	43	71	412	439	0.028	22.3
XP_011156539.1	XP_001122546.4	34.483	29	18	1	43	71	412	439	0.028	22.3
XP_011156578.1	XP_001122546.4	29.091	55	34	1	84	133	673	727	0.014	24.6
XP_011156578.1	XP_016767396.2	29.091	55	34	1	84	133	693	747	0.014	24.6
XP_011156599.1	XP_001122546.4	22.535	284	176	11	1962	2237	313	560	0.023	28.5
XP_011156599.1	XP_016767396.2	25.197	127	81	3	1962	2081	313	432	0.026	28.1
XP_011156680.1	XP_016767396.2	33.333	141	66	10	112	245	559	678	0.046	23.9
XP_011156907.1	XP_001122546.4	33.333	27	18	0	32	58	321	347	0.048	23.1
XP_011156914.1	XP_001122546.4	33.333	27	18	0	32	58	321	347	0.041	23.5
XP_011156914.1	XP_016767396.2	33.333	27	18	0	32	58	321	347	0.041	23.5
XP_011156935.1	XP_026296025.1	43.478	23	13	0	63	85	131	153	0.034	21.9
XP_011156935.1	XP_026296028.1	43.478	23	13	0	63	85	119	141	0.037	21.6
XP_011156935.1	XP_026296027.1	43.478	23	13	0	63	85	119	141	0.037	21.6
XP_011156935.1	XP_026296026.1	43.478	23	13	0	63	85	119	141	0.037	21.6
XP_011157150.1	XP_001122546.4	30.357	56	35	1	108	163	606	657	0.002	27.3
XP_011157150.1	XP_016767396.2	30.357	56	35	1	108	163	626	677	0.002	27.3
XP_011157246.1	XP_026296028.1	30.435	23	16	0	105	127	146	168	0.029	22.7
XP_011157246.1	XP_026296027.1	30.435	23	16	0	105	127	146	168	0.029	22.7
XP_011157246.1	XP_026296026.1	30.435	23	16	0	105	127	146	168	0.029	22.7
XP_011157246.1	XP_026296025.1	30.435	23	16	0	105	127	158	180	0.030	22.7
XP_011157438.1	XP_001122571.3	43.750	32	16	1	112	141	317	348	0.001	27.3
XP_011157438.1	XP_001122571.3	29.268	41	28	1	9	49	8	47	0.013	23.9
XP_011158016.1	XP_001122546.4	24.731	93	62	2	1278	1367	43	130	0.009	28.9
XP_011158016.1	XP_016767396.2	24.731	93	62	2	1278	1367	43	130	0.010	28.5
XP_011158017.1	XP_001122546.4	24.731	93	62	2	1277	1366	43	130	0.009	28.9
XP_011158017.1	XP_016767396.2	24.731	93	62	2	1277	1366	43	130	0.010	28.5
XP_011158018.1	XP_001122546.4	24.731	93	62	2	1214	1303	43	130	0.010	28.5
XP_011158018.1	XP_016767396.2	24.731	93	62	2	1214	1303	43	130	0.011	28.5
XP_011158019.2	XP_001122546.4	24.731	93	62	2	1214	1303	43	130	0.010	28.5
XP_011158019.2	XP_016767396.2	24.731	93	62	2	1214	1303	43	130	0.011	28.5
XP_011158020.1	XP_001122546.4	24.731	93	62	2	1207	1296	43	130	0.009	28.9
XP_011158020.1	XP_016767396.2	24.731	93	62	2	1207	1296	43	130	0.011	28.5
XP_011158021.1	XP_001122546.4	24.731	93	62	2	1133	1222	43	130	0.010	28.5
XP_011158021.1	XP_016767396.2	24.731	93	62	2	1133	1222	43	130	0.011	28.5
XP_011158047.1	XP_026296028.1	44.444	27	14	1	128	154	176	201	0.034	22.7
XP_011158047.1	XP_026296027.1	44.444	27	14	1	128	154	176	201	0.034	22.7
XP_011158047.1	XP_026296026.1	44.444	27	14	1	128	154	176	201	0.034	22.7
XP_011158047.1	XP_026296025.1	44.444	27	14	1	128	154	188	213	0.042	22.3
XP_011158072.1	XP_001122546.4	30.769	65	44	1	276	340	584	647	0.015	25.8
XP_011158072.1	XP_016767396.2	30.769	65	44	1	276	340	604	667	0.016	25.4
XP_011158250.1	XP_001122571.3	33.962	53	28	3	84	133	275	323	0.010	26.6
XP_011158331.1	NP_001011607.1	34.615	26	17	0	51	76	44	69	0.010	23.9
XP_011158448.1	XP_016767396.2	27.907	43	29	1	163	203	50	92	0.049	23.1
XP_011158667.1	XP_001122546.4	24.167	120	65	5	182	286	619	727	0.039	25.0
XP_011158667.1	XP_016767396.2	24.167	120	65	5	182	286	639	747	0.045	25.0
XP_011158668.1	XP_001122546.4	24.167	120	65	5	182	286	619	727	0.039	25.0
XP_011158668.1	XP_016767396.2	24.167	120	65	5	182	286	639	747	0.045	25.0
XP_011158670.1	XP_001122546.4	24.167	120	65	5	182	286	619	727	0.043	25.0
XP_011158670.1	XP_016767396.2	24.167	120	65	5	182	286	639	747	0.046	24.6
XP_011158715.1	XP_001122571.3	27.083	48	35	0	563	610	9	56	0.036	26.2
XP_011158716.1	XP_001122571.3	27.083	48	35	0	563	610	9	56	0.036	26.2
XP_011158853.1	XP_001122546.4	35.417	48	30	1	352	398	192	239	0.017	26.2
XP_011158853.1	XP_016767396.2	35.417	48	30	1	352	398	192	239	0.020	26.2
XP_011159166.1	XP_001122546.4	32.558	43	27	1	265	305	475	517	0.025	25.4
XP_011159166.1	XP_001122546.4	23.926	163	88	8	280	435	589	722	0.036	25.0
XP_011159166.1	XP_016767396.2	23.926	163	88	8	280	435	609	742	0.032	25.0
XP_011159167.1	XP_001122546.4	32.558	43	27	1	265	305	475	517	0.025	25.4
XP_011159167.1	XP_001122546.4	23.926	163	88	8	280	435	589	722	0.036	25.0
XP_011159167.1	XP_016767396.2	23.926	163	88	8	280	435	609	742	0.032	25.0
XP_011159170.1	XP_001122546.4	32.558	43	27	1	265	305	475	517	0.025	25.4
XP_011159170.1	XP_001122546.4	23.926	163	88	8	280	435	589	722	0.036	25.0
XP_011159170.1	XP_016767396.2	23.926	163	88	8	280	435	609	742	0.032	25.0
XP_011159171.1	XP_001122546.4	32.558	43	27	1	265	305	475	517	0.025	25.4
XP_011159171.1	XP_001122546.4	23.926	163	88	8	280	435	589	722	0.036	25.0
XP_011159171.1	XP_016767396.2	23.926	163	88	8	280	435	609	742	0.032	25.0
XP_011159172.1	XP_001122546.4	32.558	43	27	1	265	305	475	517	0.025	25.4
XP_011159172.1	XP_001122546.4	23.926	163	88	8	280	435	589	722	0.036	25.0
XP_011159172.1	XP_016767396.2	23.926	163	88	8	280	435	609	742	0.032	25.0
XP_011159307.1	XP_001122546.4	35.897	39	17	2	118	151	677	712	0.021	25.4
XP_011159307.1	XP_016767396.2	35.897	39	17	2	118	151	697	732	0.022	25.4
XP_011159456.1	XP_001122546.4	26.154	130	72	4	118	244	257	365	0.006	28.9
XP_011159456.1	XP_016767396.2	26.154	130	72	4	118	244	257	365	0.006	28.5
XP_011159464.1	XP_001122546.4	34.118	85	50	3	81	164	579	658	0.009	25.4
XP_011159464.1	XP_016767396.2	34.118	85	50	3	81	164	599	678	0.011	25.0
XP_011159465.1	XP_001122546.4	34.118	85	50	3	81	164	579	658	0.009	25.4
XP_011159465.1	XP_016767396.2	34.118	85	50	3	81	164	599	678	0.011	25.0
XP_011159606.1	XP_001122546.4	34.884	43	21	2	254	293	647	685	0.024	25.4
XP_011159606.1	XP_016767396.2	34.884	43	21	2	254	293	667	705	0.024	25.4
XP_011159853.1	XP_016767396.2	32.727	55	35	2	144	198	604	656	0.008	25.4
XP_011159853.1	XP_001122546.4	32.727	55	35	2	144	198	584	636	0.009	25.4
XP_011160041.2	XP_001122546.4	25.714	210	126	9	961	1150	497	696	0.001	31.2
XP_011160041.2	XP_016767396.2	25.714	210	126	9	961	1150	517	716	0.001	31.2
XP_011160042.2	XP_016767396.2	25.714	210	126	9	956	1145	517	716	0.001	31.2
XP_011160042.2	XP_001122546.4	25.714	210	126	9	956	1145	497	696	0.001	31.2
XP_011160296.1	XP_016767396.2	29.870	77	47	2	176	250	510	581	0.036	24.3
XP_011160296.1	XP_001122546.4	29.870	77	47	2	176	250	490	561	0.038	24.3
XP_011160297.1	XP_016767396.2	28.000	100	53	2	389	488	511	591	0.041	25.4
XP_011160297.1	XP_001122546.4	28.000	100	53	2	389	488	491	571	0.046	25.4
XP_011160298.1	XP_016767396.2	28.000	100	53	2	369	468	511	591	0.045	25.4
XP_011160298.1	XP_001122546.4	28.000	100	53	2	369	468	491	571	0.048	25.4
XP_011160399.1	XP_001122571.3	35.135	37	24	0	573	609	244	280	0.034	25.8
XP_011160400.1	XP_001122571.3	35.135	37	24	0	569	605	244	280	0.033	25.8
XP_011160610.1	XP_001122546.4	39.286	28	17	0	215	242	152	179	0.010	26.6
XP_011160610.1	XP_016767396.2	39.286	28	17	0	215	242	152	179	0.011	26.6
XP_011160611.1	XP_001122546.4	39.286	28	17	0	215	242	152	179	0.010	26.6
XP_011160611.1	XP_016767396.2	39.286	28	17	0	215	242	152	179	0.010	26.6
XP_011160650.1	NP_001011607.1	52.632	19	9	0	81	99	45	63	0.011	24.6
XP_011160651.1	NP_001011607.1	52.632	19	9	0	81	99	45	63	0.011	24.6
XP_011160671.2	XP_001122546.4	21.875	96	67	2	100	188	376	470	0.034	23.9
XP_011160671.2	XP_016767396.2	21.875	96	67	2	100	188	376	470	0.034	23.9
XP_011160842.1	XP_001122546.4	35.714	56	33	2	93	146	558	612	0.013	25.4
XP_011160842.1	XP_016767396.2	35.714	56	33	2	93	146	578	632	0.014	25.4
XP_011160844.1	XP_001122546.4	18.919	37	30	0	64	100	352	388	0.019	23.9
XP_011160844.1	XP_016767396.2	18.919	37	30	0	64	100	352	388	0.020	23.9
XP_011160893.1	XP_001122546.4	32.143	28	19	0	78	105	448	475	0.002	25.4
XP_011160893.1	XP_016767396.2	32.143	28	19	0	78	105	448	475	0.002	25.4
XP_011160894.1	XP_001122546.4	32.143	28	19	0	75	102	448	475	0.002	25.4
XP_011160894.1	XP_016767396.2	32.143	28	19	0	75	102	448	475	0.002	25.4
XP_011160895.1	XP_001122546.4	32.143	28	19	0	70	97	448	475	0.002	25.4
XP_011160895.1	XP_016767396.2	32.143	28	19	0	70	97	448	475	0.002	25.4
XP_011160896.1	XP_001122546.4	32.143	28	19	0	69	96	448	475	0.002	25.4
XP_011160896.1	XP_016767396.2	32.143	28	19	0	69	96	448	475	0.002	25.4
XP_011160957.1	XP_016767396.2	36.538	52	30	2	142	192	328	377	0.017	25.8
XP_011160957.1	XP_001122546.4	36.538	52	30	2	142	192	328	377	0.019	25.8
XP_011161125.1	XP_001122571.3	35.484	31	19	1	9	38	4	34	0.021	23.5
XP_011161221.2	XP_001122546.4	30.233	43	28	1	60	100	412	454	0.049	23.9
XP_011161382.1	XP_001122571.3	40.000	35	21	0	165	199	297	331	0.008	26.9
XP_011162000.1	XP_001122546.4	40.000	35	19	1	27	61	178	210	0.023	23.5
XP_011162000.1	XP_016767396.2	40.000	35	19	1	27	61	178	210	0.025	23.5
XP_011162047.1	XP_026296025.1	52.381	21	10	0	199	219	101	121	0.048	23.9
XP_011162047.1	XP_026296028.1	44.000	25	14	0	195	219	85	109	0.048	23.9
XP_011162047.1	XP_026296027.1	44.000	25	14	0	195	219	85	109	0.048	23.9
XP_011162047.1	XP_026296026.1	44.000	25	14	0	195	219	85	109	0.048	23.9
XP_011162465.1	XP_001122546.4	36.667	30	19	0	94	123	608	637	0.026	24.6
XP_011162465.1	XP_016767396.2	36.667	30	19	0	94	123	628	657	0.029	24.3
XP_011162559.1	XP_016767396.2	23.256	43	33	0	135	177	631	673	0.035	23.1
XP_011162559.1	XP_001122546.4	23.256	43	33	0	135	177	611	653	0.037	23.1
XP_011163017.1	XP_001122546.4	27.000	100	66	4	482	579	438	532	1.18e-05	37.0
XP_011163075.1	XP_016767396.2	25.610	82	61	0	793	874	203	284	0.050	25.8
XP_011163197.1	XP_016767396.2	47.826	23	12	0	76	98	497	519	0.036	21.9
XP_011163460.1	XP_001122546.4	25.000	152	80	6	82	213	380	517	0.021	26.2
XP_011163499.1	XP_001122546.4	28.169	71	36	3	158	213	447	517	0.023	26.2
XP_011163533.1	XP_016767396.2	21.354	192	140	4	164	347	173	361	0.030	25.4
XP_011163533.1	XP_001122546.4	21.354	192	140	4	164	347	173	361	0.050	24.6
XP_011163607.1	XP_026296025.1	95.849	265	11	0	4	268	18	282	1.75e-165	450
XP_011163607.1	XP_026296028.1	95.849	265	11	0	4	268	6	270	3.09e-165	449
XP_011163607.1	XP_026296027.1	95.849	265	11	0	4	268	6	270	3.09e-165	449
XP_011163607.1	XP_026296026.1	95.849	265	11	0	4	268	6	270	3.09e-165	449
XP_011163608.1	XP_001122546.4	74.474	760	188	3	3	761	2	756	0.0	1143
XP_011163608.1	XP_016767396.2	72.564	780	188	4	3	761	2	776	0.0	1131
XP_011163698.1	XP_016767396.2	33.333	36	24	0	192	227	25	60	0.023	25.0
XP_011163698.1	XP_001122546.4	33.333	36	24	0	192	227	25	60	0.025	24.6
XP_011163705.1	XP_001122546.4	26.724	232	124	9	160	362	407	621	0.013	25.8
XP_011163705.1	XP_016767396.2	25.000	240	138	10	160	362	407	641	0.039	24.3
XP_011163713.1	XP_001122571.3	30.435	46	32	0	125	170	2	47	0.043	25.0
XP_011163910.1	XP_001122546.4	31.081	74	49	1	291	362	425	498	0.019	25.8
XP_011163969.1	XP_016767396.2	31.818	44	26	1	50	89	636	679	0.042	23.9
XP_011163969.1	XP_001122546.4	31.818	44	26	1	50	89	616	659	0.044	23.9
XP_011164286.1	XP_001122546.4	25.000	56	42	0	79	134	212	267	0.033	23.1
XP_011164286.1	XP_016767396.2	25.000	56	42	0	79	134	212	267	0.033	23.1
XP_011164288.1	XP_001122546.4	25.000	56	42	0	79	134	212	267	0.033	23.1
XP_011164288.1	XP_016767396.2	25.000	56	42	0	79	134	212	267	0.033	23.1
XP_011164521.1	XP_001122546.4	24.607	191	128	6	876	1061	469	648	0.002	30.4
XP_011164521.1	XP_016767396.2	22.941	170	116	5	897	1061	509	668	0.045	26.2
XP_011164584.1	XP_016767396.2	25.926	54	38	1	264	317	613	664	0.015	25.8
XP_011164584.1	XP_001122546.4	25.926	54	38	1	264	317	593	644	0.017	25.8
XP_011164634.1	XP_001122546.4	22.936	109	70	3	58	166	82	176	0.049	24.6
XP_011164634.1	XP_016767396.2	22.936	109	70	3	58	166	82	176	0.049	24.6
XP_011164646.1	XP_001122546.4	30.000	50	35	0	308	357	250	299	5.40e-04	30.8
XP_011164646.1	XP_016767396.2	30.000	50	35	0	308	357	250	299	5.61e-04	30.8
XP_011164839.1	XP_026296025.1	26.772	127	69	4	565	687	108	214	0.024	25.8
XP_011164839.1	XP_026296028.1	26.772	127	69	4	565	687	96	202	0.029	25.4
XP_011164839.1	XP_026296027.1	26.772	127	69	4	565	687	96	202	0.029	25.4
XP_011164839.1	XP_026296026.1	26.772	127	69	4	565	687	96	202	0.029	25.4
XP_011165005.1	XP_001122546.4	27.273	121	74	3	430	539	198	315	0.013	26.9
XP_011165005.1	XP_016767396.2	27.273	121	74	3	430	539	198	315	0.013	26.9
XP_011165006.1	XP_001122546.4	27.273	121	74	3	430	539	198	315	0.013	26.9
XP_011165006.1	XP_016767396.2	27.273	121	74	3	430	539	198	315	0.013	26.9
XP_011165007.1	XP_001122546.4	27.273	121	74	3	406	515	198	315	0.011	26.9
XP_011165007.1	XP_016767396.2	27.273	121	74	3	406	515	198	315	0.011	26.9
XP_011165008.1	XP_016767396.2	27.273	121	74	3	396	505	198	315	0.010	27.3
XP_011165008.1	XP_001122546.4	27.273	121	74	3	396	505	198	315	0.010	26.9
XP_011165064.2	XP_016767396.2	26.829	41	30	0	210	250	81	121	0.021	25.0
XP_011165064.2	XP_001122546.4	26.829	41	30	0	210	250	81	121	0.022	24.6
XP_011165087.1	XP_026296025.1	26.087	46	33	1	204	249	100	144	0.030	24.3
XP_011165087.1	XP_026296028.1	26.087	46	33	1	204	249	88	132	0.035	23.9
XP_011165087.1	XP_026296027.1	26.087	46	33	1	204	249	88	132	0.035	23.9
XP_011165087.1	XP_026296026.1	26.087	46	33	1	204	249	88	132	0.035	23.9
XP_011165088.1	XP_026296025.1	26.087	46	33	1	204	249	100	144	0.030	24.3
XP_011165088.1	XP_026296028.1	26.087	46	33	1	204	249	88	132	0.035	23.9
XP_011165088.1	XP_026296027.1	26.087	46	33	1	204	249	88	132	0.035	23.9
XP_011165088.1	XP_026296026.1	26.087	46	33	1	204	249	88	132	0.035	23.9
XP_011165146.1	XP_016767396.2	28.689	244	147	8	1495	1717	50	287	2.53e-04	34.3
XP_011165146.1	XP_001122546.4	28.689	244	147	8	1495	1717	50	287	4.02e-04	33.5
XP_011165324.1	XP_001122546.4	25.490	102	62	4	118	211	320	415	0.005	26.2
XP_011165324.1	XP_016767396.2	25.490	102	62	4	118	211	320	415	0.005	26.2
XP_011165330.1	XP_001122546.4	25.490	102	62	4	107	200	320	415	0.012	24.6
XP_011165330.1	XP_016767396.2	25.490	102	62	4	107	200	320	415	0.012	24.6
XP_011165331.1	XP_001122546.4	25.490	102	62	4	107	200	320	415	0.012	24.6
XP_011165331.1	XP_016767396.2	25.490	102	62	4	107	200	320	415	0.012	24.6
XP_011165332.1	XP_001122546.4	25.490	102	62	4	107	200	320	415	0.012	24.6
XP_011165332.1	XP_016767396.2	25.490	102	62	4	107	200	320	415	0.012	24.6
XP_011165333.1	XP_001122546.4	25.490	102	62	4	97	190	320	415	0.011	25.0
XP_011165333.1	XP_016767396.2	25.490	102	62	4	97	190	320	415	0.011	25.0
XP_011165334.1	XP_001122546.4	25.490	102	62	4	97	190	320	415	0.011	25.0
XP_011165334.1	XP_016767396.2	25.490	102	62	4	97	190	320	415	0.011	25.0
XP_011165335.1	XP_001122546.4	25.490	102	62	4	97	190	320	415	0.011	25.0
XP_011165335.1	XP_016767396.2	25.490	102	62	4	97	190	320	415	0.011	25.0
XP_011165491.1	XP_001122546.4	32.353	68	34	2	281	340	469	532	0.040	24.6
XP_011165492.1	XP_001122546.4	32.353	68	34	2	281	340	469	532	0.039	25.0
XP_011165493.1	XP_001122546.4	26.923	182	79	8	281	412	469	646	0.049	24.6
XP_011165494.1	XP_001122546.4	26.923	182	79	8	281	412	469	646	0.048	24.6
XP_011165495.1	XP_001122546.4	32.353	68	34	2	281	340	469	532	0.040	24.6
XP_011165496.1	XP_001122546.4	32.353	68	34	2	281	340	469	532	0.039	24.6
XP_011165675.1	XP_001122571.3	34.286	35	23	0	4	38	251	285	0.023	25.0
XP_011165732.1	XP_016767396.2	42.857	28	16	0	67	94	291	318	0.009	26.2
XP_011165732.1	XP_001122546.4	42.857	28	16	0	67	94	291	318	0.009	26.2
XP_011166115.1	XP_001122546.4	26.374	91	52	4	219	298	179	265	0.028	26.9
XP_011166115.1	XP_016767396.2	26.374	91	52	4	219	298	179	265	0.031	26.6
XP_011166116.1	XP_001122546.4	26.374	91	52	4	219	298	179	265	0.029	26.6
XP_011166116.1	XP_016767396.2	26.374	91	52	4	219	298	179	265	0.031	26.6
XP_011166171.1	XP_016767396.2	32.258	31	21	0	312	342	251	281	0.017	25.8
XP_011166171.1	XP_001122546.4	32.258	31	21	0	312	342	251	281	0.019	25.4
XP_011166263.1	XP_016767396.2	26.667	45	33	0	509	553	374	418	0.018	26.9
XP_011166263.1	XP_001122546.4	26.667	45	33	0	509	553	374	418	0.020	26.6
XP_011166508.1	XP_026296025.1	42.553	47	22	2	68	109	102	148	0.001	29.3
XP_011166508.1	XP_026296028.1	42.553	47	22	2	68	109	90	136	0.001	28.9
XP_011166508.1	XP_026296027.1	42.553	47	22	2	68	109	90	136	0.001	28.9
XP_011166508.1	XP_026296026.1	42.553	47	22	2	68	109	90	136	0.001	28.9
XP_011166661.2	XP_001122546.4	26.271	118	79	2	228	341	1	114	0.005	27.3
XP_011166661.2	XP_016767396.2	26.271	118	79	2	228	341	1	114	0.006	27.3
XP_011167479.1	XP_016767396.2	38.095	21	13	0	7	27	313	333	0.032	23.5
XP_011167479.1	XP_001122546.4	38.095	21	13	0	7	27	313	333	0.032	23.5
XP_011167607.1	XP_001122546.4	39.394	33	18	1	188	220	99	129	0.014	25.4
XP_011167607.1	XP_016767396.2	39.394	33	18	1	188	220	99	129	0.015	25.4
XP_011167806.2	XP_016767396.2	36.842	38	16	1	230	259	318	355	0.018	25.0
XP_011167806.2	XP_001122546.4	36.842	38	16	1	230	259	318	355	0.019	25.0
XP_011167944.1	XP_026296028.1	57.895	19	8	0	27	45	123	141	0.050	22.3
XP_011167944.1	XP_026296027.1	57.895	19	8	0	27	45	123	141	0.050	22.3
XP_011167944.1	XP_026296026.1	57.895	19	8	0	27	45	123	141	0.050	22.3
XP_011168307.1	XP_001122546.4	24.731	93	57	3	53	138	74	160	0.009	28.1
XP_011168307.1	XP_016767396.2	24.731	93	57	3	53	138	74	160	0.010	27.7
XP_011168490.1	XP_016767396.2	32.075	53	31	2	51	102	653	701	0.024	24.6
XP_011168490.1	XP_016767396.2	28.846	52	37	0	167	218	235	286	0.049	23.9
XP_011168490.1	XP_001122546.4	32.075	53	31	2	51	102	633	681	0.027	24.6
XP_011168628.1	XP_001122546.4	28.571	35	25	0	21	55	194	228	0.003	27.3
XP_011168628.1	XP_016767396.2	28.571	35	25	0	21	55	194	228	0.004	27.3
XP_011168629.1	XP_001122546.4	28.571	35	25	0	21	55	194	228	0.003	27.3
XP_011168629.1	XP_016767396.2	28.571	35	25	0	21	55	194	228	0.004	27.3
XP_011168634.1	XP_016767396.2	27.523	109	67	4	318	422	226	326	0.001	31.2
XP_011168634.1	XP_001122546.4	27.523	109	67	4	318	422	226	326	0.002	30.8
XP_011168643.1	XP_016767396.2	27.523	109	67	4	318	422	226	326	0.001	31.2
XP_011168643.1	XP_001122546.4	27.523	109	67	4	318	422	226	326	0.002	30.8
XP_011168652.1	XP_016767396.2	27.523	109	67	4	318	422	226	326	0.001	31.2
XP_011168652.1	XP_001122546.4	27.523	109	67	4	318	422	226	326	0.002	30.8
XP_011168768.1	XP_001122546.4	31.343	67	35	3	311	368	470	534	0.049	25.0
XP_011168880.1	XP_016767396.2	26.804	97	60	5	88	176	48	141	0.013	25.0
XP_011168880.1	XP_001122546.4	26.804	97	60	5	88	176	48	141	0.014	25.0
XP_011168971.1	XP_026296028.1	27.536	69	45	1	327	395	73	136	0.004	28.1
XP_011168971.1	XP_026296027.1	27.536	69	45	1	327	395	73	136	0.004	28.1
XP_011168971.1	XP_026296026.1	27.536	69	45	1	327	395	73	136	0.004	28.1
XP_011168971.1	XP_026296025.1	27.536	69	45	1	327	395	85	148	0.005	28.1
XP_011168982.1	XP_016767396.2	29.293	99	49	4	250	328	607	704	0.045	25.8
XP_011168982.1	XP_001122546.4	42.857	42	17	2	293	328	644	684	0.047	25.8
XP_011168983.1	XP_016767396.2	29.293	99	49	4	250	328	607	704	0.045	25.8
XP_011168983.1	XP_001122546.4	42.857	42	17	2	293	328	644	684	0.047	25.8
XP_011169309.1	XP_016767396.2	28.767	73	37	4	337	408	313	371	4.75e-04	31.2
XP_011169309.1	XP_001122546.4	28.767	73	37	4	337	408	313	371	4.77e-04	31.2
XP_011169315.1	XP_026296028.1	36.364	44	21	2	129	172	137	173	0.015	25.0
XP_011169315.1	XP_026296027.1	36.364	44	21	2	129	172	137	173	0.015	25.0
XP_011169315.1	XP_026296026.1	36.364	44	21	2	129	172	137	173	0.015	25.0
XP_011169315.1	XP_026296025.1	36.364	44	21	2	129	172	149	185	0.015	25.0
XP_011169423.1	XP_001122546.4	28.302	106	64	5	183	285	290	386	0.031	24.6
XP_011169423.1	XP_016767396.2	28.302	106	64	5	183	285	290	386	0.031	24.6
XP_011169504.1	XP_001122546.4	27.419	62	41	1	195	256	354	411	0.018	25.0
XP_011169504.1	XP_016767396.2	27.419	62	41	1	195	256	354	411	0.018	25.0
XP_011169527.1	XP_001122546.4	25.773	97	60	5	30	117	48	141	0.014	24.3
XP_011169527.1	XP_016767396.2	25.773	97	60	5	30	117	48	141	0.016	24.3
XP_011169774.1	XP_001122546.4	52.941	17	8	0	45	61	697	713	0.008	23.9
XP_011169774.1	XP_016767396.2	52.941	17	8	0	45	61	717	733	0.008	23.9
XP_011170817.1	XP_016767396.2	23.529	170	103	6	143	307	27	174	0.032	25.8
XP_011170817.1	XP_001122546.4	23.529	170	103	6	143	307	27	174	0.034	25.4
XP_011170818.1	XP_016767396.2	23.529	170	103	6	141	305	27	174	0.028	25.8
XP_011170818.1	XP_001122546.4	23.529	170	103	6	141	305	27	174	0.031	25.8
XP_011170955.1	NP_001011607.1	50.000	18	9	0	82	99	46	63	0.015	23.1
XP_011171065.1	XP_001122546.4	27.749	191	111	9	410	589	495	669	0.026	27.3
XP_011171065.1	XP_016767396.2	27.749	191	111	9	410	589	515	689	0.026	27.3
XP_011171066.1	XP_016767396.2	27.749	191	111	9	385	564	515	689	0.025	27.7
XP_011171066.1	XP_001122546.4	27.749	191	111	9	385	564	495	669	0.026	27.3
XP_011171381.1	XP_016767396.2	32.075	53	33	2	284	336	163	212	0.009	28.1
XP_011171381.1	XP_001122546.4	32.075	53	33	2	284	336	163	212	0.009	28.1
XP_011171382.1	XP_016767396.2	32.075	53	33	2	284	336	163	212	0.009	28.1
XP_011171382.1	XP_001122546.4	32.075	53	33	2	284	336	163	212	0.009	28.1
XP_011171527.1	XP_001122546.4	32.258	31	21	0	28	58	181	211	0.040	24.3
XP_011171527.1	XP_016767396.2	32.258	31	21	0	28	58	181	211	0.042	24.3
XP_011171899.1	XP_026296028.1	37.931	29	16	1	179	205	179	207	0.026	24.6
XP_011171899.1	XP_026296027.1	37.931	29	16	1	179	205	179	207	0.026	24.6
XP_011171899.1	XP_026296026.1	37.931	29	16	1	179	205	179	207	0.026	24.6
XP_011171899.1	XP_026296025.1	37.931	29	16	1	179	205	191	219	0.027	24.6
XP_011171999.1	XP_016767396.2	34.483	58	34	2	96	149	484	541	0.032	23.5
XP_011172134.1	XP_016767396.2	34.615	26	17	0	80	105	151	176	0.044	25.0
XP_011172134.1	XP_001122546.4	34.615	26	17	0	80	105	151	176	0.047	25.0
XP_011172135.1	XP_016767396.2	34.615	26	17	0	46	71	151	176	0.037	25.4
XP_011172135.1	XP_001122546.4	34.615	26	17	0	46	71	151	176	0.037	25.4
XP_011172186.2	XP_001122571.3	34.783	23	15	0	32	54	327	349	0.046	24.6
XP_011172205.1	XP_001122546.4	36.364	22	14	0	29	50	22	43	0.029	22.7
XP_011172205.1	XP_016767396.2	36.364	22	14	0	29	50	22	43	0.030	22.7
XP_011172259.1	XP_001122571.3	40.000	25	13	1	6	28	3	27	0.012	23.9
XP_011172285.1	XP_016767396.2	34.091	44	28	1	169	212	256	298	0.003	28.9
XP_011172285.1	XP_001122546.4	38.889	36	21	1	177	212	264	298	0.003	28.9
XP_011172408.1	XP_016767396.2	22.000	100	69	3	155	251	601	694	0.018	25.0
XP_011172408.1	XP_001122546.4	22.000	100	69	3	155	251	581	674	0.020	25.0
XP_011172410.1	XP_016767396.2	22.000	100	69	3	150	246	601	694	0.017	25.4
XP_011172410.1	XP_001122546.4	22.000	100	69	3	150	246	581	674	0.020	25.0
XP_011172411.1	XP_016767396.2	22.000	100	69	3	144	240	601	694	0.015	25.4
XP_011172411.1	XP_001122546.4	22.000	100	69	3	144	240	581	674	0.018	25.0
XP_011172622.2	XP_001122546.4	57.895	19	8	0	43	61	276	294	0.017	24.3
XP_011172622.2	XP_016767396.2	57.895	19	8	0	43	61	276	294	0.018	24.3
XP_011172793.1	XP_016767396.2	30.000	50	28	1	144	193	503	545	0.001	27.7
XP_011172793.1	XP_001122546.4	32.558	43	22	1	151	193	490	525	0.002	26.9
XP_011173068.1	XP_016767396.2	36.735	49	29	1	1090	1136	147	195	0.020	27.7
XP_011173068.1	XP_001122546.4	36.735	49	29	1	1090	1136	147	195	0.021	27.7
XP_011173080.1	XP_016767396.2	24.211	95	51	2	90	175	243	325	0.004	28.9
XP_011173080.1	XP_001122546.4	24.211	95	51	2	90	175	243	325	0.005	28.9
XP_011173192.1	XP_001122571.3	25.333	75	47	2	169	243	257	322	0.018	25.4
XP_011173193.1	XP_001122571.3	25.333	75	47	2	169	243	257	322	0.018	25.4
XP_011173194.1	XP_001122571.3	25.333	75	47	2	150	224	257	322	0.016	25.8
XP_011173358.1	XP_016767396.2	27.419	62	35	1	493	544	624	685	0.039	25.4
XP_011173358.1	XP_001122546.4	27.419	62	35	1	493	544	604	665	0.041	25.4
XP_011174071.1	XP_001122571.3	33.333	36	22	1	29	62	312	347	0.005	24.3
XP_011174105.2	XP_016767396.2	30.667	75	40	3	151	223	490	554	0.031	23.9
XP_011174263.2	XP_016767396.2	26.923	182	89	7	353	517	512	666	0.004	29.3
XP_011174268.2	XP_016767396.2	26.923	182	89	7	332	496	512	666	0.004	29.6
XP_011174274.2	XP_016767396.2	26.923	182	89	7	322	486	512	666	0.004	29.6
XP_011174301.1	XP_001122546.4	24.638	69	49	1	178	246	84	149	0.042	23.5
XP_011174301.1	XP_016767396.2	24.638	69	49	1	178	246	84	149	0.042	23.5
XP_011174579.2	XP_026296028.1	37.931	29	16	1	195	221	179	207	0.033	25.0
XP_011174579.2	XP_026296027.1	37.931	29	16	1	195	221	179	207	0.033	25.0
XP_011174579.2	XP_026296026.1	37.931	29	16	1	195	221	179	207	0.033	25.0
XP_011174579.2	XP_026296025.1	37.931	29	16	1	195	221	191	219	0.034	25.0
XP_011175188.1	XP_016767396.2	34.211	38	21	1	44	77	143	180	0.009	23.9
XP_011175188.1	XP_016767396.2	31.250	32	22	0	49	80	78	109	0.031	22.3
XP_011175188.1	XP_001122546.4	34.211	38	21	1	44	77	143	180	0.010	23.9
XP_011175188.1	XP_001122546.4	31.250	32	22	0	49	80	78	109	0.032	22.3
XP_011175189.1	XP_016767396.2	34.211	38	21	1	44	77	143	180	0.009	23.9
XP_011175189.1	XP_016767396.2	31.250	32	22	0	49	80	78	109	0.031	22.3
XP_011175189.1	XP_001122546.4	34.211	38	21	1	44	77	143	180	0.010	23.9
XP_011175189.1	XP_001122546.4	31.250	32	22	0	49	80	78	109	0.032	22.3
XP_011175191.1	XP_016767396.2	34.211	38	21	1	44	77	143	180	0.009	23.9
XP_011175191.1	XP_016767396.2	31.250	32	22	0	49	80	78	109	0.031	22.3
XP_011175191.1	XP_001122546.4	34.211	38	21	1	44	77	143	180	0.010	23.9
XP_011175191.1	XP_001122546.4	31.250	32	22	0	49	80	78	109	0.032	22.3
XP_011175883.1	XP_016767396.2	24.590	122	66	5	183	292	238	345	0.036	25.4
XP_011175883.1	XP_001122546.4	24.590	122	66	5	183	292	238	345	0.038	25.4
XP_011175940.1	XP_016767396.2	23.077	143	88	5	404	546	44	164	0.028	26.2
XP_011175940.1	XP_001122546.4	23.077	143	88	5	404	546	44	164	0.035	25.8
XP_011176060.1	XP_016767396.2	33.333	36	24	0	99	134	692	727	0.006	27.3
XP_011176060.1	XP_001122546.4	33.333	36	24	0	99	134	672	707	0.006	27.3
XP_011176061.1	XP_016767396.2	33.333	36	24	0	78	113	692	727	0.006	27.3
XP_011176061.1	XP_001122546.4	33.333	36	24	0	78	113	672	707	0.007	27.3
XP_011176400.1	XP_001122546.4	26.852	108	64	4	78	177	413	513	0.010	25.4
XP_011176401.1	XP_001122546.4	26.852	108	64	4	78	177	413	513	0.010	25.4
XP_025985652.1	XP_001122546.4	32.432	37	25	0	17	53	654	690	0.010	23.5
XP_025985652.1	XP_016767396.2	32.432	37	25	0	17	53	674	710	0.010	23.5
XP_025985703.1	XP_016767396.2	29.310	58	38	1	73	127	143	200	0.003	26.2
XP_025985703.1	XP_001122546.4	29.825	57	37	1	73	126	143	199	0.003	26.2
XP_025985712.1	XP_016767396.2	44.000	25	14	0	173	197	50	74	0.008	25.4
XP_025985712.1	XP_001122546.4	44.000	25	14	0	173	197	50	74	0.008	25.4
XP_025985740.1	XP_016767396.2	23.810	126	89	3	120	245	569	687	0.041	23.5
XP_025985740.1	XP_001122546.4	23.810	126	89	3	120	245	549	667	0.043	23.5
XP_025985751.1	XP_001122546.4	23.810	126	89	3	89	214	549	667	0.044	23.1
XP_025985751.1	XP_016767396.2	23.810	126	89	3	89	214	569	687	0.050	23.1
XP_025985828.1	XP_001122546.4	42.424	33	15	2	1159	1187	322	354	0.029	28.5
XP_025985828.1	XP_016767396.2	42.424	33	15	2	1159	1187	322	354	0.031	28.1
XP_025985930.1	XP_001122546.4	30.435	69	43	2	43	111	509	572	0.028	22.7
XP_025985930.1	XP_016767396.2	30.435	69	43	2	43	111	529	592	0.031	22.3
XP_025986023.1	XP_001122546.4	27.848	79	51	3	638	715	467	540	0.001	30.4
XP_025986119.1	XP_001122546.4	30.357	56	35	2	110	161	604	659	0.040	25.4
XP_025986119.1	XP_016767396.2	30.357	56	35	2	110	161	624	679	0.043	25.4
XP_025986120.1	XP_001122546.4	30.357	56	35	2	84	135	604	659	0.039	25.4
XP_025986120.1	XP_016767396.2	30.357	56	35	2	84	135	624	679	0.042	25.4
XP_025986183.1	XP_001122546.4	32.353	68	34	2	281	340	469	532	0.035	25.0
XP_025986185.1	XP_001122546.4	32.353	68	34	2	281	340	469	532	0.035	25.0
XP_025986404.1	XP_016767396.2	63.158	19	5	1	3	21	590	606	0.045	23.9
XP_025986404.1	XP_001122546.4	63.158	19	5	1	3	21	570	586	0.045	23.9
XP_025986499.1	XP_016767396.2	28.205	78	51	1	205	282	136	208	0.001	29.3
XP_025986499.1	XP_001122546.4	28.205	78	51	1	205	282	136	208	0.001	29.3
XP_025986605.1	XP_026296028.1	44.444	27	14	1	142	168	176	201	0.047	22.3
XP_025986605.1	XP_026296027.1	44.444	27	14	1	142	168	176	201	0.047	22.3
XP_025986605.1	XP_026296026.1	44.444	27	14	1	142	168	176	201	0.047	22.3
XP_025986621.1	XP_001122546.4	24.731	93	62	2	1266	1355	43	130	0.009	28.9
XP_025986621.1	XP_016767396.2	24.731	93	62	2	1266	1355	43	130	0.010	28.5
XP_025986623.1	XP_001122546.4	24.731	93	62	2	1214	1303	43	130	0.009	28.9
XP_025986623.1	XP_016767396.2	24.731	93	62	2	1214	1303	43	130	0.010	28.5
XP_025986625.1	XP_001122546.4	24.731	93	62	2	1203	1292	43	130	0.011	28.5
XP_025986625.1	XP_016767396.2	24.731	93	62	2	1203	1292	43	130	0.012	28.5
XP_025986626.1	XP_001122546.4	24.731	93	62	2	1158	1247	43	130	0.010	28.5
XP_025986626.1	XP_016767396.2	24.731	93	62	2	1158	1247	43	130	0.011	28.5
XP_025986627.1	XP_001122546.4	24.731	93	62	2	1079	1168	43	130	0.007	28.9
XP_025986627.1	XP_016767396.2	24.731	93	62	2	1079	1168	43	130	0.009	28.5
XP_025986747.1	XP_001122546.4	26.042	96	62	3	61	149	48	141	0.012	25.0
XP_025986747.1	XP_016767396.2	26.042	96	62	3	61	149	48	141	0.014	24.6
XP_025986766.1	XP_001122546.4	35.417	48	30	1	352	398	192	239	0.017	26.2
XP_025986766.1	XP_016767396.2	35.417	48	30	1	352	398	192	239	0.020	26.2
XP_025986767.1	XP_001122546.4	35.417	48	30	1	352	398	192	239	0.017	26.2
XP_025986767.1	XP_016767396.2	35.417	48	30	1	352	398	192	239	0.020	26.2
XP_025986993.1	XP_001122546.4	42.000	50	24	2	133	177	553	602	0.014	25.8
XP_025986993.1	XP_016767396.2	42.000	50	24	2	133	177	573	622	0.015	25.8
XP_025986995.1	XP_001122546.4	42.000	50	24	2	133	177	553	602	0.011	26.2
XP_025986995.1	XP_016767396.2	42.000	50	24	2	133	177	573	622	0.012	26.2
XP_025986996.1	XP_001122546.4	42.000	50	24	2	133	177	553	602	0.013	25.8
XP_025986996.1	XP_016767396.2	42.000	50	24	2	133	177	573	622	0.013	25.8
XP_025986997.1	XP_001122546.4	42.000	50	24	2	133	177	553	602	0.017	25.4
XP_025986997.1	XP_016767396.2	42.000	50	24	2	133	177	573	622	0.019	25.4
XP_025987071.1	NP_001011607.1	52.632	19	9	0	81	99	45	63	0.011	24.6
XP_025987085.1	XP_001122571.3	33.962	53	28	3	119	168	275	323	0.009	26.9
XP_025987086.1	XP_001122571.3	33.962	53	28	3	119	168	275	323	0.009	26.9
XP_025987087.1	XP_001122571.3	33.962	53	28	3	72	121	275	323	0.010	26.6
XP_025987098.1	XP_001122546.4	27.119	59	42	1	230	287	151	209	0.043	24.6
XP_025987098.1	XP_016767396.2	27.119	59	42	1	230	287	151	209	0.047	24.6
XP_025987118.1	XP_026296025.1	29.032	31	22	0	13	43	4	34	0.041	22.7
XP_025987205.1	NP_001011607.1	52.632	19	9	0	81	99	45	63	0.009	24.6
XP_025987206.1	NP_001011607.1	52.632	19	9	0	81	99	45	63	0.009	24.6
XP_025987249.1	XP_016767396.2	26.923	182	89	7	333	497	512	666	0.004	29.6
XP_025987368.1	XP_001122546.4	34.615	26	16	1	261	286	319	343	0.014	25.4
XP_025987368.1	XP_016767396.2	34.615	26	16	1	261	286	319	343	0.014	25.4
XP_025987748.1	XP_026296028.1	31.707	41	27	1	330	369	85	125	0.041	25.4
XP_025987748.1	XP_026296027.1	31.707	41	27	1	330	369	85	125	0.041	25.4
XP_025987748.1	XP_026296026.1	31.707	41	27	1	330	369	85	125	0.041	25.4
XP_025987748.1	XP_026296025.1	31.707	41	27	1	330	369	97	137	0.044	25.0
XP_025987749.1	XP_026296028.1	31.707	41	27	1	330	369	85	125	0.041	25.4
XP_025987749.1	XP_026296027.1	31.707	41	27	1	330	369	85	125	0.041	25.4
XP_025987749.1	XP_026296026.1	31.707	41	27	1	330	369	85	125	0.041	25.4
XP_025987749.1	XP_026296025.1	31.707	41	27	1	330	369	97	137	0.044	25.0
XP_025987750.1	XP_026296028.1	31.707	41	27	1	330	369	85	125	0.041	25.4
XP_025987750.1	XP_026296027.1	31.707	41	27	1	330	369	85	125	0.041	25.4
XP_025987750.1	XP_026296026.1	31.707	41	27	1	330	369	85	125	0.041	25.4
XP_025987750.1	XP_026296025.1	31.707	41	27	1	330	369	97	137	0.044	25.0
XP_025987751.1	XP_026296028.1	31.707	41	27	1	261	300	85	125	0.037	25.4
XP_025987751.1	XP_026296027.1	31.707	41	27	1	261	300	85	125	0.037	25.4
XP_025987751.1	XP_026296026.1	31.707	41	27	1	261	300	85	125	0.037	25.4
XP_025987751.1	XP_026296025.1	31.707	41	27	1	261	300	97	137	0.042	25.0
XP_025987912.1	XP_001122571.3	38.636	44	26	1	61	104	269	311	0.021	22.7
XP_025988013.1	XP_001122546.4	30.952	42	29	0	153	194	575	616	0.027	23.9
XP_025988013.1	XP_016767396.2	30.952	42	29	0	153	194	595	636	0.027	23.9
XP_025988132.1	XP_001122546.4	26.000	100	58	3	90	174	418	516	0.044	24.3
XP_025988133.1	XP_001122546.4	26.000	100	58	3	90	174	418	516	0.044	24.3
XP_025988134.1	XP_001122546.4	26.000	100	58	3	90	174	418	516	0.044	24.3
XP_025988135.1	XP_001122546.4	26.000	100	58	3	90	174	418	516	0.050	24.3
XP_025988136.1	XP_001122546.4	26.000	100	58	3	90	174	418	516	0.046	24.3
XP_025988216.1	XP_016767396.2	42.308	26	15	0	598	623	501	526	0.026	25.8
XP_025988217.1	XP_016767396.2	42.308	26	15	0	598	623	501	526	0.026	25.8
XP_025988218.1	XP_016767396.2	42.308	26	15	0	598	623	501	526	0.026	25.8
XP_025988219.1	XP_016767396.2	42.308	26	15	0	562	587	501	526	0.026	25.8
XP_025988220.1	XP_016767396.2	42.308	26	15	0	562	587	501	526	0.026	25.8
XP_025988336.1	XP_001122571.3	35.135	37	22	1	84	118	276	312	0.032	22.3
XP_025988362.1	XP_001122546.4	26.042	96	62	3	80	168	48	141	0.004	26.6
XP_025988362.1	XP_016767396.2	26.042	96	62	3	80	168	48	141	0.005	26.6
XP_025988427.1	XP_016767396.2	23.077	78	58	1	83	160	258	333	0.047	23.5
XP_025988434.1	XP_016767396.2	23.077	78	58	1	83	160	258	333	0.047	23.5
XP_025988440.1	XP_016767396.2	23.077	78	58	1	83	160	258	333	0.047	23.5
XP_025988441.1	XP_016767396.2	23.077	78	58	1	82	159	258	333	0.046	23.5
XP_025988501.1	XP_016767396.2	41.667	36	19	2	126	159	582	617	0.014	24.6
XP_025988501.1	XP_001122546.4	41.667	36	19	2	126	159	562	597	0.015	24.6
XP_025988509.1	XP_001122546.4	26.374	91	52	4	219	298	179	265	0.028	26.9
XP_025988509.1	XP_016767396.2	26.374	91	52	4	219	298	179	265	0.031	26.6
XP_025988725.1	XP_026296025.1	33.333	27	18	0	152	178	184	210	0.046	22.7
XP_025988726.1	XP_001122546.4	34.615	52	30	2	552	602	23	71	0.019	26.6
XP_025988726.1	XP_016767396.2	34.615	52	30	2	552	602	23	71	0.020	26.6
XP_025988860.1	XP_001122571.3	33.333	36	21	1	135	170	317	349	0.021	23.5
XP_025988861.1	XP_001122571.3	33.333	36	21	1	108	143	317	349	0.011	24.3
XP_025988909.1	XP_001122546.4	25.000	56	42	0	79	134	212	267	0.033	23.1
XP_025988909.1	XP_016767396.2	25.000	56	42	0	79	134	212	267	0.033	23.1
XP_025989068.1	XP_016767396.2	48.276	29	15	0	1966	1994	57	85	0.007	29.6
XP_025989068.1	XP_001122546.4	48.276	29	15	0	1966	1994	57	85	0.007	29.6
XP_025989185.1	XP_016767396.2	25.714	210	126	9	956	1145	517	716	0.001	31.2
XP_025989185.1	XP_001122546.4	25.714	210	126	9	956	1145	497	696	0.001	31.2
XP_025989364.1	XP_001122546.4	19.928	276	175	10	1025	1285	343	587	0.034	29.3
XP_025989366.1	XP_016767396.2	23.162	272	177	7	1001	1268	4	247	0.049	28.9
XP_025989378.1	XP_001122546.4	24.167	120	65	5	182	286	619	727	0.039	25.0
XP_025989378.1	XP_016767396.2	24.167	120	65	5	182	286	639	747	0.045	25.0
XP_025989758.1	XP_026296028.1	26.829	41	29	1	665	705	227	266	0.025	26.9
XP_025989758.1	XP_026296027.1	26.829	41	29	1	665	705	227	266	0.025	26.9
XP_025989758.1	XP_026296026.1	26.829	41	29	1	665	705	227	266	0.025	26.9
XP_025989758.1	XP_026296025.1	26.829	41	29	1	665	705	239	278	0.026	26.9
XP_025989759.1	XP_026296028.1	26.829	41	29	1	665	705	227	266	0.025	26.9
XP_025989759.1	XP_026296027.1	26.829	41	29	1	665	705	227	266	0.025	26.9
XP_025989759.1	XP_026296026.1	26.829	41	29	1	665	705	227	266	0.025	26.9
XP_025989759.1	XP_026296025.1	26.829	41	29	1	665	705	239	278	0.026	26.9
XP_025989760.1	XP_026296028.1	26.829	41	29	1	665	705	227	266	0.025	26.9
XP_025989760.1	XP_026296027.1	26.829	41	29	1	665	705	227	266	0.025	26.9
XP_025989760.1	XP_026296026.1	26.829	41	29	1	665	705	227	266	0.025	26.9
XP_025989760.1	XP_026296025.1	26.829	41	29	1	665	705	239	278	0.026	26.9
XP_025989761.1	XP_026296028.1	26.829	41	29	1	665	705	227	266	0.025	26.9
XP_025989761.1	XP_026296027.1	26.829	41	29	1	665	705	227	266	0.025	26.9
XP_025989761.1	XP_026296026.1	26.829	41	29	1	665	705	227	266	0.025	26.9
XP_025989761.1	XP_026296025.1	26.829	41	29	1	665	705	239	278	0.026	26.9
XP_025989796.1	XP_026296025.1	34.615	52	34	0	379	430	1	52	0.024	26.6
XP_025989929.1	XP_016767396.2	23.529	170	103	6	141	305	27	174	0.028	25.8
XP_025989929.1	XP_001122546.4	23.529	170	103	6	141	305	27	174	0.031	25.8
XP_025989930.1	XP_016767396.2	23.529	170	103	6	141	305	27	174	0.028	25.8
XP_025989930.1	XP_001122546.4	23.529	170	103	6	141	305	27	174	0.031	25.8
XP_025989941.1	XP_016767396.2	25.556	90	63	2	244	333	567	652	0.003	28.1
XP_025989941.1	XP_001122546.4	25.556	90	63	2	244	333	547	632	0.003	28.1
XP_025990010.1	XP_001122546.4	30.702	114	67	5	37	141	537	647	0.012	25.8
XP_025990010.1	XP_016767396.2	30.702	114	67	5	37	141	557	667	0.013	25.4
XP_025990357.1	XP_016767396.2	28.685	251	151	9	1505	1734	50	293	2.75e-04	33.9
XP_025990357.1	XP_001122546.4	28.689	244	147	8	1505	1727	50	287	3.94e-04	33.5
XP_025990358.1	XP_016767396.2	28.685	251	151	9	1505	1734	50	293	2.75e-04	33.9
XP_025990358.1	XP_001122546.4	28.689	244	147	8	1505	1727	50	287	3.94e-04	33.5
XP_025990359.1	XP_016767396.2	28.685	251	151	9	1505	1734	50	293	2.75e-04	33.9
XP_025990359.1	XP_001122546.4	28.689	244	147	8	1505	1727	50	287	3.94e-04	33.5
XP_025990360.1	XP_016767396.2	28.689	244	147	8	1495	1717	50	287	2.53e-04	34.3
XP_025990360.1	XP_001122546.4	28.689	244	147	8	1495	1717	50	287	4.02e-04	33.5
XP_025990361.1	XP_016767396.2	28.685	251	151	9	1487	1716	50	293	2.56e-04	34.3
XP_025990361.1	XP_001122546.4	28.689	244	147	8	1487	1709	50	287	4.14e-04	33.5
XP_025990362.1	XP_016767396.2	28.685	251	151	9	1348	1577	50	293	3.06e-04	33.9
XP_025990362.1	XP_001122546.4	28.689	244	147	8	1348	1570	50	287	3.92e-04	33.5
XP_025990363.1	XP_016767396.2	28.685	251	151	9	1339	1568	50	293	2.68e-04	33.9
XP_025990363.1	XP_001122546.4	28.689	244	147	8	1339	1561	50	287	3.53e-04	33.5
XP_025990364.1	XP_016767396.2	28.685	251	151	9	1338	1567	50	293	2.75e-04	33.9
XP_025990364.1	XP_001122546.4	28.279	244	148	7	1338	1560	50	287	4.14e-04	33.5
XP_025990403.1	XP_001122546.4	25.676	74	45	1	189	252	48	121	8.42e-04	29.3
XP_025990403.1	XP_016767396.2	25.676	74	45	1	189	252	48	121	8.60e-04	29.3
XP_025990404.1	XP_001122546.4	28.378	74	43	2	149	212	48	121	0.001	28.9
XP_025990404.1	XP_016767396.2	28.378	74	43	2	149	212	48	121	0.001	28.9
XP_025990405.1	XP_001122546.4	28.378	74	43	2	140	203	48	121	0.001	28.9
XP_025990405.1	XP_016767396.2	27.500	80	48	2	140	209	48	127	0.005	26.6
XP_025991023.1	XP_016767396.2	28.814	59	41	1	813	870	334	392	0.032	26.2
XP_025991023.1	XP_001122546.4	28.814	59	41	1	813	870	334	392	0.041	25.8
XP_025991025.1	XP_016767396.2	28.814	59	41	1	622	679	334	392	0.016	26.6
XP_025991025.1	XP_001122546.4	28.814	59	41	1	622	679	334	392	0.021	26.2
XP_025991037.1	XP_001122546.4	28.302	53	38	0	52	104	625	677	0.002	27.7
XP_025991037.1	XP_016767396.2	28.302	53	38	0	52	104	645	697	0.002	27.7
XP_025991657.1	XP_016767396.2	51.220	41	16	2	225	262	279	318	0.038	24.6
XP_025991657.1	XP_001122546.4	51.220	41	16	2	225	262	279	318	0.040	24.6
XP_025991691.1	XP_001122546.4	25.510	98	62	4	51	137	607	704	6.61e-04	28.1
XP_025991691.1	XP_016767396.2	25.510	98	62	4	51	137	627	724	6.81e-04	28.1
XP_025991776.1	XP_001122546.4	34.783	46	27	2	169	213	309	352	0.027	25.4
XP_025991776.1	XP_016767396.2	34.783	46	27	2	169	213	309	352	0.029	25.4
XP_025991858.1	XP_001122571.3	47.826	23	12	0	61	83	273	295	0.020	21.9
XP_025992026.1	XP_001122546.4	26.136	176	96	6	488	662	357	499	0.005	30.0
XP_025992026.1	XP_016767396.2	29.915	117	60	5	488	603	357	452	0.011	28.9
XP_025992027.1	XP_001122546.4	26.136	176	96	6	488	662	357	499	0.005	30.0
XP_025992027.1	XP_016767396.2	29.915	117	60	5	488	603	357	452	0.011	28.9
XP_025992028.1	XP_001122546.4	26.136	176	96	6	485	659	357	499	0.005	30.0
XP_025992028.1	XP_016767396.2	29.915	117	60	5	485	600	357	452	0.010	28.9
XP_025992029.1	XP_001122546.4	26.136	176	96	6	488	662	357	499	0.005	30.0
XP_025992029.1	XP_016767396.2	29.915	117	60	5	488	603	357	452	0.011	28.9
XP_025992031.1	XP_001122546.4	26.136	176	96	6	481	655	357	499	0.005	29.6
XP_025992031.1	XP_016767396.2	29.915	117	60	5	481	596	357	452	0.011	28.9
XP_025992032.1	XP_001122546.4	26.136	176	96	6	418	592	357	499	0.006	29.6
XP_025992032.1	XP_016767396.2	29.915	117	60	5	418	533	357	452	0.010	28.9
XP_025992033.1	XP_001122546.4	26.136	176	96	6	488	662	357	499	0.010	29.3
XP_025992033.1	XP_016767396.2	31.193	109	53	5	488	595	357	444	0.013	28.9
XP_025992049.1	XP_001122546.4	31.081	74	49	1	482	553	425	498	0.041	25.4
XP_025992192.1	XP_016767396.2	31.915	47	32	0	214	260	50	96	0.003	27.7
XP_025992192.1	XP_001122546.4	31.915	47	32	0	214	260	50	96	0.003	27.7
XP_025992315.1	XP_001122546.4	25.000	152	80	6	82	213	380	517	0.025	26.2
XP_025992316.1	XP_001122546.4	28.169	71	36	3	133	188	447	517	0.026	26.2
XP_025992318.1	XP_001122546.4	28.169	71	36	3	133	188	447	517	0.026	26.2
XP_025992319.1	XP_001122546.4	28.169	71	36	3	109	164	447	517	0.029	25.8
XP_025992320.1	XP_001122546.4	28.169	71	36	3	109	164	447	517	0.029	25.8
XP_025992321.1	XP_001122546.4	28.169	71	36	3	109	164	447	517	0.029	25.8
XP_025992322.1	XP_001122546.4	28.169	71	36	3	109	164	447	517	0.029	25.8
XP_025992323.1	XP_001122546.4	28.169	71	36	3	158	213	447	517	0.024	26.2
XP_025992501.1	XP_016767396.2	28.378	74	50	1	44	114	523	596	0.011	26.9
XP_025992501.1	XP_001122546.4	28.378	74	50	1	44	114	503	576	0.011	26.9
XP_025992538.1	XP_016767396.2	33.846	65	42	1	709	772	134	198	0.037	26.6
XP_025992538.1	XP_001122546.4	33.846	65	42	1	709	772	134	198	0.039	26.6
XP_025992539.1	XP_016767396.2	33.846	65	42	1	709	772	134	198	0.037	26.6
XP_025992539.1	XP_001122546.4	33.846	65	42	1	709	772	134	198	0.039	26.6
XP_025992540.1	XP_016767396.2	33.846	65	42	1	709	772	134	198	0.037	26.6
XP_025992540.1	XP_001122546.4	33.846	65	42	1	709	772	134	198	0.039	26.6
XP_025992541.1	XP_016767396.2	33.846	65	42	1	709	772	134	198	0.035	26.6
XP_025992541.1	XP_001122546.4	33.846	65	42	1	709	772	134	198	0.037	26.6
XP_025992610.1	XP_016767396.2	73.189	787	196	5	3	786	2	776	0.0	1150
XP_025992610.1	XP_001122546.4	72.102	785	188	4	3	786	2	756	0.0	1127
XP_025992612.1	XP_001122571.3	32.258	31	21	0	107	137	319	349	0.011	23.9
XP_025992777.1	XP_001122546.4	37.500	32	20	0	44	75	625	656	0.023	23.5
XP_025992777.1	XP_016767396.2	37.500	32	20	0	44	75	645	676	0.024	23.5
XP_025992843.1	XP_001122571.3	35.135	37	24	0	571	607	244	280	0.036	25.4
XP_025992859.1	XP_016767396.2	37.143	35	21	1	400	434	440	473	0.028	25.0
XP_025992859.1	XP_001122546.4	37.143	35	21	1	400	434	440	473	0.029	25.0
XP_025992950.1	XP_016767396.2	21.354	192	140	4	164	347	173	361	0.030	25.4
XP_025992950.1	XP_001122546.4	21.354	192	140	4	164	347	173	361	0.050	24.6
XP_025992951.1	XP_016767396.2	22.396	192	136	4	164	345	173	361	0.014	26.6
XP_025992951.1	XP_001122546.4	22.396	192	136	4	164	345	173	361	0.020	25.8
XP_025993172.1	XP_001122546.4	26.042	96	62	3	30	118	48	141	0.011	24.6
XP_025993172.1	XP_016767396.2	26.042	96	62	3	30	118	48	141	0.011	24.6
XP_025993274.1	XP_016767396.2	34.091	44	28	1	169	212	256	298	0.003	28.9
XP_025993274.1	XP_001122546.4	34.091	44	28	1	169	212	256	298	0.004	28.9
XP_025993275.1	XP_016767396.2	34.091	44	28	1	169	212	256	298	0.003	28.9
XP_025993275.1	XP_001122546.4	34.091	44	28	1	169	212	256	298	0.004	28.9
XP_025993276.1	XP_016767396.2	34.091	44	28	1	169	212	256	298	0.003	28.9
XP_025993276.1	XP_001122546.4	34.091	44	28	1	169	212	256	298	0.004	28.9
XP_025993277.1	XP_016767396.2	34.091	44	28	1	169	212	256	298	0.003	28.9
XP_025993277.1	XP_001122546.4	34.091	44	28	1	169	212	256	298	0.004	28.9
XP_025993278.1	XP_016767396.2	34.091	44	28	1	169	212	256	298	0.003	28.9
XP_025993278.1	XP_001122546.4	34.091	44	28	1	169	212	256	298	0.004	28.9
XP_025993401.1	XP_016767396.2	29.293	99	49	4	250	328	607	704	0.045	25.8
XP_025993401.1	XP_001122546.4	42.857	42	17	2	293	328	644	684	0.047	25.8
XP_025993402.1	XP_016767396.2	29.293	99	49	4	250	328	607	704	0.045	25.8
XP_025993402.1	XP_001122546.4	42.857	42	17	2	293	328	644	684	0.047	25.8
XP_025993416.1	XP_026296028.1	42.857	21	12	0	20	40	185	205	0.012	26.9
XP_025993416.1	XP_026296027.1	42.857	21	12	0	20	40	185	205	0.012	26.9
XP_025993416.1	XP_026296026.1	42.857	21	12	0	20	40	185	205	0.012	26.9
XP_025993416.1	XP_026296025.1	42.857	21	12	0	20	40	197	217	0.014	26.6
XP_025993419.1	XP_026296028.1	45.000	20	11	0	20	39	185	204	0.015	26.2
XP_025993419.1	XP_026296027.1	45.000	20	11	0	20	39	185	204	0.015	26.2
XP_025993419.1	XP_026296026.1	45.000	20	11	0	20	39	185	204	0.015	26.2
XP_025993419.1	XP_026296025.1	56.250	16	7	0	20	35	197	212	0.016	26.2
XP_025993459.1	XP_026296025.1	50.000	22	11	0	217	238	188	209	0.045	24.6
XP_025993459.1	XP_026296028.1	50.000	22	11	0	217	238	176	197	0.046	24.6
XP_025993459.1	XP_026296027.1	50.000	22	11	0	217	238	176	197	0.046	24.6
XP_025993459.1	XP_026296026.1	50.000	22	11	0	217	238	176	197	0.046	24.6
XP_025993462.1	XP_001122571.3	20.408	98	69	2	1	98	258	346	0.031	23.5
XP_025993463.1	XP_026296025.1	47.059	17	9	0	92	108	111	127	0.021	23.5
XP_025993463.1	XP_026296028.1	47.059	17	9	0	92	108	99	115	0.022	23.5
XP_025993463.1	XP_026296027.1	47.059	17	9	0	92	108	99	115	0.022	23.5
XP_025993463.1	XP_026296026.1	47.059	17	9	0	92	108	99	115	0.022	23.5
XP_025993582.1	XP_001122546.4	53.333	15	7	0	251	265	731	745	0.048	23.9
XP_025993650.1	XP_001122546.4	25.490	102	62	4	118	211	320	415	0.005	26.2
XP_025993650.1	XP_016767396.2	25.490	102	62	4	118	211	320	415	0.005	26.2
XP_025993667.1	XP_001122546.4	30.303	66	35	3	755	810	62	126	0.027	26.6
XP_025993667.1	XP_016767396.2	30.303	66	35	3	755	810	62	126	0.027	26.6
XP_025993668.1	XP_001122546.4	30.303	66	35	3	754	809	62	126	0.027	26.6
XP_025993668.1	XP_016767396.2	30.303	66	35	3	754	809	62	126	0.028	26.6
XP_025993669.1	XP_001122546.4	30.303	66	35	3	754	809	62	126	0.027	26.6
XP_025993669.1	XP_016767396.2	30.303	66	35	3	754	809	62	126	0.027	26.6
XP_025993670.1	XP_001122546.4	30.303	66	35	3	729	784	62	126	0.027	26.6
XP_025993670.1	XP_016767396.2	30.303	66	35	3	729	784	62	126	0.029	26.6
XP_025993671.1	XP_001122546.4	30.303	66	35	3	728	783	62	126	0.027	26.6
XP_025993671.1	XP_016767396.2	30.303	66	35	3	728	783	62	126	0.029	26.6
XP_025993744.1	XP_016767396.2	39.024	41	25	0	168	208	243	283	0.015	25.8
XP_025993744.1	XP_001122546.4	39.024	41	25	0	168	208	243	283	0.016	25.8
XP_025993872.1	XP_016767396.2	26.126	111	75	4	278	388	472	575	0.043	24.3
XP_025994073.1	XP_026296025.1	26.000	100	61	3	15	105	84	179	0.004	27.7
XP_025994073.1	XP_026296028.1	26.263	99	60	3	15	104	72	166	0.005	27.7
XP_025994073.1	XP_026296027.1	26.263	99	60	3	15	104	72	166	0.005	27.7
XP_025994073.1	XP_026296026.1	26.263	99	60	3	15	104	72	166	0.005	27.7
XP_025994296.1	XP_026296025.1	37.931	29	16	1	195	221	191	219	0.031	24.6
XP_025994296.1	XP_026296028.1	37.931	29	16	1	195	221	179	207	0.031	24.6
XP_025994296.1	XP_026296027.1	37.931	29	16	1	195	221	179	207	0.031	24.6
XP_025994296.1	XP_026296026.1	37.931	29	16	1	195	221	179	207	0.031	24.6
XP_025994391.1	XP_001122546.4	36.364	55	30	1	49	103	105	154	0.002	25.4
XP_025994391.1	XP_016767396.2	36.364	55	30	1	49	103	105	154	0.002	25.4
XP_025994450.1	XP_016767396.2	42.857	28	16	0	67	94	291	318	0.009	26.6
XP_025994450.1	XP_001122546.4	42.857	28	16	0	67	94	291	318	0.010	26.2
XP_025994451.1	XP_016767396.2	42.857	28	16	0	67	94	291	318	0.008	26.6
XP_025994451.1	XP_001122546.4	42.857	28	16	0	67	94	291	318	0.008	26.2
XP_025994560.1	XP_016767396.2	27.660	94	59	2	26	119	84	168	0.023	23.9
XP_025994560.1	XP_001122546.4	27.660	94	59	2	26	119	84	168	0.025	23.9
XP_025994633.1	XP_001122546.4	30.702	114	67	5	171	275	537	647	0.015	25.8
XP_025994633.1	XP_016767396.2	30.702	114	67	5	171	275	557	667	0.018	25.8
XP_025994664.1	XP_001122546.4	34.426	61	36	3	484	544	365	421	0.019	26.2
XP_025994664.1	XP_016767396.2	34.426	61	36	3	484	544	365	421	0.020	26.2
XP_025994665.1	XP_016767396.2	34.426	61	36	3	465	525	365	421	0.018	26.2
XP_025994665.1	XP_001122546.4	34.426	61	36	3	465	525	365	421	0.019	26.2
XP_025994666.1	XP_016767396.2	34.426	61	36	3	438	498	365	421	0.019	26.2
XP_025994666.1	XP_001122546.4	34.426	61	36	3	438	498	365	421	0.019	26.2
XP_025994690.1	XP_001122546.4	44.000	25	14	0	85	109	50	74	0.004	25.4
XP_025994690.1	XP_016767396.2	44.000	25	14	0	85	109	50	74	0.004	25.4
XP_025994802.1	XP_001122571.3	24.324	37	28	0	17	53	283	319	0.010	23.5
XP_025995030.1	XP_016767396.2	26.804	97	59	3	12	105	597	684	0.029	22.7
XP_025995030.1	XP_001122546.4	26.804	97	59	3	12	105	577	664	0.030	22.7
XP_025995164.1	XP_016767396.2	40.000	25	15	0	173	197	50	74	0.026	23.9
XP_025995164.1	XP_001122546.4	40.000	25	15	0	173	197	50	74	0.027	23.9
XP_025995240.1	XP_001122546.4	29.213	89	61	1	2	90	262	348	8.46e-06	36.6
XP_025995240.1	XP_016767396.2	29.213	89	61	1	2	90	262	348	8.50e-06	36.6
XP_025995241.1	XP_016767396.2	30.337	89	59	2	2	89	262	348	1.17e-05	36.2
XP_025995241.1	XP_001122546.4	30.337	89	59	2	2	89	262	348	1.24e-05	36.2
XP_025995399.1	NP_001011607.1	40.000	20	12	0	83	102	1	20	2.88e-04	27.3
XP_025995499.1	XP_016767396.2	25.444	169	87	5	398	527	509	677	0.010	27.7
XP_025995499.1	XP_016767396.2	25.424	118	85	3	586	703	48	162	0.032	26.2
XP_025995499.1	XP_001122546.4	25.444	169	87	5	398	527	489	657	0.010	27.7
XP_025995499.1	XP_001122546.4	25.424	118	85	3	586	703	48	162	0.031	26.2
XP_025995701.1	XP_016767396.2	27.434	113	55	4	181	288	438	528	1.28e-04	32.7
XP_025995782.1	XP_001122546.4	30.435	115	62	5	877	985	447	549	0.045	25.8
XP_025995831.1	XP_016767396.2	35.294	34	20	1	109	140	261	294	0.036	25.4
XP_025995831.1	XP_001122546.4	35.294	34	20	1	109	140	261	294	0.038	25.4
XP_025995832.1	XP_016767396.2	35.294	34	20	1	109	140	261	294	0.036	25.4
XP_025995832.1	XP_001122546.4	35.294	34	20	1	109	140	261	294	0.038	25.0
XP_025995833.1	XP_016767396.2	35.294	34	20	1	109	140	261	294	0.036	25.4
XP_025995833.1	XP_001122546.4	35.294	34	20	1	109	140	261	294	0.038	25.0
XP_025995853.1	XP_016767396.2	29.915	117	58	7	94	210	501	593	0.049	25.0
XP_025995904.1	XP_001122546.4	27.000	100	66	4	482	579	438	532	1.18e-05	37.0
XP_025996042.1	XP_001122546.4	25.455	55	37	1	65	115	140	194	0.030	23.9
XP_025996042.1	XP_016767396.2	25.455	55	37	1	65	115	140	194	0.030	23.9
XP_025996043.1	XP_001122546.4	25.455	55	37	1	65	115	140	194	0.030	23.9
XP_025996043.1	XP_016767396.2	25.455	55	37	1	65	115	140	194	0.030	23.9
XP_025996044.1	XP_001122546.4	25.455	55	37	1	65	115	140	194	0.030	23.9
XP_025996044.1	XP_016767396.2	25.455	55	37	1	65	115	140	194	0.030	23.9
XP_025996045.1	XP_001122546.4	25.455	55	37	1	65	115	140	194	0.030	23.9
XP_025996045.1	XP_016767396.2	25.455	55	37	1	65	115	140	194	0.030	23.9
XP_025996150.1	XP_016767396.2	66.667	18	6	0	158	175	228	245	0.023	25.4
XP_025996150.1	XP_001122546.4	66.667	18	6	0	158	175	228	245	0.024	25.4
XP_025996403.1	XP_016767396.2	30.909	55	38	0	424	478	51	105	0.008	28.1
XP_025996403.1	XP_001122546.4	30.909	55	38	0	424	478	51	105	0.009	28.1
XP_025996528.1	XP_016767396.2	25.664	113	73	2	5	116	66	168	0.033	23.9
XP_025996528.1	XP_001122546.4	25.664	113	73	2	5	116	66	168	0.036	23.9
XP_025996633.1	XP_016767396.2	30.769	26	18	0	41	66	311	336	0.008	23.5
XP_025996633.1	XP_001122546.4	30.769	26	18	0	41	66	311	336	0.008	23.5
XP_025996669.1	XP_016767396.2	27.523	109	67	4	318	422	226	326	0.001	31.2
XP_025996669.1	XP_001122546.4	27.523	109	67	4	318	422	226	326	0.001	31.2
XP_025996670.1	XP_016767396.2	27.523	109	67	4	318	422	226	326	0.001	31.2
XP_025996670.1	XP_001122546.4	27.523	109	67	4	318	422	226	326	0.002	30.8
XP_025996747.1	XP_016767396.2	31.034	58	32	1	1334	1383	41	98	0.049	26.6
XP_025996747.1	XP_001122546.4	31.034	58	32	1	1334	1383	41	98	0.049	26.6
XP_025996846.1	XP_016767396.2	30.000	40	24	1	68	103	293	332	0.024	25.0
XP_025996846.1	XP_001122546.4	30.000	40	24	1	68	103	293	332	0.024	25.0
XP_025996995.1	XP_001122546.4	43.902	41	16	2	90	123	49	89	0.018	23.5
XP_025996995.1	XP_016767396.2	43.902	41	16	2	90	123	49	89	0.018	23.5
XP_025997106.1	XP_016767396.2	39.706	68	32	3	195	256	590	654	0.036	25.4
XP_025997106.1	XP_001122546.4	39.706	68	32	3	195	256	570	634	0.044	25.0
XP_025997175.1	XP_026296025.1	26.471	34	25	0	45	78	77	110	0.018	23.1
XP_025997175.1	XP_026296028.1	26.471	34	25	0	45	78	65	98	0.019	23.1
XP_025997175.1	XP_026296027.1	26.471	34	25	0	45	78	65	98	0.019	23.1
XP_025997175.1	XP_026296026.1	26.471	34	25	0	45	78	65	98	0.019	23.1
XP_025997258.1	XP_026296028.1	29.825	57	29	1	25	81	106	151	0.014	23.9
XP_025997258.1	XP_026296027.1	29.825	57	29	1	25	81	106	151	0.014	23.9
XP_025997258.1	XP_026296026.1	29.825	57	29	1	25	81	106	151	0.014	23.9
XP_025997258.1	XP_026296025.1	43.750	16	9	0	66	81	148	163	0.016	23.9
XP_025997271.1	XP_026296025.1	52.941	17	8	0	52	68	106	122	0.044	22.3
XP_025997271.1	XP_026296028.1	52.941	17	8	0	52	68	94	110	0.049	21.9
XP_025997271.1	XP_026296027.1	52.941	17	8	0	52	68	94	110	0.049	21.9
XP_025997271.1	XP_026296026.1	52.941	17	8	0	52	68	94	110	0.049	21.9
XP_025997284.1	XP_016767396.2	21.875	64	49	1	139	202	572	634	0.042	23.1
XP_025997284.1	XP_001122546.4	21.875	64	49	1	139	202	552	614	0.047	23.1
XP_025997373.1	XP_001122546.4	32.308	65	26	4	3	67	400	446	0.004	25.4
XP_025997373.1	XP_016767396.2	32.308	65	26	4	3	67	400	446	0.005	25.4
XP_025997374.1	XP_001122546.4	32.308	65	26	4	3	67	400	446	0.002	25.8
XP_025997374.1	XP_016767396.2	32.308	65	26	4	3	67	400	446	0.003	25.8
XP_025997392.1	XP_001122546.4	26.042	96	62	3	61	149	48	141	0.008	25.4
XP_025997392.1	XP_016767396.2	26.042	96	62	3	61	149	48	141	0.008	25.4
XP_025997413.1	XP_026296025.1	41.379	29	16	1	523	550	156	184	0.041	25.0
XP_025997413.1	XP_026296028.1	41.379	29	16	1	523	550	144	172	0.042	25.0
XP_025997413.1	XP_026296027.1	41.379	29	16	1	523	550	144	172	0.042	25.0
XP_025997413.1	XP_026296026.1	41.379	29	16	1	523	550	144	172	0.042	25.0
XP_025997642.1	XP_001122571.3	37.931	29	18	0	74	102	297	325	0.045	21.9
XP_025997655.1	XP_016767396.2	39.024	41	21	1	309	345	57	97	0.034	25.8
XP_025997655.1	XP_001122546.4	39.024	41	21	1	309	345	57	97	0.035	25.8
XP_025997671.1	XP_016767396.2	22.018	109	75	3	7	109	10	114	0.015	24.3
XP_025997671.1	XP_001122546.4	22.018	109	75	3	7	109	10	114	0.016	23.9
XP_025997753.1	XP_001122546.4	36.842	38	23	1	169	206	288	324	0.049	24.3
XP_025997782.1	XP_001122571.3	28.889	45	26	2	1	39	1	45	0.024	23.9
XP_025998024.1	XP_001122546.4	27.660	94	59	2	27	120	84	168	0.049	23.5
XP_025998024.1	XP_016767396.2	27.660	94	59	2	27	120	84	168	0.049	23.5
