XP_035717261.1	XP_016767396.2	25.581	86	56	2	22	99	44	129	0.030	23.9
XP_035717261.1	XP_001122546.4	25.581	86	56	2	22	99	44	129	0.032	23.9
XP_035717427.1	XP_026296025.1	52.381	21	10	0	195	215	101	121	0.045	23.9
XP_035717427.1	XP_026296028.1	52.381	21	10	0	195	215	89	109	0.045	23.9
XP_035717427.1	XP_026296027.1	52.381	21	10	0	195	215	89	109	0.045	23.9
XP_035717427.1	XP_026296026.1	52.381	21	10	0	195	215	89	109	0.045	23.9
XP_035717428.1	XP_026296025.1	52.381	21	10	0	195	215	101	121	0.045	23.9
XP_035717428.1	XP_026296028.1	52.381	21	10	0	195	215	89	109	0.045	23.9
XP_035717428.1	XP_026296027.1	52.381	21	10	0	195	215	89	109	0.045	23.9
XP_035717428.1	XP_026296026.1	52.381	21	10	0	195	215	89	109	0.045	23.9
XP_035717429.1	XP_026296025.1	52.381	21	10	0	195	215	101	121	0.045	23.9
XP_035717429.1	XP_026296028.1	52.381	21	10	0	195	215	89	109	0.045	23.9
XP_035717429.1	XP_026296027.1	52.381	21	10	0	195	215	89	109	0.045	23.9
XP_035717429.1	XP_026296026.1	52.381	21	10	0	195	215	89	109	0.045	23.9
XP_035717430.1	XP_026296025.1	52.381	21	10	0	156	176	101	121	0.039	23.9
XP_035717430.1	XP_026296028.1	52.381	21	10	0	156	176	89	109	0.043	23.9
XP_035717430.1	XP_026296027.1	52.381	21	10	0	156	176	89	109	0.043	23.9
XP_035717430.1	XP_026296026.1	52.381	21	10	0	156	176	89	109	0.043	23.9
XP_035717482.1	XP_001122546.4	34.677	124	72	3	1495	1613	50	169	0.001	32.0
XP_035717483.1	XP_001122546.4	34.677	124	72	3	1487	1605	50	169	0.001	32.0
XP_035717699.1	XP_001122546.4	30.435	46	30	1	271	314	472	517	0.018	25.8
XP_035717699.1	XP_001122546.4	25.000	96	54	4	289	377	589	673	0.028	25.4
XP_035717699.1	XP_016767396.2	25.000	96	54	4	289	377	609	693	0.023	25.4
XP_035717699.1	XP_016767396.2	34.615	26	17	0	289	314	512	537	0.041	24.6
XP_035717705.1	XP_026296028.1	37.037	27	17	0	469	495	169	195	0.016	26.2
XP_035717705.1	XP_026296027.1	37.037	27	17	0	469	495	169	195	0.016	26.2
XP_035717705.1	XP_026296026.1	37.037	27	17	0	469	495	169	195	0.016	26.2
XP_035717705.1	XP_026296025.1	37.037	27	17	0	469	495	181	207	0.016	26.2
XP_035717706.1	XP_026296028.1	37.037	27	17	0	469	495	169	195	0.016	26.2
XP_035717706.1	XP_026296027.1	37.037	27	17	0	469	495	169	195	0.016	26.2
XP_035717706.1	XP_026296026.1	37.037	27	17	0	469	495	169	195	0.016	26.2
XP_035717706.1	XP_026296025.1	37.037	27	17	0	469	495	181	207	0.017	26.2
XP_035717707.1	XP_001122546.4	30.435	46	30	1	270	313	472	517	0.018	25.8
XP_035717707.1	XP_001122546.4	25.000	96	54	4	288	376	589	673	0.028	25.4
XP_035717707.1	XP_016767396.2	25.000	96	54	4	288	376	609	693	0.023	25.4
XP_035717707.1	XP_016767396.2	34.615	26	17	0	288	313	512	537	0.042	24.6
XP_035717708.1	XP_026296028.1	37.037	27	17	0	469	495	169	195	0.015	26.2
XP_035717708.1	XP_026296027.1	37.037	27	17	0	469	495	169	195	0.015	26.2
XP_035717708.1	XP_026296026.1	37.037	27	17	0	469	495	169	195	0.015	26.2
XP_035717708.1	XP_026296025.1	37.037	27	17	0	469	495	181	207	0.015	26.2
XP_035717709.1	XP_026296028.1	37.037	27	17	0	469	495	169	195	0.014	26.2
XP_035717709.1	XP_026296027.1	37.037	27	17	0	469	495	169	195	0.014	26.2
XP_035717709.1	XP_026296026.1	37.037	27	17	0	469	495	169	195	0.014	26.2
XP_035717709.1	XP_026296025.1	37.037	27	17	0	469	495	181	207	0.014	26.2
XP_035717710.1	XP_026296028.1	37.037	27	17	0	469	495	169	195	0.014	26.2
XP_035717710.1	XP_026296027.1	37.037	27	17	0	469	495	169	195	0.014	26.2
XP_035717710.1	XP_026296026.1	37.037	27	17	0	469	495	169	195	0.014	26.2
XP_035717710.1	XP_026296025.1	37.037	27	17	0	469	495	181	207	0.014	26.2
XP_035717711.1	XP_026296028.1	37.037	27	17	0	469	495	169	195	0.014	26.2
XP_035717711.1	XP_026296027.1	37.037	27	17	0	469	495	169	195	0.014	26.2
XP_035717711.1	XP_026296026.1	37.037	27	17	0	469	495	169	195	0.014	26.2
XP_035717711.1	XP_026296025.1	37.037	27	17	0	469	495	181	207	0.014	26.2
XP_035718576.1	XP_016767396.2	35.714	28	18	0	320	347	747	774	0.034	25.0
XP_035718576.1	XP_001122546.4	35.714	28	18	0	320	347	727	754	0.037	25.0
XP_035718852.1	XP_016767396.2	27.778	36	26	0	290	325	42	77	0.041	24.6
XP_035718852.1	XP_001122546.4	27.778	36	26	0	290	325	42	77	0.042	24.6
XP_035718853.1	XP_016767396.2	27.778	36	26	0	258	293	42	77	0.040	24.6
XP_035718853.1	XP_001122546.4	27.778	36	26	0	258	293	42	77	0.042	24.6
XP_035719323.1	XP_026296025.1	41.667	24	14	0	169	192	189	212	0.043	24.3
XP_035719323.1	XP_026296028.1	41.667	24	14	0	169	192	177	200	0.046	24.3
XP_035719323.1	XP_026296027.1	41.667	24	14	0	169	192	177	200	0.046	24.3
XP_035719323.1	XP_026296026.1	41.667	24	14	0	169	192	177	200	0.046	24.3
XP_035719394.1	XP_016767396.2	21.849	119	83	2	152	270	494	602	0.046	24.6
XP_035719395.1	XP_016767396.2	21.849	119	83	2	152	270	494	602	0.048	24.3
XP_035719417.1	XP_001122546.4	25.000	40	30	0	480	519	201	240	0.049	25.4
XP_035719753.1	XP_001122546.4	25.000	44	33	0	171	214	201	244	0.005	26.9
XP_035719753.1	XP_016767396.2	25.000	44	33	0	171	214	201	244	0.006	26.6
XP_035720073.1	XP_016767396.2	21.795	78	61	0	804	881	206	283	0.001	31.2
XP_035720073.1	XP_001122546.4	21.795	78	61	0	804	881	206	283	0.001	31.2
XP_035720074.1	XP_016767396.2	21.795	78	61	0	804	881	206	283	0.002	31.2
XP_035720074.1	XP_001122546.4	21.795	78	61	0	804	881	206	283	0.002	31.2
XP_035720075.1	XP_016767396.2	21.795	78	61	0	804	881	206	283	0.001	31.2
XP_035720075.1	XP_001122546.4	21.795	78	61	0	804	881	206	283	0.002	31.2
XP_035720164.1	XP_001122546.4	23.350	197	118	8	5	198	347	513	0.002	27.3
XP_035720164.1	XP_016767396.2	25.455	110	68	3	5	113	347	443	0.047	23.1
XP_035720467.1	XP_001122546.4	28.169	71	36	3	151	206	447	517	0.021	26.2
XP_035720468.1	XP_001122546.4	28.169	71	36	3	151	206	447	517	0.023	26.2
XP_035720469.1	XP_001122546.4	28.169	71	36	3	151	206	447	517	0.020	26.2
XP_035720470.1	XP_001122546.4	28.169	71	36	3	151	206	447	517	0.022	26.2
XP_035720471.1	XP_001122546.4	28.169	71	36	3	98	153	447	517	0.025	26.2
XP_035720472.1	XP_001122546.4	28.169	71	36	3	98	153	447	517	0.025	26.2
XP_035720473.1	XP_001122546.4	28.169	71	36	3	98	153	447	517	0.025	26.2
XP_035720474.1	XP_001122546.4	28.169	71	36	3	151	206	447	517	0.020	26.2
XP_035720934.1	XP_016767396.2	25.974	77	47	3	545	618	482	551	0.047	25.4
XP_035720935.1	XP_016767396.2	25.974	77	47	3	545	618	482	551	0.047	25.4
XP_035720936.1	XP_016767396.2	25.974	77	47	3	545	618	482	551	0.047	25.4
XP_035720937.1	XP_016767396.2	25.974	77	47	3	545	618	482	551	0.047	25.4
XP_035720938.1	XP_016767396.2	25.974	77	47	3	545	618	482	551	0.047	25.4
XP_035720939.1	XP_016767396.2	25.974	77	47	3	545	618	482	551	0.047	25.4
XP_035720941.1	XP_016767396.2	25.974	77	47	3	545	618	482	551	0.047	25.4
XP_035720942.1	XP_016767396.2	25.974	77	47	3	545	618	482	551	0.047	25.4
XP_035720943.1	XP_016767396.2	25.974	77	47	3	431	504	482	551	0.043	25.0
XP_035721199.1	XP_001122546.4	25.490	102	62	4	118	211	320	415	0.003	26.9
XP_035721199.1	XP_016767396.2	25.490	102	62	4	118	211	320	415	0.003	26.9
XP_035721200.1	XP_001122546.4	25.490	102	62	4	118	211	320	415	0.003	26.9
XP_035721200.1	XP_016767396.2	25.490	102	62	4	118	211	320	415	0.003	26.9
XP_035721201.1	XP_001122546.4	25.490	102	62	4	118	211	320	415	0.003	26.9
XP_035721201.1	XP_016767396.2	25.490	102	62	4	118	211	320	415	0.003	26.9
XP_035721202.1	XP_016767396.2	25.490	102	62	4	117	210	320	415	0.007	25.8
XP_035721202.1	XP_001122546.4	25.490	102	62	4	117	210	320	415	0.007	25.8
XP_035721203.1	XP_016767396.2	25.490	102	62	4	97	190	320	415	0.008	25.4
XP_035721203.1	XP_001122546.4	25.490	102	62	4	97	190	320	415	0.008	25.4
XP_035721205.1	XP_016767396.2	25.490	102	62	4	97	190	320	415	0.008	25.4
XP_035721205.1	XP_001122546.4	25.490	102	62	4	97	190	320	415	0.008	25.4
XP_035721802.1	XP_016767396.2	21.642	134	96	3	5	134	376	504	0.031	25.0
XP_035721865.1	XP_016767396.2	42.000	50	24	2	126	170	573	622	0.014	25.8
XP_035721865.1	XP_001122546.4	42.000	50	24	2	126	170	553	602	0.014	25.8
XP_035721867.1	XP_016767396.2	42.000	50	24	2	133	177	573	622	0.016	25.8
XP_035721867.1	XP_001122546.4	42.000	50	24	2	133	177	553	602	0.016	25.8
XP_035721869.1	XP_001122546.4	42.000	50	24	2	126	170	553	602	0.017	25.4
XP_035721869.1	XP_016767396.2	42.000	50	24	2	126	170	573	622	0.018	25.4
XP_035721871.1	XP_016767396.2	42.000	50	24	2	126	170	573	622	0.013	25.8
XP_035721871.1	XP_001122546.4	42.000	50	24	2	126	170	553	602	0.013	25.8
XP_035721874.1	XP_001122546.4	42.000	50	24	2	133	177	553	602	0.018	25.4
XP_035721874.1	XP_016767396.2	42.000	50	24	2	133	177	573	622	0.020	25.0
XP_035721875.1	XP_001122546.4	42.000	50	24	2	133	177	553	602	0.015	25.8
XP_035721875.1	XP_016767396.2	42.000	50	24	2	133	177	573	622	0.015	25.4
XP_035722017.1	XP_001122546.4	33.333	51	26	2	753	802	441	484	0.046	26.2
XP_035722084.1	XP_016767396.2	42.105	19	11	0	550	568	338	356	0.026	25.8
XP_035722084.1	XP_001122546.4	42.105	19	11	0	550	568	338	356	0.027	25.8
XP_035722086.1	XP_016767396.2	42.105	19	11	0	550	568	338	356	0.026	25.8
XP_035722086.1	XP_001122546.4	42.105	19	11	0	550	568	338	356	0.027	25.8
XP_035722087.1	XP_016767396.2	42.105	19	11	0	550	568	338	356	0.026	25.8
XP_035722087.1	XP_001122546.4	42.105	19	11	0	550	568	338	356	0.027	25.8
XP_035722088.1	XP_016767396.2	42.105	19	11	0	550	568	338	356	0.026	25.8
XP_035722088.1	XP_001122546.4	42.105	19	11	0	550	568	338	356	0.027	25.8
XP_035722089.1	XP_016767396.2	42.105	19	11	0	550	568	338	356	0.026	25.8
XP_035722089.1	XP_001122546.4	42.105	19	11	0	550	568	338	356	0.027	25.8
XP_035722090.1	XP_016767396.2	42.105	19	11	0	550	568	338	356	0.026	25.8
XP_035722090.1	XP_001122546.4	42.105	19	11	0	550	568	338	356	0.027	25.8
XP_035722118.1	XP_001122546.4	28.788	66	44	1	266	331	227	289	0.018	27.3
XP_035722118.1	XP_016767396.2	28.788	66	44	1	266	331	227	289	0.018	27.3
XP_035722128.1	XP_001122546.4	28.788	66	44	1	259	324	227	289	0.017	27.3
XP_035722128.1	XP_016767396.2	27.397	73	50	1	252	324	220	289	0.018	27.3
XP_035722134.1	XP_016767396.2	28.788	66	44	1	252	317	227	289	0.018	27.3
XP_035722134.1	XP_001122546.4	28.788	66	44	1	252	317	227	289	0.018	27.3
XP_035722144.1	XP_001122546.4	28.788	66	44	1	249	314	227	289	0.017	27.3
XP_035722144.1	XP_016767396.2	28.788	66	44	1	249	314	227	289	0.018	27.3
XP_035722154.1	XP_016767396.2	27.397	73	50	1	219	291	220	289	0.018	27.3
XP_035722154.1	XP_001122546.4	28.788	66	44	1	226	291	227	289	0.018	26.9
XP_035722160.1	XP_001122546.4	27.397	73	50	1	79	151	220	289	0.014	27.3
XP_035722160.1	XP_016767396.2	27.397	73	50	1	79	151	220	289	0.014	27.3
XP_035722167.1	XP_001122546.4	27.397	73	50	1	79	151	220	289	0.014	27.3
XP_035722167.1	XP_016767396.2	27.397	73	50	1	79	151	220	289	0.014	27.3
XP_035722680.1	XP_001122546.4	22.297	296	165	9	750	1035	279	519	0.003	30.0
XP_035722710.1	XP_016767396.2	25.275	182	114	6	82	241	507	688	0.012	26.9
XP_035722710.1	XP_001122546.4	25.275	182	114	6	82	241	487	668	0.019	26.2
XP_035722711.1	XP_001122571.3	50.000	26	8	1	17	42	312	332	0.009	26.2
XP_035722751.1	XP_001122571.3	35.000	40	26	0	687	726	17	56	0.010	27.7
XP_035722752.1	XP_001122571.3	35.000	40	26	0	687	726	17	56	0.026	26.6
XP_035722753.1	XP_001122571.3	35.000	40	26	0	670	709	17	56	0.024	26.6
XP_035722754.1	XP_001122571.3	35.000	40	26	0	656	695	17	56	0.024	26.6
XP_035722755.1	XP_001122571.3	35.000	40	26	0	650	689	17	56	0.019	26.9
XP_035722756.1	XP_001122571.3	35.000	40	26	0	656	695	17	56	0.025	26.6
XP_035722757.1	XP_001122571.3	35.000	40	26	0	687	726	17	56	0.020	26.6
XP_035722758.1	XP_001122571.3	35.000	40	26	0	529	568	17	56	0.014	26.9
XP_035722760.1	XP_001122571.3	35.000	40	26	0	687	726	17	56	0.025	26.2
XP_035722761.1	XP_001122571.3	35.000	40	26	0	656	695	17	56	0.026	26.2
XP_035722856.1	XP_026296028.1	52.174	23	10	1	152	174	116	137	0.018	26.2
XP_035722856.1	XP_026296027.1	52.174	23	10	1	152	174	116	137	0.018	26.2
XP_035722856.1	XP_026296026.1	52.174	23	10	1	152	174	116	137	0.018	26.2
XP_035722856.1	XP_026296025.1	52.174	23	10	1	152	174	128	149	0.019	25.8
XP_035722944.1	XP_016767396.2	26.471	34	25	0	313	346	346	379	0.025	26.2
XP_035722944.1	XP_001122546.4	26.471	34	25	0	313	346	346	379	0.027	25.8
XP_035722945.1	XP_016767396.2	26.471	34	25	0	313	346	346	379	0.026	26.2
XP_035722945.1	XP_001122546.4	26.471	34	25	0	313	346	346	379	0.027	25.8
XP_035723231.1	XP_016767396.2	22.222	63	49	0	314	376	194	256	0.038	24.3
XP_035723231.1	XP_001122546.4	22.222	63	49	0	314	376	194	256	0.041	24.3
XP_035723467.1	XP_016767396.2	32.099	81	50	3	1247	1325	470	547	0.021	28.1
XP_035723517.1	XP_001122546.4	36.170	47	23	1	577	623	659	698	0.007	28.5
XP_035723517.1	XP_016767396.2	36.170	47	23	1	577	623	679	718	0.008	28.5
XP_035723518.1	XP_001122546.4	36.170	47	23	1	577	623	659	698	0.007	28.5
XP_035723518.1	XP_016767396.2	36.170	47	23	1	577	623	679	718	0.008	28.5
XP_035723519.1	XP_001122546.4	36.170	47	23	1	577	623	659	698	0.007	28.5
XP_035723519.1	XP_016767396.2	36.170	47	23	1	577	623	679	718	0.008	28.5
XP_035723570.1	XP_016767396.2	30.556	72	35	4	337	407	313	370	2.16e-04	32.3
XP_035723570.1	XP_001122546.4	29.577	71	37	3	337	407	313	370	2.17e-04	32.3
XP_035723994.1	XP_001122571.3	33.333	42	26	2	15	56	21	60	0.032	25.4
XP_035723995.1	XP_001122571.3	33.333	42	26	2	15	56	21	60	0.032	25.4
XP_035723996.1	XP_001122571.3	33.333	42	26	2	15	56	21	60	0.032	25.4
XP_035724215.1	XP_001122571.3	50.000	26	13	0	472	497	33	58	0.005	27.7
XP_035724249.1	NP_001011607.1	46.154	13	7	0	60	72	57	69	0.024	23.5
XP_035724599.1	XP_026296025.1	29.032	31	22	0	13	43	4	34	0.038	25.0
XP_035724749.1	XP_016767396.2	24.286	280	139	10	961	1180	64	330	1.43e-04	34.3
XP_035724749.1	XP_001122546.4	24.286	280	139	10	961	1180	64	330	1.62e-04	33.9
XP_035725041.1	XP_016767396.2	30.000	110	66	6	641	745	664	767	0.003	29.6
XP_035725041.1	XP_001122546.4	30.000	110	66	6	641	745	644	747	0.003	29.3
XP_035725766.1	XP_016767396.2	22.744	277	170	8	444	694	199	457	0.007	29.3
XP_035725766.1	XP_001122546.4	22.744	277	170	8	444	694	199	457	0.008	28.9
XP_035725888.1	XP_016767396.2	41.935	31	17	1	13	43	305	334	0.040	22.3
XP_035725888.1	XP_001122546.4	41.935	31	17	1	13	43	305	334	0.045	21.9
XP_035725928.1	XP_016767396.2	47.826	23	12	0	76	98	497	519	0.036	21.9
XP_035725929.1	XP_016767396.2	47.826	23	12	0	76	98	497	519	0.036	21.9
XP_035725930.1	XP_016767396.2	47.826	23	12	0	76	98	497	519	0.036	21.9
XP_035725991.1	XP_001122571.3	37.143	35	20	1	248	282	281	313	0.031	25.4
XP_035725992.1	XP_001122571.3	37.143	35	20	1	243	277	281	313	0.034	25.4
XP_035725993.1	XP_001122571.3	30.986	71	39	4	186	251	248	313	0.031	25.4
XP_035725994.1	XP_001122571.3	30.986	71	39	4	186	251	248	313	0.031	25.4
XP_035725995.1	XP_001122571.3	30.986	71	39	4	186	251	248	313	0.031	25.4
XP_035725996.1	XP_001122571.3	30.986	71	39	4	186	251	248	313	0.031	25.4
XP_035725998.1	XP_001122571.3	30.986	71	39	4	186	251	248	313	0.031	25.4
XP_035725999.1	XP_001122571.3	30.986	71	39	4	186	251	248	313	0.031	25.4
XP_035726000.1	XP_001122571.3	30.986	71	39	4	186	251	248	313	0.031	25.4
XP_035726001.1	XP_001122571.3	30.986	71	39	4	186	251	248	313	0.031	25.4
XP_035726052.1	XP_001122571.3	28.261	46	33	0	128	173	249	294	0.010	24.6
XP_035726120.1	XP_001122571.3	35.185	54	31	3	20	71	6	57	0.031	23.1
XP_035726121.1	XP_001122571.3	35.185	54	31	3	20	71	6	57	0.031	23.1
XP_035726518.1	XP_001122546.4	28.302	53	35	2	160	212	588	637	0.040	25.4
XP_035726518.1	XP_016767396.2	28.302	53	35	2	160	212	608	657	0.041	25.4
XP_035727167.1	XP_001122546.4	18.919	37	30	0	64	100	352	388	0.014	24.3
XP_035727167.1	XP_016767396.2	18.919	37	30	0	64	100	352	388	0.016	24.3
XP_035727336.1	XP_001122546.4	32.258	31	21	0	222	252	629	659	0.004	26.6
XP_035727342.1	XP_026296028.1	31.111	45	28	1	205	249	67	108	0.012	25.0
XP_035727342.1	XP_026296027.1	31.111	45	28	1	205	249	67	108	0.012	25.0
XP_035727342.1	XP_026296026.1	31.111	45	28	1	205	249	67	108	0.012	25.0
XP_035727342.1	XP_026296025.1	31.111	45	28	1	205	249	79	120	0.013	25.0
XP_035727502.1	XP_016767396.2	27.869	61	33	1	115	175	472	521	0.006	26.9
XP_035727577.1	XP_001122546.4	25.926	135	88	4	598	731	472	595	0.027	26.6
XP_035727578.1	XP_001122546.4	25.926	135	88	4	584	717	472	595	0.029	26.6
XP_035727579.1	XP_001122546.4	25.926	135	88	4	532	665	472	595	0.027	26.6
XP_035727773.1	XP_016767396.2	26.446	121	75	3	437	546	198	315	0.027	25.8
XP_035727773.1	XP_001122546.4	26.446	121	75	3	437	546	198	315	0.027	25.8
XP_035727779.1	XP_016767396.2	26.446	121	75	3	403	512	198	315	0.019	26.2
XP_035727779.1	XP_001122546.4	26.446	121	75	3	403	512	198	315	0.019	26.2
XP_035727790.1	XP_016767396.2	26.389	144	79	7	119	244	542	676	0.038	24.6
XP_035727790.1	XP_001122546.4	26.389	144	79	7	119	244	522	656	0.043	24.3
XP_035727825.1	XP_001122546.4	25.373	67	42	2	142	201	54	119	0.026	24.3
XP_035727825.1	XP_016767396.2	25.373	67	42	2	142	201	54	119	0.028	23.9
XP_035728213.1	XP_001122546.4	22.222	99	73	3	35	133	452	546	0.045	23.1
XP_035728457.1	XP_016767396.2	23.656	93	64	2	59	151	39	124	0.030	24.3
XP_035728457.1	XP_001122546.4	23.404	94	65	2	58	151	38	124	0.033	24.3
XP_035728458.1	XP_016767396.2	23.656	93	64	2	59	151	39	124	0.030	24.3
XP_035728458.1	XP_001122546.4	23.404	94	65	2	58	151	38	124	0.033	24.3
XP_035728459.1	XP_016767396.2	23.656	93	64	2	59	151	39	124	0.030	24.3
XP_035728459.1	XP_001122546.4	23.404	94	65	2	58	151	38	124	0.033	24.3
XP_035728460.1	XP_016767396.2	23.656	93	64	2	59	151	39	124	0.030	24.3
XP_035728460.1	XP_001122546.4	23.404	94	65	2	58	151	38	124	0.033	24.3
XP_035728461.1	XP_016767396.2	23.656	93	64	2	59	151	39	124	0.030	24.3
XP_035728461.1	XP_001122546.4	23.404	94	65	2	58	151	38	124	0.033	24.3
XP_035728462.1	XP_016767396.2	23.656	93	64	2	59	151	39	124	0.030	24.3
XP_035728462.1	XP_001122546.4	23.404	94	65	2	58	151	38	124	0.033	24.3
XP_035728463.1	XP_016767396.2	23.656	93	64	2	59	151	39	124	0.030	24.3
XP_035728463.1	XP_001122546.4	23.404	94	65	2	58	151	38	124	0.033	24.3
XP_035728465.1	XP_001122546.4	23.404	94	65	2	26	119	38	124	0.023	24.6
XP_035728465.1	XP_016767396.2	23.656	93	64	2	27	119	39	124	0.023	24.6
XP_035728575.1	XP_016767396.2	41.379	29	17	0	1998	2026	57	85	0.046	26.9
XP_035728576.1	XP_016767396.2	41.379	29	17	0	1997	2025	57	85	0.046	26.9
XP_035728576.1	XP_001122546.4	41.379	29	17	0	1997	2025	57	85	0.050	26.6
XP_035728577.1	XP_016767396.2	41.379	29	17	0	1989	2017	57	85	0.047	26.9
XP_035728577.1	XP_001122546.4	41.379	29	17	0	1989	2017	57	85	0.049	26.6
XP_035728579.1	XP_016767396.2	41.379	29	17	0	1998	2026	57	85	0.046	26.9
XP_035728590.1	XP_001122546.4	34.615	26	17	0	54	79	151	176	0.045	25.0
XP_035728590.1	XP_016767396.2	34.615	26	17	0	54	79	151	176	0.045	25.0
XP_035728591.1	XP_001122546.4	34.615	26	17	0	53	78	151	176	0.047	25.0
XP_035728591.1	XP_016767396.2	34.615	26	17	0	53	78	151	176	0.048	25.0
XP_035728592.1	XP_001122546.4	34.615	26	17	0	46	71	151	176	0.044	25.0
XP_035728592.1	XP_016767396.2	34.615	26	17	0	46	71	151	176	0.045	25.0
XP_035728593.1	XP_016767396.2	34.615	26	17	0	31	56	151	176	0.040	25.0
XP_035728593.1	XP_001122546.4	34.615	26	17	0	31	56	151	176	0.041	25.0
XP_035728866.1	XP_016767396.2	25.424	59	44	0	142	200	644	702	8.52e-04	29.3
XP_035728866.1	XP_001122546.4	25.424	59	44	0	142	200	624	682	0.001	29.3
XP_035729096.1	XP_016767396.2	20.117	343	225	9	1915	2247	171	474	4.89e-05	37.4
XP_035729096.1	XP_001122546.4	20.117	343	225	9	1915	2247	171	474	5.47e-05	37.0
XP_035729203.1	XP_001122546.4	25.556	90	63	2	37	122	426	515	0.017	25.8
XP_035729213.1	XP_001122546.4	25.556	90	63	2	37	122	426	515	0.017	25.8
XP_035729256.1	XP_016767396.2	34.884	43	25	1	276	318	507	546	5.29e-04	30.4
XP_035729256.1	XP_001122546.4	34.884	43	25	1	276	318	487	526	5.45e-04	30.4
XP_035729461.1	XP_026296028.1	37.500	40	22	1	22	58	128	167	0.047	25.4
XP_035729461.1	XP_026296027.1	37.500	40	22	1	22	58	128	167	0.047	25.4
XP_035729461.1	XP_026296026.1	37.500	40	22	1	22	58	128	167	0.047	25.4
XP_035729570.1	XP_016767396.2	24.638	69	46	2	67	129	659	727	0.021	25.4
XP_035729570.1	XP_001122546.4	24.638	69	46	2	67	129	639	707	0.025	25.4
XP_035729571.1	XP_016767396.2	24.638	69	46	2	45	107	659	727	0.019	25.8
XP_035729571.1	XP_001122546.4	24.638	69	46	2	45	107	639	707	0.022	25.4
XP_035729649.1	XP_001122546.4	31.250	32	22	0	10	41	332	363	0.048	23.1
XP_035729649.1	XP_016767396.2	31.250	32	22	0	10	41	332	363	0.048	23.1
XP_035729680.1	XP_001122546.4	48.000	25	13	0	23	47	248	272	0.027	23.1
XP_035729680.1	XP_016767396.2	48.000	25	13	0	23	47	248	272	0.027	23.1
XP_035729714.1	XP_016767396.2	27.660	47	29	1	68	114	287	328	0.042	24.3
XP_035729714.1	XP_001122546.4	27.660	47	29	1	68	114	287	328	0.045	24.3
XP_035729715.1	XP_016767396.2	27.660	47	29	1	68	114	287	328	0.041	24.3
XP_035729715.1	XP_001122546.4	27.660	47	29	1	68	114	287	328	0.042	24.3
XP_035729930.1	XP_001122546.4	32.353	68	34	2	372	431	469	532	0.041	25.0
XP_035729931.1	XP_001122546.4	32.353	68	34	2	372	431	469	532	0.040	25.0
XP_035729935.1	XP_001122546.4	32.353	68	34	2	372	431	469	532	0.045	25.0
XP_035729937.1	XP_001122546.4	32.353	68	34	2	372	431	469	532	0.044	25.0
XP_035729939.1	XP_001122546.4	32.353	68	34	2	372	431	469	532	0.029	25.4
XP_035729940.1	XP_001122546.4	32.353	68	34	2	372	431	469	532	0.041	24.6
XP_035730514.1	XP_001122546.4	24.167	120	81	4	172	287	460	573	0.031	25.4
XP_035730709.1	XP_001122546.4	31.111	45	30	1	6	50	531	574	0.003	26.2
XP_035730709.1	XP_016767396.2	31.111	45	30	1	6	50	551	594	0.003	26.2
XP_035730710.1	XP_001122546.4	31.111	45	30	1	6	50	531	574	0.003	26.2
XP_035730710.1	XP_016767396.2	31.111	45	30	1	6	50	551	594	0.003	26.2
XP_035730711.1	XP_001122546.4	31.111	45	30	1	6	50	531	574	0.003	26.2
XP_035730711.1	XP_016767396.2	31.111	45	30	1	6	50	551	594	0.003	26.2
XP_035730996.1	XP_026296025.1	33.333	39	25	1	503	541	162	199	0.022	25.8
XP_035730996.1	XP_026296028.1	33.333	39	25	1	503	541	150	187	0.024	25.8
XP_035730996.1	XP_026296027.1	33.333	39	25	1	503	541	150	187	0.024	25.8
XP_035730996.1	XP_026296026.1	33.333	39	25	1	503	541	150	187	0.024	25.8
XP_035731093.1	XP_001122571.3	38.636	44	24	2	359	402	9	49	0.035	25.0
XP_035731095.1	XP_001122571.3	38.636	44	24	2	322	365	9	49	0.035	25.0
XP_035731096.1	XP_001122571.3	38.636	44	24	2	322	365	9	49	0.035	25.0
XP_035731435.1	XP_016767396.2	74.131	777	185	5	40	815	15	776	0.0	1147
XP_035731435.1	XP_001122546.4	72.809	776	177	4	40	815	15	756	0.0	1120
XP_035731436.1	XP_001122546.4	75.333	750	177	3	40	789	15	756	0.0	1136
XP_035731436.1	XP_016767396.2	73.377	770	177	4	40	789	15	776	0.0	1122
XP_035731437.1	XP_016767396.2	74.833	747	175	4	1	746	42	776	0.0	1117
XP_035731437.1	XP_001122546.4	73.458	746	167	3	1	746	42	756	0.0	1092
XP_035731438.1	XP_016767396.2	74.833	747	175	4	1	746	42	776	0.0	1117
XP_035731438.1	XP_001122546.4	73.458	746	167	3	1	746	42	756	0.0	1092
XP_035731439.1	XP_016767396.2	74.833	747	175	4	1	746	42	776	0.0	1117
XP_035731439.1	XP_001122546.4	73.458	746	167	3	1	746	42	756	0.0	1092
XP_035731444.1	XP_026296025.1	90.210	286	14	2	1	276	1	282	5.61e-165	449
XP_035731444.1	XP_026296028.1	94.424	269	11	1	8	276	6	270	3.67e-164	446
XP_035731444.1	XP_026296027.1	94.424	269	11	1	8	276	6	270	3.67e-164	446
XP_035731444.1	XP_026296026.1	94.424	269	11	1	8	276	6	270	3.67e-164	446
XP_035731445.1	XP_026296025.1	93.165	278	13	2	1	272	5	282	2.65e-167	454
XP_035731445.1	XP_026296028.1	95.849	265	11	0	8	272	6	270	1.63e-166	452
XP_035731445.1	XP_026296027.1	95.849	265	11	0	8	272	6	270	1.63e-166	452
XP_035731445.1	XP_026296026.1	95.849	265	11	0	8	272	6	270	1.63e-166	452
XP_035731525.1	XP_016767396.2	31.169	77	51	1	1071	1145	156	232	0.042	26.6
XP_035731526.1	XP_016767396.2	31.169	77	51	1	1071	1145	156	232	0.044	26.6
XP_035731527.1	XP_016767396.2	30.233	86	58	1	1058	1141	147	232	0.016	28.1
XP_035731527.1	XP_001122546.4	30.233	86	58	1	1058	1141	147	232	0.021	27.7
XP_035731528.1	XP_016767396.2	31.169	77	51	1	1034	1108	156	232	0.046	26.6
XP_035731529.1	XP_016767396.2	31.169	77	51	1	1034	1108	156	232	0.046	26.6
XP_035731530.1	XP_016767396.2	31.169	77	51	1	1034	1108	156	232	0.046	26.6
XP_035731531.1	XP_016767396.2	31.169	77	51	1	1034	1108	156	232	0.046	26.6
XP_035731532.1	XP_016767396.2	31.944	72	47	1	1076	1145	161	232	0.035	26.6
XP_035731532.1	XP_001122546.4	31.944	72	47	1	1076	1145	161	232	0.047	26.2
XP_035731619.1	XP_026296028.1	26.667	75	49	2	254	327	107	176	0.002	28.1
XP_035731619.1	XP_026296027.1	26.667	75	49	2	254	327	107	176	0.002	28.1
XP_035731619.1	XP_026296026.1	26.667	75	49	2	254	327	107	176	0.002	28.1
XP_035731619.1	XP_026296025.1	26.667	75	49	2	254	327	119	188	0.003	28.1
XP_035731640.1	XP_016767396.2	23.423	111	70	3	115	221	322	421	0.019	25.0
XP_035731640.1	XP_001122546.4	23.423	111	70	3	115	221	322	421	0.020	24.6
XP_035732217.1	XP_001122546.4	28.571	63	42	1	98	160	255	314	0.029	23.1
XP_035732217.1	XP_016767396.2	28.571	63	42	1	98	160	255	314	0.030	23.1
XP_035732329.1	XP_016767396.2	28.346	127	74	6	1127	1246	54	170	0.016	28.1
XP_035732329.1	XP_001122546.4	28.346	127	74	6	1127	1246	54	170	0.019	28.1
XP_035732330.1	XP_016767396.2	28.346	127	74	6	1127	1246	54	170	0.016	28.1
XP_035732330.1	XP_001122546.4	28.346	127	74	6	1127	1246	54	170	0.019	28.1
XP_035732331.1	XP_016767396.2	28.346	127	74	6	1119	1238	54	170	0.016	28.1
XP_035732331.1	XP_001122546.4	28.346	127	74	6	1119	1238	54	170	0.018	28.1
XP_035732359.1	XP_016767396.2	28.205	78	51	1	207	284	136	208	8.60e-04	30.0
XP_035732359.1	XP_001122546.4	28.205	78	51	1	207	284	136	208	0.001	29.6
XP_035732819.1	XP_016767396.2	31.429	70	37	4	6	69	695	759	0.006	25.8
XP_035732819.1	XP_001122546.4	31.429	70	37	4	6	69	675	739	0.006	25.8
XP_035732820.1	XP_016767396.2	31.429	70	37	4	6	69	695	759	0.005	26.2
XP_035732820.1	XP_001122546.4	31.429	70	37	4	6	69	675	739	0.005	25.8
XP_035732860.1	XP_016767396.2	55.556	18	8	0	345	362	720	737	0.024	25.8
XP_035732860.1	XP_001122546.4	55.556	18	8	0	345	362	700	717	0.024	25.8
XP_035732861.1	XP_016767396.2	55.556	18	8	0	344	361	720	737	0.024	25.8
XP_035732861.1	XP_001122546.4	55.556	18	8	0	344	361	700	717	0.025	25.8
XP_035732963.1	XP_001122546.4	20.909	220	151	6	226	430	438	649	0.002	30.0
XP_035732963.1	XP_016767396.2	20.259	232	158	7	226	430	438	669	0.020	26.6
XP_035732973.1	XP_016767396.2	47.826	23	12	0	76	98	497	519	0.036	21.9
XP_035733067.1	XP_001122571.3	36.111	36	23	0	7	42	4	39	0.006	25.4
XP_035733068.1	XP_001122571.3	36.111	36	23	0	7	42	4	39	0.006	25.4
XP_035733069.1	XP_001122571.3	29.412	34	24	0	111	144	317	350	0.033	22.7
XP_035733147.1	XP_001122546.4	31.707	41	17	1	144	173	693	733	0.048	24.3
XP_035733153.1	XP_001122571.3	32.500	40	26	1	1	40	1	39	0.004	25.4
XP_035733245.1	XP_016767396.2	31.746	63	30	2	61	110	1	63	0.039	23.1
XP_035733245.1	XP_001122546.4	31.746	63	30	2	61	110	1	63	0.044	23.1
XP_035733247.1	XP_016767396.2	31.746	63	30	2	61	110	1	63	0.039	23.1
XP_035733247.1	XP_001122546.4	31.746	63	30	2	61	110	1	63	0.044	23.1
XP_035733449.1	XP_016767396.2	22.414	58	45	0	38	95	277	334	0.050	22.7
XP_035734664.1	XP_016767396.2	28.378	74	41	2	3949	4010	33	106	0.007	30.8
XP_035734664.1	XP_001122546.4	28.378	74	41	2	3949	4010	33	106	0.008	30.4
XP_035734721.1	XP_016767396.2	29.915	117	58	7	94	210	501	593	0.038	25.4
XP_035734721.1	XP_001122546.4	29.730	111	56	6	100	210	485	573	0.042	25.4
XP_035734722.1	XP_016767396.2	29.915	117	58	7	94	210	501	593	0.038	25.0
XP_035734993.1	XP_026296028.1	38.095	42	25	1	397	438	105	145	0.043	24.6
XP_035734993.1	XP_026296027.1	38.095	42	25	1	397	438	105	145	0.043	24.6
XP_035734993.1	XP_026296026.1	38.095	42	25	1	397	438	105	145	0.043	24.6
XP_035734993.1	XP_026296025.1	38.095	42	25	1	397	438	117	157	0.050	24.3
XP_035734994.1	XP_026296028.1	38.095	42	25	1	356	397	105	145	0.041	24.6
XP_035734994.1	XP_026296027.1	38.095	42	25	1	356	397	105	145	0.041	24.6
XP_035734994.1	XP_026296026.1	38.095	42	25	1	356	397	105	145	0.041	24.6
XP_035734994.1	XP_026296025.1	38.095	42	25	1	356	397	117	157	0.047	24.3
XP_035734995.1	XP_026296028.1	38.095	42	25	1	327	368	105	145	0.038	24.6
XP_035734995.1	XP_026296027.1	38.095	42	25	1	327	368	105	145	0.038	24.6
XP_035734995.1	XP_026296026.1	38.095	42	25	1	327	368	105	145	0.038	24.6
XP_035734995.1	XP_026296025.1	38.095	42	25	1	327	368	117	157	0.041	24.3
XP_035735054.1	XP_001122571.3	37.500	40	18	1	143	175	16	55	0.038	23.1
XP_035735057.1	XP_001122571.3	37.500	40	18	1	96	128	16	55	0.017	23.5
XP_035735132.1	XP_001122546.4	24.074	108	67	3	78	177	413	513	0.013	25.0
XP_035735381.1	XP_016767396.2	47.826	23	12	0	76	98	497	519	0.036	21.9
XP_035735451.1	XP_026296025.1	36.000	25	16	0	431	455	122	146	0.022	25.4
XP_035735451.1	XP_026296028.1	36.000	25	16	0	431	455	110	134	0.023	25.4
XP_035735451.1	XP_026296027.1	36.000	25	16	0	431	455	110	134	0.023	25.4
XP_035735451.1	XP_026296026.1	36.000	25	16	0	431	455	110	134	0.023	25.4
XP_035735584.1	XP_016767396.2	22.222	63	49	0	1558	1620	92	154	0.010	28.9
XP_035735584.1	XP_001122546.4	22.222	63	49	0	1558	1620	92	154	0.011	28.9
XP_035735611.1	XP_016767396.2	31.343	134	73	6	189	317	39	158	0.044	24.6
XP_035736013.1	XP_016767396.2	25.688	109	61	4	97	198	616	711	0.020	24.3
XP_035736013.1	XP_001122546.4	25.688	109	61	4	97	198	596	691	0.021	24.3
XP_035736015.1	XP_001122546.4	28.205	39	28	0	447	485	286	324	0.048	24.6
XP_035736015.1	XP_016767396.2	28.205	39	28	0	447	485	286	324	0.049	24.6
XP_035736213.1	XP_016767396.2	25.490	51	38	0	307	357	249	299	0.010	26.6
XP_035736213.1	XP_016767396.2	35.294	34	22	0	253	286	346	379	0.031	25.0
XP_035736213.1	XP_001122546.4	25.490	51	38	0	307	357	249	299	0.010	26.6
XP_035736213.1	XP_001122546.4	35.294	34	22	0	253	286	346	379	0.030	25.0
XP_035736257.1	XP_001122546.4	32.000	50	34	0	482	531	477	526	0.023	26.2
XP_035736258.1	XP_001122546.4	32.000	50	34	0	482	531	477	526	0.023	26.2
XP_035736259.1	XP_001122546.4	32.000	50	34	0	407	456	477	526	0.018	26.2
XP_035736269.1	XP_001122571.3	25.333	75	47	2	137	211	257	322	0.013	25.8
XP_035736270.1	XP_001122571.3	25.333	75	47	2	132	206	257	322	0.017	25.4
XP_035736271.1	XP_001122571.3	25.333	75	47	2	98	172	257	322	0.014	25.8
XP_035736272.1	XP_001122571.3	25.676	74	46	2	93	166	257	321	0.014	25.8
XP_035736273.1	XP_001122571.3	25.333	75	47	2	72	146	257	322	0.015	25.4
XP_035736513.1	XP_026296025.1	26.923	78	55	1	228	305	129	204	0.010	25.8
XP_035736513.1	XP_026296028.1	26.923	78	55	1	228	305	117	192	0.010	25.8
XP_035736513.1	XP_026296027.1	26.923	78	55	1	228	305	117	192	0.010	25.8
XP_035736513.1	XP_026296026.1	26.923	78	55	1	228	305	117	192	0.010	25.8
XP_035736514.1	XP_026296025.1	26.923	78	55	1	228	305	129	204	0.010	25.8
XP_035736514.1	XP_026296028.1	26.923	78	55	1	228	305	117	192	0.010	25.8
XP_035736514.1	XP_026296027.1	26.923	78	55	1	228	305	117	192	0.010	25.8
XP_035736514.1	XP_026296026.1	26.923	78	55	1	228	305	117	192	0.010	25.8
XP_035736848.1	XP_016767396.2	25.641	39	29	0	128	166	459	497	0.029	26.2
XP_035736849.1	XP_016767396.2	25.641	39	29	0	128	166	459	497	0.028	26.2
XP_035736850.1	XP_016767396.2	25.641	39	29	0	115	153	459	497	0.029	26.2
XP_035736851.1	XP_016767396.2	25.641	39	29	0	128	166	459	497	0.025	25.8
XP_035736852.1	XP_016767396.2	25.641	39	29	0	128	166	459	497	0.024	26.2
XP_035736853.1	XP_016767396.2	25.641	39	29	0	128	166	459	497	0.024	25.8
XP_035737202.1	XP_016767396.2	24.528	53	34	1	14	66	408	454	0.008	24.3
XP_035737202.1	XP_001122546.4	24.528	53	34	1	14	66	408	454	0.008	24.3
XP_035737935.1	XP_001122546.4	28.125	32	23	0	214	245	10	41	0.048	23.9
XP_035737935.1	XP_016767396.2	28.125	32	23	0	214	245	10	41	0.049	23.9
XP_035738031.1	XP_001122546.4	58.824	17	7	0	3	19	189	205	0.042	24.3
XP_035738031.1	XP_016767396.2	58.824	17	7	0	3	19	189	205	0.044	24.3
XP_035738069.1	XP_016767396.2	28.889	90	61	2	1976	2064	248	335	0.015	28.5
XP_035738069.1	XP_001122546.4	28.889	90	61	2	1976	2064	248	335	0.015	28.5
XP_035738070.1	XP_016767396.2	28.889	90	61	2	1976	2064	248	335	0.013	28.9
XP_035738070.1	XP_001122546.4	28.889	90	61	2	1976	2064	248	335	0.013	28.9
XP_035738370.1	XP_001122546.4	30.435	69	41	2	354	422	300	361	0.006	27.7
XP_035738370.1	XP_016767396.2	30.882	68	40	2	355	422	301	361	0.007	27.7
XP_035738407.1	XP_016767396.2	25.000	64	40	1	294	349	29	92	0.047	23.9
XP_035738407.1	XP_001122546.4	25.000	64	40	1	294	349	29	92	0.049	23.9
XP_035738804.1	XP_026296028.1	24.026	154	90	5	318	467	75	205	0.003	28.9
XP_035738804.1	XP_026296027.1	24.026	154	90	5	318	467	75	205	0.003	28.9
XP_035738804.1	XP_026296026.1	24.026	154	90	5	318	467	75	205	0.003	28.9
XP_035738804.1	XP_026296025.1	24.026	154	90	5	318	467	87	217	0.003	28.9
XP_035738805.1	XP_026296028.1	24.026	154	90	5	318	467	75	205	0.003	28.9
XP_035738805.1	XP_026296027.1	24.026	154	90	5	318	467	75	205	0.003	28.9
XP_035738805.1	XP_026296026.1	24.026	154	90	5	318	467	75	205	0.003	28.9
XP_035738805.1	XP_026296025.1	24.026	154	90	5	318	467	87	217	0.003	28.9
XP_035738887.1	XP_016767396.2	26.042	96	63	2	254	349	570	657	0.016	27.3
XP_035738887.1	XP_016767396.2	26.471	68	46	2	741	808	50	113	0.032	26.6
XP_035738887.1	XP_001122546.4	26.042	96	63	2	254	349	550	637	0.017	27.3
XP_035738887.1	XP_001122546.4	26.471	68	46	2	741	808	50	113	0.032	26.6
XP_035738888.1	XP_016767396.2	26.042	96	63	2	37	132	570	657	0.013	27.3
XP_035738888.1	XP_016767396.2	26.471	68	46	2	524	591	50	113	0.025	26.6
XP_035738888.1	XP_001122546.4	26.042	96	63	2	37	132	550	637	0.015	27.3
XP_035738888.1	XP_001122546.4	26.471	68	46	2	524	591	50	113	0.026	26.6
XP_035739006.1	XP_001122546.4	20.353	624	410	24	859	1435	4	587	0.003	32.7
XP_035739018.1	XP_001122546.4	22.378	143	104	4	1053	1190	447	587	0.003	33.1
XP_035739018.1	XP_016767396.2	19.231	208	150	5	997	1190	404	607	0.029	29.6
XP_035739277.1	XP_016767396.2	27.711	83	45	2	207	274	12	94	0.047	25.4
XP_035739277.1	XP_001122546.4	27.711	83	45	2	207	274	12	94	0.047	25.4
XP_035739278.1	XP_016767396.2	27.711	83	45	2	207	274	12	94	0.047	25.4
XP_035739278.1	XP_001122546.4	27.711	83	45	2	207	274	12	94	0.047	25.4
XP_035739279.1	XP_016767396.2	27.711	83	45	2	207	274	12	94	0.047	25.4
XP_035739279.1	XP_001122546.4	27.711	83	45	2	207	274	12	94	0.047	25.4
XP_035739320.1	XP_026296028.1	40.000	20	12	0	163	182	163	182	0.032	25.0
XP_035739320.1	XP_026296027.1	40.000	20	12	0	163	182	163	182	0.032	25.0
XP_035739320.1	XP_026296026.1	40.000	20	12	0	163	182	163	182	0.032	25.0
XP_035739320.1	XP_026296025.1	40.000	20	12	0	163	182	175	194	0.036	24.6
XP_035739419.1	XP_016767396.2	39.286	28	17	0	300	327	278	305	0.019	26.6
XP_035739419.1	XP_001122546.4	39.286	28	17	0	300	327	278	305	0.019	26.6
XP_035739420.1	XP_016767396.2	39.286	28	17	0	300	327	278	305	0.019	26.6
XP_035739420.1	XP_001122546.4	39.286	28	17	0	300	327	278	305	0.019	26.6
XP_035739421.1	XP_016767396.2	39.286	28	17	0	300	327	278	305	0.019	26.6
XP_035739421.1	XP_001122546.4	39.286	28	17	0	300	327	278	305	0.019	26.6
XP_035739422.1	XP_016767396.2	39.286	28	17	0	300	327	278	305	0.019	26.6
XP_035739422.1	XP_001122546.4	39.286	28	17	0	300	327	278	305	0.019	26.6
XP_035739423.1	XP_016767396.2	39.286	28	17	0	299	326	278	305	0.019	26.6
XP_035739423.1	XP_001122546.4	39.286	28	17	0	299	326	278	305	0.020	26.6
XP_035739424.1	XP_016767396.2	39.286	28	17	0	299	326	278	305	0.019	26.6
XP_035739424.1	XP_001122546.4	39.286	28	17	0	299	326	278	305	0.020	26.6
XP_035739425.1	XP_016767396.2	39.286	28	17	0	300	327	278	305	0.018	26.6
XP_035739425.1	XP_001122546.4	39.286	28	17	0	300	327	278	305	0.019	26.6
XP_035739587.1	XP_026296025.1	25.424	59	31	2	5	50	155	213	0.014	25.0
XP_035739587.1	XP_026296028.1	23.077	117	67	5	5	107	143	250	0.014	25.0
XP_035739587.1	XP_026296027.1	23.077	117	67	5	5	107	143	250	0.014	25.0
XP_035739587.1	XP_026296026.1	23.077	117	67	5	5	107	143	250	0.014	25.0
XP_035739710.1	XP_016767396.2	32.990	97	54	5	719	807	551	644	0.046	26.2
XP_035739711.1	XP_016767396.2	32.990	97	54	5	719	807	551	644	0.045	26.2
XP_035739713.1	XP_016767396.2	33.750	80	45	4	719	793	551	627	0.045	25.8
XP_035739713.1	XP_001122546.4	33.750	80	45	4	719	793	531	607	0.050	25.8
XP_035739773.1	XP_016767396.2	42.857	21	12	0	405	425	163	183	0.023	26.2
XP_035739773.1	XP_001122546.4	42.857	21	12	0	405	425	163	183	0.024	26.2
XP_035739774.1	XP_016767396.2	42.857	21	12	0	405	425	163	183	0.023	26.2
XP_035739774.1	XP_001122546.4	42.857	21	12	0	405	425	163	183	0.024	26.2
XP_035739775.1	XP_016767396.2	42.857	21	12	0	405	425	163	183	0.023	26.2
XP_035739775.1	XP_001122546.4	42.857	21	12	0	405	425	163	183	0.024	26.2
XP_035739776.1	XP_016767396.2	42.857	21	12	0	405	425	163	183	0.023	26.2
XP_035739776.1	XP_001122546.4	42.857	21	12	0	405	425	163	183	0.024	26.2
XP_035739777.1	XP_016767396.2	42.857	21	12	0	405	425	163	183	0.023	26.2
XP_035739777.1	XP_001122546.4	42.857	21	12	0	405	425	163	183	0.024	26.2
XP_035739778.1	XP_016767396.2	42.857	21	12	0	405	425	163	183	0.023	26.2
XP_035739778.1	XP_001122546.4	42.857	21	12	0	405	425	163	183	0.024	26.2
XP_035739779.1	XP_016767396.2	42.857	21	12	0	405	425	163	183	0.023	26.2
XP_035739779.1	XP_001122546.4	42.857	21	12	0	405	425	163	183	0.024	26.2
XP_035739781.1	XP_016767396.2	42.857	21	12	0	405	425	163	183	0.023	26.2
XP_035739781.1	XP_001122546.4	42.857	21	12	0	405	425	163	183	0.024	26.2
XP_035739854.1	XP_016767396.2	42.308	26	15	0	598	623	501	526	0.038	25.4
XP_035739855.1	XP_016767396.2	42.308	26	15	0	598	623	501	526	0.038	25.4
XP_035739856.1	XP_016767396.2	42.308	26	15	0	598	623	501	526	0.038	25.4
XP_035739858.1	XP_016767396.2	42.308	26	15	0	562	587	501	526	0.038	25.4
XP_035739859.1	XP_016767396.2	42.308	26	15	0	531	556	501	526	0.041	25.0
XP_035740383.1	NP_001011607.1	53.333	15	7	0	116	130	56	70	0.029	23.5
XP_035740488.1	XP_001122571.3	38.710	31	18	1	134	164	322	351	0.037	22.7
XP_035740573.1	XP_016767396.2	25.926	54	40	0	320	373	358	411	0.024	25.8
XP_035740573.1	XP_001122546.4	25.926	54	40	0	320	373	358	411	0.028	25.8
XP_035741054.1	XP_016767396.2	30.189	53	37	0	417	469	51	103	0.009	28.1
XP_035741054.1	XP_001122546.4	30.189	53	37	0	417	469	51	103	0.010	27.7
XP_035741235.1	XP_001122546.4	52.000	25	12	0	139	163	478	502	0.039	23.9
XP_035741236.1	XP_001122546.4	52.000	25	12	0	139	163	478	502	0.039	23.9
XP_035741967.1	XP_001122546.4	29.688	64	36	2	117	178	342	398	0.014	26.9
XP_035741967.1	XP_016767396.2	29.688	64	36	2	117	178	342	398	0.016	26.6
XP_035741969.1	XP_001122546.4	29.688	64	36	2	117	178	342	398	0.012	26.9
XP_035741969.1	XP_016767396.2	29.688	64	36	2	117	178	342	398	0.014	26.9
XP_035742194.1	XP_016767396.2	29.032	62	32	2	20	70	573	633	0.035	23.9
XP_035742194.1	XP_001122546.4	29.032	62	32	2	20	70	553	613	0.036	23.9
XP_035742588.1	XP_001122546.4	41.935	31	18	0	393	423	643	673	0.031	25.4
XP_035742588.1	XP_016767396.2	41.935	31	18	0	393	423	663	693	0.033	25.4
XP_035742589.1	XP_001122546.4	41.935	31	18	0	393	423	643	673	0.031	25.4
XP_035742589.1	XP_016767396.2	41.935	31	18	0	393	423	663	693	0.033	25.4
XP_035742590.1	XP_001122546.4	41.935	31	18	0	393	423	643	673	0.031	25.4
XP_035742590.1	XP_016767396.2	41.935	31	18	0	393	423	663	693	0.033	25.4
XP_035742591.1	XP_001122546.4	41.935	31	18	0	393	423	643	673	0.031	25.4
XP_035742591.1	XP_016767396.2	41.935	31	18	0	393	423	663	693	0.033	25.4
XP_035742592.1	XP_001122546.4	41.935	31	18	0	393	423	643	673	0.031	25.4
XP_035742592.1	XP_016767396.2	41.935	31	18	0	393	423	663	693	0.033	25.4
XP_035742594.1	XP_001122546.4	41.935	31	18	0	393	423	643	673	0.031	25.4
XP_035742594.1	XP_016767396.2	41.935	31	18	0	393	423	663	693	0.033	25.4
XP_035742595.1	XP_001122546.4	41.935	31	18	0	393	423	643	673	0.031	25.4
XP_035742595.1	XP_016767396.2	41.935	31	18	0	393	423	663	693	0.033	25.4
XP_035742596.1	XP_001122546.4	41.935	31	18	0	393	423	643	673	0.031	25.4
XP_035742596.1	XP_016767396.2	41.935	31	18	0	393	423	663	693	0.033	25.4
XP_035742597.1	XP_001122546.4	41.935	31	18	0	393	423	643	673	0.030	25.4
XP_035742597.1	XP_016767396.2	41.935	31	18	0	393	423	663	693	0.030	25.4
XP_035743456.1	XP_016767396.2	24.026	154	93	4	360	489	141	294	0.025	25.8
XP_035743456.1	XP_001122546.4	24.026	154	93	4	360	489	141	294	0.032	25.4
XP_035743517.1	XP_016767396.2	26.087	138	93	4	277	405	50	187	0.005	29.3
XP_035743517.1	XP_001122546.4	26.087	138	93	4	277	405	50	187	0.005	29.3
XP_035743553.1	XP_001122546.4	34.286	35	23	0	131	165	238	272	0.016	24.3
XP_035743553.1	XP_016767396.2	34.286	35	23	0	131	165	238	272	0.016	24.3
XP_035743719.1	XP_016767396.2	24.444	90	58	3	181	267	348	430	0.020	25.8
XP_035743719.1	XP_001122546.4	24.444	90	58	3	181	267	348	430	0.024	25.8
XP_035743720.1	XP_016767396.2	24.444	90	58	3	181	267	348	430	0.021	25.8
XP_035743720.1	XP_001122546.4	24.444	90	58	3	181	267	348	430	0.025	25.4
XP_035743722.1	XP_016767396.2	25.000	96	62	3	181	273	348	436	0.010	26.9
XP_035743722.1	XP_001122546.4	25.000	96	62	3	181	273	348	436	0.012	26.6
XP_035743722.1	XP_001122546.4	18.788	165	116	6	189	342	439	596	0.032	25.4
XP_035743812.1	XP_026296028.1	42.105	19	11	0	197	215	3	21	0.047	23.9
XP_035743812.1	XP_026296027.1	42.105	19	11	0	197	215	3	21	0.047	23.9
XP_035743812.1	XP_026296026.1	42.105	19	11	0	197	215	3	21	0.047	23.9
XP_035743812.1	XP_026296025.1	42.105	19	11	0	197	215	15	33	0.049	23.9
XP_035744104.1	XP_016767396.2	25.773	97	63	3	159	252	604	694	1.86e-04	31.6
XP_035744104.1	XP_001122546.4	26.042	96	62	3	160	252	585	674	2.11e-04	31.6
XP_035744105.1	XP_016767396.2	26.042	96	62	3	154	246	605	694	2.15e-04	31.2
XP_035744105.1	XP_001122546.4	26.042	96	62	3	154	246	585	674	2.22e-04	31.2
XP_035744106.1	XP_016767396.2	25.773	97	63	3	147	240	604	694	1.92e-04	31.6
XP_035744106.1	XP_001122546.4	26.042	96	62	3	148	240	585	674	2.25e-04	31.2
XP_035744107.1	XP_016767396.2	26.042	96	62	3	121	213	605	694	1.96e-04	31.2
XP_035744107.1	XP_001122546.4	26.042	96	62	3	121	213	585	674	2.13e-04	31.2
XP_035744108.1	XP_016767396.2	26.042	96	62	3	121	213	605	694	1.96e-04	31.2
XP_035744108.1	XP_001122546.4	26.042	96	62	3	121	213	585	674	2.13e-04	31.2
XP_035744109.1	XP_016767396.2	26.042	96	62	3	121	213	605	694	1.96e-04	31.2
XP_035744109.1	XP_001122546.4	26.042	96	62	3	121	213	585	674	2.13e-04	31.2
XP_035744150.1	XP_016767396.2	24.427	131	82	4	43	169	475	592	0.034	25.0
XP_035744159.1	XP_016767396.2	23.077	39	30	0	138	176	631	669	0.027	23.5
XP_035744159.1	XP_001122546.4	23.077	39	30	0	138	176	611	649	0.028	23.5
XP_035744171.1	XP_001122546.4	52.632	19	9	0	14	32	718	736	0.036	25.8
XP_035744171.1	XP_016767396.2	52.632	19	9	0	14	32	738	756	0.037	25.8
XP_035744215.1	XP_001122546.4	57.143	21	9	0	28	48	526	546	0.004	28.1
XP_035744215.1	XP_016767396.2	57.143	21	9	0	28	48	546	566	0.004	28.1
XP_035744227.1	XP_001122571.3	25.714	105	61	4	6	100	245	342	0.036	23.9
XP_035744228.1	XP_001122571.3	25.714	105	61	4	6	100	245	342	0.036	23.9
XP_035744240.1	XP_001122546.4	27.184	103	64	5	28	124	578	675	0.013	24.3
XP_035744240.1	XP_016767396.2	27.184	103	64	5	28	124	598	695	0.015	24.3
